Supplemental results for CODEML (seqf: /gpfs/scratch/cltucker/EBH381-Group-Project/SIV_aligned_NEF.fas  treef: )


pairwise comparison (Goldman & Yang 1994)
seq seq        N       S       dN       dS     dN/dS   Paras.
  2   1    359.4    120.6   0.6062   0.7577   0.8000   1.9328 -1165.843
  3   1    356.7    123.3   0.4926   0.6157   0.8000   1.5725 -1137.598
  3   2    354.3    125.7   0.4620   0.5775   0.8000   1.4768 -1129.261
  4   1    357.5    122.5   0.4867   0.6084   0.8000   1.5533 -1128.183
  4   2    355.0    125.0   0.4553   0.5691   0.8000   1.4547 -1122.909
  4   3    352.4    127.6   0.2165   0.2706   0.8000   0.6927  -975.775
  5   1    356.8    123.2   0.4864   0.6080   0.8000   1.5529 -1128.857
  5   2    354.4    125.6   0.5042   0.6303   0.8000   1.6116 -1141.358
  5   3    351.7    128.3   0.1994   0.2493   0.8000   0.6382  -959.880
  5   4    352.4    127.6   0.1762   0.2202   0.8000   0.5637  -937.969
  6   1    356.8    123.2   0.4864   0.6080   0.8000   1.5529 -1128.857
  6   2    354.4    125.6   0.5042   0.6303   0.8000   1.6116 -1141.358
  6   3    351.7    128.3   0.1994   0.2493   0.8000   0.6382  -959.880
  6   4    352.4    127.6   0.1762   0.2202   0.8000   0.5637  -937.969
  6   5    351.8    128.2   0.0000   0.0000   0.8000   0.0000  -652.070
  7   1    357.3    122.7   0.5010   0.6263   0.8000   1.5991 -1135.070
  7   2    354.9    125.1   0.4625   0.5781   0.8000   1.4778 -1127.693
  7   3    352.2    127.8   0.1993   0.2492   0.8000   0.6379  -961.277
  7   4    352.9    127.1   0.1733   0.2166   0.8000   0.5542  -935.048
  7   5    352.2    127.8   0.0559   0.0699   0.8000   0.1789  -776.002
  7   6    352.2    127.8   0.0559   0.0699   0.8000   0.1789  -776.002
  8   1    357.3    122.7   0.5010   0.6263   0.8000   1.5991 -1135.070
  8   2    354.9    125.1   0.4625   0.5781   0.8000   1.4778 -1127.693
  8   3    352.2    127.8   0.1993   0.2492   0.8000   0.6379  -961.277
  8   4    352.9    127.1   0.1733   0.2166   0.8000   0.5542  -935.048
  8   5    352.2    127.8   0.0559   0.0699   0.8000   0.1789  -776.002
  8   6    352.2    127.8   0.0559   0.0699   0.8000   0.1789  -776.002
  8   7    352.7    127.3   0.0000   0.0000   0.8000   0.0000  -650.549
  9   1    357.4    122.6   0.4884   0.6105   0.8000   1.5587 -1129.650
  9   2    355.0    125.0   0.4798   0.5998   0.8000   1.5332 -1134.989
  9   3    352.3    127.7   0.1759   0.2199   0.8000   0.5628  -939.176
  9   4    353.1    126.9   0.2041   0.2552   0.8000   0.6529  -963.648
  9   5    352.4    127.6   0.1084   0.1355   0.8000   0.3467  -853.882
  9   6    352.4    127.6   0.1084   0.1355   0.8000   0.3467  -853.882
  9   7    352.9    127.1   0.0987   0.1234   0.8000   0.3158  -839.034
  9   8    352.9    127.1   0.0987   0.1234   0.8000   0.3158  -839.034
 10   1    357.9    122.1   0.4973   0.6216   0.8000   1.5867 -1132.192
 10   2    355.4    124.6   0.5104   0.6380   0.8000   1.6305 -1141.607
 10   3    352.8    127.2   0.2073   0.2591   0.8000   0.6629  -964.600
 10   4    353.5    126.5   0.1947   0.2434   0.8000   0.6227  -954.117
 10   5    352.9    127.1   0.0915   0.1144   0.8000   0.2927  -831.170
 10   6    352.9    127.1   0.0915   0.1144   0.8000   0.2927  -831.170
 10   7    353.3    126.7   0.0956   0.1195   0.8000   0.3058  -833.390
 10   8    353.3    126.7   0.0956   0.1195   0.8000   0.3058  -833.390
 10   9    353.5    126.5   0.0895   0.1118   0.8000   0.2861  -827.792
 11   1    357.9    122.1   0.4973   0.6216   0.8000   1.5867 -1132.192
 11   2    355.4    124.6   0.5104   0.6380   0.8000   1.6305 -1141.607
 11   3    352.8    127.2   0.2073   0.2591   0.8000   0.6629  -964.600
 11   4    353.5    126.5   0.1947   0.2434   0.8000   0.6227  -954.117
 11   5    352.9    127.1   0.0915   0.1144   0.8000   0.2927  -831.170
 11   6    352.9    127.1   0.0915   0.1144   0.8000   0.2927  -831.170
 11   7    353.3    126.7   0.0956   0.1195   0.8000   0.3058  -833.390
 11   8    353.3    126.7   0.0956   0.1195   0.8000   0.3058  -833.390
 11   9    353.5    126.5   0.0895   0.1118   0.8000   0.2861  -827.792
 11  10    354.0    126.0   0.0000   0.0000   0.8000   0.0000  -650.432
 12   1    359.5    120.5   0.5849   0.7311   0.8000   1.8647 -1161.391
 12   2    357.2    122.8   0.5844   0.7305   0.8000   1.8654 -1165.590
 12   3    354.6    125.4   0.5695   0.7119   0.8000   1.8200 -1170.344
 12   4    355.3    124.7   0.5607   0.7009   0.8000   1.7913 -1166.534
 12   5    354.7    125.3   0.5606   0.7007   0.8000   1.7915 -1165.749
 12   6    354.7    125.3   0.5606   0.7007   0.8000   1.7915 -1165.749
 12   7    355.1    124.9   0.5464   0.6830   0.8000   1.7458 -1161.826
 12   8    355.1    124.9   0.5464   0.6830   0.8000   1.7458 -1161.826
 12   9    355.3    124.7   0.5269   0.6586   0.8000   1.6834 -1156.443
 12  10    355.8    124.2   0.5471   0.6838   0.8000   1.7474 -1161.274
 12  11    355.8    124.2   0.5471   0.6838   0.8000   1.7474 -1161.274
 13   1    359.3    120.7   0.6707   0.8384   0.8000   2.1387 -1183.826
 13   2    356.9    123.1   0.6587   0.8234   0.8000   2.1028 -1185.882
 13   3    354.3    125.7   0.6155   0.7694   0.8000   1.9674 -1182.681
 13   4    355.0    125.0   0.5930   0.7413   0.8000   1.8949 -1174.346
 13   5    354.3    125.7   0.5604   0.7005   0.8000   1.7912 -1166.212
 13   6    354.3    125.7   0.5604   0.7005   0.8000   1.7912 -1166.212
 13   7    354.8    125.2   0.5667   0.7084   0.8000   1.8111 -1166.680
 13   8    354.8    125.2   0.5667   0.7084   0.8000   1.8111 -1166.680
 13   9    354.9    125.1   0.6189   0.7737   0.8000   1.9777 -1180.697
 13  10    355.4    124.6   0.6116   0.7645   0.8000   1.9539 -1175.989
 13  11    355.4    124.6   0.6116   0.7645   0.8000   1.9539 -1175.989
 13  12    357.1    122.9   0.4878   0.6098   0.8000   1.5571 -1132.965
 14   1    359.2    120.8   0.6193   0.7741   0.8000   1.9747 -1173.332
 14   2    356.8    123.2   0.6516   0.8145   0.8000   2.0802 -1184.914
 14   3    354.1    125.9   0.6046   0.7558   0.8000   1.9328 -1181.023
 14   4    354.8    125.2   0.5955   0.7443   0.8000   1.9029 -1175.520
 14   5    354.2    125.8   0.5688   0.7111   0.8000   1.8184 -1167.485
 14   6    354.2    125.8   0.5688   0.7111   0.8000   1.8184 -1167.485
 14   7    354.7    125.3   0.5598   0.6997   0.8000   1.7890 -1164.996
 14   8    354.7    125.3   0.5598   0.6997   0.8000   1.7890 -1164.996
 14   9    354.8    125.2   0.6060   0.7575   0.8000   1.9366 -1177.806
 14  10    355.2    124.8   0.5897   0.7372   0.8000   1.8842 -1170.670
 14  11    355.2    124.8   0.5897   0.7372   0.8000   1.8842 -1170.670
 14  12    357.0    123.0   0.4744   0.5930   0.8000   1.5144 -1128.632
 14  13    356.7    123.3   0.0300   0.0375   0.8000   0.0959  -726.199
 15   1    359.4    120.6   0.6631   0.8288   0.8000   2.1142 -1182.663
 15   2    357.0    123.0   0.6540   0.8175   0.8000   2.0877 -1185.754
 15   3    354.3    125.7   0.6196   0.7746   0.8000   1.9806 -1185.557
 15   4    355.1    124.9   0.5790   0.7238   0.8000   1.8501 -1172.793
 15   5    354.4    125.6   0.5744   0.7180   0.8000   1.8359 -1170.461
 15   6    354.4    125.6   0.5744   0.7180   0.8000   1.8359 -1170.461
 15   7    354.9    125.1   0.5561   0.6952   0.8000   1.7771 -1165.390
 15   8    354.9    125.1   0.5561   0.6952   0.8000   1.7771 -1165.390
 15   9    355.0    125.0   0.5987   0.7484   0.8000   1.9131 -1177.416
 15  10    355.5    124.5   0.6003   0.7504   0.8000   1.9178 -1174.478
 15  11    355.5    124.5   0.6003   0.7504   0.8000   1.9178 -1174.478
 15  12    357.2    122.8   0.4757   0.5946   0.8000   1.5183 -1131.064
 15  13    356.9    123.1   0.0300   0.0375   0.8000   0.0957  -724.908
 15  14    356.8    123.2   0.0198   0.0248   0.8000   0.0633  -705.620
 16   1    359.2    120.8   0.6578   0.8223   0.8000   2.0975 -1182.048
 16   2    356.9    123.1   0.6586   0.8232   0.8000   2.1025 -1186.849
 16   3    354.2    125.8   0.6241   0.7801   0.8000   1.9949 -1186.620
 16   4    354.9    125.1   0.5832   0.7291   0.8000   1.8637 -1173.959
 16   5    354.2    125.8   0.5699   0.7124   0.8000   1.8218 -1169.555
 16   6    354.2    125.8   0.5699   0.7124   0.8000   1.8218 -1169.555
 16   7    354.7    125.3   0.5603   0.7004   0.8000   1.7906 -1166.653
 16   8    354.7    125.3   0.5603   0.7004   0.8000   1.7906 -1166.653
 16   9    354.9    125.1   0.6030   0.7538   0.8000   1.9270 -1178.550
 16  10    355.3    124.7   0.5957   0.7447   0.8000   1.9033 -1173.620
 16  11    355.3    124.7   0.5957   0.7447   0.8000   1.9033 -1173.620
 16  12    357.1    122.9   0.4795   0.5993   0.8000   1.5305 -1132.321
 16  13    356.8    123.2   0.0280   0.0349   0.8000   0.0893  -720.892
 16  14    356.7    123.3   0.0178   0.0223   0.8000   0.0569  -701.187
 16  15    356.9    123.1   0.0020   0.0024   0.8000   0.0062  -655.111
 17   1    359.2    120.8   0.6578   0.8223   0.8000   2.0975 -1182.048
 17   2    356.9    123.1   0.6586   0.8232   0.8000   2.1025 -1186.849
 17   3    354.2    125.8   0.6241   0.7801   0.8000   1.9949 -1186.620
 17   4    354.9    125.1   0.5832   0.7291   0.8000   1.8637 -1173.959
 17   5    354.2    125.8   0.5699   0.7124   0.8000   1.8218 -1169.555
 17   6    354.2    125.8   0.5699   0.7124   0.8000   1.8218 -1169.555
 17   7    354.7    125.3   0.5603   0.7004   0.8000   1.7906 -1166.653
 17   8    354.7    125.3   0.5603   0.7004   0.8000   1.7906 -1166.653
 17   9    354.9    125.1   0.6030   0.7538   0.8000   1.9270 -1178.550
 17  10    355.3    124.7   0.5957   0.7447   0.8000   1.9033 -1173.620
 17  11    355.3    124.7   0.5957   0.7447   0.8000   1.9033 -1173.620
 17  12    357.1    122.9   0.4795   0.5993   0.8000   1.5305 -1132.321
 17  13    356.8    123.2   0.0280   0.0349   0.8000   0.0893  -720.892
 17  14    356.7    123.3   0.0178   0.0223   0.8000   0.0569  -701.187
 17  15    356.9    123.1   0.0020   0.0024   0.8000   0.0062  -655.111
 17  16    356.7    123.3   0.0000   0.0000   0.8000   0.0000  -647.421
 18   1    357.6    122.4   0.5799   0.7249   0.8000   1.8507 -1159.920
 18   2    355.2    124.8   0.6612   0.8265   0.8000   2.1125 -1183.662
 18   3    352.5    127.5   0.6183   0.7728   0.8000   1.9780 -1183.152
 18   4    353.2    126.8   0.6269   0.7836   0.8000   2.0048 -1183.516
 18   5    352.5    127.5   0.5809   0.7261   0.8000   1.8583 -1172.154
 18   6    352.5    127.5   0.5809   0.7261   0.8000   1.8583 -1172.154
 18   7    353.0    127.0   0.5798   0.7248   0.8000   1.8545 -1168.538
 18   8    353.0    127.0   0.5798   0.7248   0.8000   1.8545 -1168.538
 18   9    353.2    126.8   0.6237   0.7797   0.8000   1.9948 -1181.196
 18  10    353.6    126.4   0.6011   0.7514   0.8000   1.9221 -1174.500
 18  11    353.6    126.4   0.6011   0.7514   0.8000   1.9221 -1174.500
 18  12    355.4    124.6   0.5098   0.6373   0.8000   1.6287 -1142.501
 18  13    355.1    124.9   0.2963   0.3704   0.8000   0.9467 -1032.976
 18  14    355.0    125.0   0.2893   0.3617   0.8000   0.9246 -1028.367
 18  15    355.2    124.8   0.2984   0.3730   0.8000   0.9535 -1034.384
 18  16    355.0    125.0   0.2955   0.3693   0.8000   0.9441 -1032.966
 18  17    355.0    125.0   0.2955   0.3693   0.8000   0.9441 -1032.966
 19   1    359.6    120.4   0.6592   0.8240   0.8000   2.1017 -1174.647
 19   2    357.2    122.8   0.7186   0.8983   0.8000   2.2938 -1194.415
 19   3    354.6    125.4   0.6923   0.8654   0.8000   2.2125 -1197.207
 19   4    355.3    124.7   0.6620   0.8275   0.8000   2.1149 -1188.175
 19   5    354.6    125.4   0.6404   0.8005   0.8000   2.0465 -1184.618
 19   6    354.6    125.4   0.6404   0.8005   0.8000   2.0465 -1184.618
 19   7    355.1    124.9   0.6290   0.7862   0.8000   2.0097 -1179.965
 19   8    355.1    124.9   0.6290   0.7862   0.8000   2.0097 -1179.965
 19   9    355.3    124.7   0.6730   0.8413   0.8000   2.1503 -1189.601
 19  10    355.8    124.2   0.6411   0.8013   0.8000   2.0476 -1181.693
 19  11    355.8    124.2   0.6411   0.8013   0.8000   2.0476 -1181.693
 19  12    357.5    122.5   0.5354   0.6693   0.8000   1.7088 -1145.955
 19  13    357.1    122.9   0.2791   0.3488   0.8000   0.8907 -1018.252
 19  14    357.0    123.0   0.2933   0.3666   0.8000   0.9363 -1027.876
 19  15    357.2    122.8   0.2906   0.3632   0.8000   0.9275 -1026.687
 19  16    357.1    122.9   0.2876   0.3596   0.8000   0.9182 -1025.248
 19  17    357.1    122.9   0.2876   0.3596   0.8000   0.9182 -1025.248
 19  18    355.4    124.6   0.1822   0.2278   0.8000   0.5822  -934.325
 20   1    359.5    120.5   0.5924   0.7405   0.8000   1.8887 -1164.792
 20   2    357.1    122.9   0.6513   0.8141   0.8000   2.0790 -1185.597
 20   3    354.5    125.5   0.5180   0.6475   0.8000   1.6556 -1148.863
 20   4    355.2    124.8   0.5436   0.6795   0.8000   1.7367 -1156.233
 20   5    354.6    125.4   0.5400   0.6750   0.8000   1.7258 -1154.042
 20   6    354.6    125.4   0.5400   0.6750   0.8000   1.7258 -1154.042
 20   7    355.0    125.0   0.5431   0.6788   0.8000   1.7353 -1154.951
 20   8    355.0    125.0   0.5431   0.6788   0.8000   1.7353 -1154.951
 20   9    355.2    124.8   0.5524   0.6904   0.8000   1.7648 -1157.197
 20  10    355.6    124.4   0.5421   0.6777   0.8000   1.7317 -1152.956
 20  11    355.6    124.4   0.5421   0.6777   0.8000   1.7317 -1152.956
 20  12    357.4    122.6   0.5083   0.6354   0.8000   1.6224 -1136.521
 20  13    357.1    122.9   0.5472   0.6840   0.8000   1.7467 -1152.382
 20  14    356.9    123.1   0.5325   0.6656   0.8000   1.6999 -1146.764
 20  15    357.1    122.9   0.5356   0.6695   0.8000   1.7097 -1149.550
 20  16    357.0    123.0   0.5397   0.6747   0.8000   1.7229 -1150.807
 20  17    357.0    123.0   0.5397   0.6747   0.8000   1.7229 -1150.807
 20  18    355.4    124.6   0.4767   0.5959   0.8000   1.5229 -1131.841
 20  19    357.4    122.6   0.5733   0.7166   0.8000   1.8297 -1159.266
 21   1    359.6    120.4   0.5843   0.7304   0.8000   1.8629 -1160.218
 21   2    357.3    122.7   0.5365   0.6707   0.8000   1.7125 -1149.731
 21   3    354.5    125.5   0.5405   0.6756   0.8000   1.7273 -1160.009
 21   4    355.3    124.7   0.5657   0.7071   0.8000   1.8072 -1166.981
 21   5    354.6    125.4   0.6030   0.7538   0.8000   1.9273 -1173.671
 21   6    354.6    125.4   0.6030   0.7538   0.8000   1.9273 -1173.671
 21   7    355.1    124.9   0.5857   0.7322   0.8000   1.8715 -1168.980
 21   8    355.1    124.9   0.5857   0.7322   0.8000   1.8715 -1168.980
 21   9    355.3    124.7   0.5816   0.7269   0.8000   1.8580 -1171.015
 21  10    355.7    124.3   0.5675   0.7094   0.8000   1.8128 -1164.980
 21  11    355.7    124.3   0.5675   0.7094   0.8000   1.8128 -1164.980
 21  12    357.4    122.6   0.5737   0.7171   0.8000   1.8310 -1161.201
 21  13    357.2    122.8   0.5721   0.7152   0.8000   1.8262 -1158.528
 21  14    357.1    122.9   0.5620   0.7025   0.8000   1.7940 -1157.202
 21  15    357.3    122.7   0.5570   0.6963   0.8000   1.7778 -1155.166
 21  16    357.1    122.9   0.5611   0.7014   0.8000   1.7910 -1156.448
 21  17    357.1    122.9   0.5611   0.7014   0.8000   1.7910 -1156.448
 21  18    355.5    124.5   0.5148   0.6434   0.8000   1.6444 -1141.278
 21  19    357.4    122.6   0.5569   0.6961   0.8000   1.7772 -1148.632
 21  20    357.4    122.6   0.4242   0.5303   0.8000   1.3539 -1108.793
 22   1    358.6    121.4   0.6592   0.8240   0.8000   2.1027 -1180.895
 22   2    356.2    123.8   0.5773   0.7216   0.8000   1.8436 -1163.919
 22   3    353.5    126.5   0.5933   0.7416   0.8000   1.8972 -1173.374
 22   4    354.2    125.8   0.5388   0.6735   0.8000   1.7222 -1153.703
 22   5    353.5    126.5   0.5227   0.6534   0.8000   1.6715 -1144.271
 22   6    353.5    126.5   0.5227   0.6534   0.8000   1.6715 -1144.271
 22   7    354.0    126.0   0.5452   0.6815   0.8000   1.7429 -1151.975
 22   8    354.0    126.0   0.5452   0.6815   0.8000   1.7429 -1151.975
 22   9    354.2    125.8   0.5679   0.7098   0.8000   1.8152 -1161.050
 22  10    354.6    125.4   0.5324   0.6655   0.8000   1.7014 -1148.648
 22  11    354.6    125.4   0.5324   0.6655   0.8000   1.7014 -1148.648
 22  12    356.4    123.6   0.5764   0.7205   0.8000   1.8404 -1162.014
 22  13    356.1    123.9   0.5099   0.6374   0.8000   1.6286 -1139.647
 22  14    356.0    124.0   0.4712   0.5890   0.8000   1.5050 -1126.947
 22  15    356.2    123.8   0.4923   0.6153   0.8000   1.5720 -1135.443
 22  16    356.1    123.9   0.4961   0.6201   0.8000   1.5843 -1136.789
 22  17    356.1    123.9   0.4961   0.6201   0.8000   1.5843 -1136.789
 22  18    354.3    125.7   0.4551   0.5689   0.8000   1.4548 -1120.059
 22  19    356.4    123.6   0.4991   0.6239   0.8000   1.5937 -1135.817
 22  20    356.4    123.6   0.3912   0.4890   0.8000   1.2491 -1094.451
 22  21    356.5    123.5   0.3703   0.4629   0.8000   1.1824 -1079.687
 23   1    358.4    121.6   0.6620   0.8275   0.8000   2.1118 -1181.778
 23   2    356.0    124.0   0.5769   0.7211   0.8000   1.8426 -1164.328
 23   3    353.3    126.7   0.6020   0.7526   0.8000   1.9254 -1176.338
 23   4    354.0    126.0   0.5424   0.6780   0.8000   1.7339 -1155.070
 23   5    353.3    126.7   0.5221   0.6526   0.8000   1.6696 -1144.898
 23   6    353.3    126.7   0.5221   0.6526   0.8000   1.6696 -1144.898
 23   7    353.8    126.2   0.5446   0.6807   0.8000   1.7412 -1152.145
 23   8    353.8    126.2   0.5446   0.6807   0.8000   1.7412 -1152.145
 23   9    354.0    126.0   0.5674   0.7093   0.8000   1.8140 -1161.324
 23  10    354.4    125.6   0.5316   0.6645   0.8000   1.6991 -1149.108
 23  11    354.4    125.6   0.5316   0.6645   0.8000   1.6991 -1149.108
 23  12    356.2    123.8   0.5883   0.7354   0.8000   1.8788 -1165.577
 23  13    355.9    124.1   0.5204   0.6505   0.8000   1.6621 -1142.637
 23  14    355.8    124.2   0.4856   0.6070   0.8000   1.5511 -1131.986
 23  15    356.0    124.0   0.5028   0.6285   0.8000   1.6058 -1138.745
 23  16    355.8    124.2   0.5066   0.6333   0.8000   1.6182 -1140.089
 23  17    355.8    124.2   0.5066   0.6333   0.8000   1.6182 -1140.089
 23  18    354.0    126.0   0.4537   0.5671   0.8000   1.4503 -1119.437
 23  19    356.1    123.9   0.4963   0.6203   0.8000   1.5849 -1134.802
 23  20    356.1    123.9   0.3974   0.4967   0.8000   1.2690 -1096.805
 23  21    356.3    123.7   0.3801   0.4751   0.8000   1.2138 -1084.457
 23  22    355.1    124.9   0.0120   0.0150   0.8000   0.0384  -682.841
 24   1    356.9    123.1   0.6329   0.7912   0.8000   2.0205 -1179.872
 24   2    354.5    125.5   0.5892   0.7365   0.8000   1.8833 -1168.324
 24   3    351.9    128.1   0.5681   0.7101   0.8000   1.8181 -1172.984
 24   4    352.6    127.4   0.5530   0.6912   0.8000   1.7690 -1162.429
 24   5    351.9    128.1   0.5323   0.6654   0.8000   1.7035 -1154.031
 24   6    351.9    128.1   0.5323   0.6654   0.8000   1.7035 -1154.031
 24   7    352.4    127.6   0.5222   0.6528   0.8000   1.6708 -1152.224
 24   8    352.4    127.6   0.5222   0.6528   0.8000   1.6708 -1152.224
 24   9    352.5    127.5   0.5547   0.6933   0.8000   1.7744 -1162.060
 24  10    353.0    127.0   0.5399   0.6749   0.8000   1.7269 -1154.679
 24  11    353.0    127.0   0.5399   0.6749   0.8000   1.7269 -1154.679
 24  12    354.8    125.2   0.5560   0.6949   0.8000   1.7766 -1162.698
 24  13    354.4    125.6   0.5387   0.6733   0.8000   1.7217 -1154.490
 24  14    354.3    125.7   0.4986   0.6233   0.8000   1.5937 -1142.111
 24  15    354.5    125.5   0.5161   0.6451   0.8000   1.6494 -1148.616
 24  16    354.4    125.6   0.5200   0.6500   0.8000   1.6620 -1149.937
 24  17    354.4    125.6   0.5200   0.6500   0.8000   1.6620 -1149.937
 24  18    352.7    127.3   0.4695   0.5869   0.8000   1.5019 -1130.668
 24  19    354.8    125.2   0.5430   0.6787   0.8000   1.7351 -1153.067
 24  20    354.7    125.3   0.4169   0.5211   0.8000   1.3322 -1108.232
 24  21    354.7    125.3   0.3560   0.4450   0.8000   1.1376 -1079.223
 24  22    353.7    126.3   0.2298   0.2873   0.8000   0.7349  -983.180
 24  23    353.4    126.6   0.2293   0.2866   0.8000   0.7331  -982.706
 25   1    358.6    121.4   0.6280   0.7850   0.8000   2.0031 -1174.308
 25   2    356.2    123.8   0.5876   0.7345   0.8000   1.8766 -1167.301
 25   3    353.5    126.5   0.5934   0.7418   0.8000   1.8975 -1174.672
 25   4    354.3    125.7   0.5992   0.7490   0.8000   1.9152 -1170.569
 25   5    353.6    126.4   0.5583   0.6979   0.8000   1.7852 -1155.322
 25   6    353.6    126.4   0.5583   0.6979   0.8000   1.7852 -1155.322
 25   7    354.0    126.0   0.5652   0.7065   0.8000   1.8068 -1158.337
 25   8    354.0    126.0   0.5652   0.7065   0.8000   1.8068 -1158.337
 25   9    354.2    125.8   0.5617   0.7021   0.8000   1.7955 -1160.242
 25  10    354.7    125.3   0.5385   0.6731   0.8000   1.7208 -1150.955
 25  11    354.7    125.3   0.5385   0.6731   0.8000   1.7208 -1150.955
 25  12    356.5    123.5   0.5690   0.7112   0.8000   1.8168 -1156.812
 25  13    356.1    123.9   0.5721   0.7151   0.8000   1.8269 -1158.012
 25  14    356.0    124.0   0.5555   0.6944   0.8000   1.7741 -1152.931
 25  15    356.2    123.8   0.5614   0.7018   0.8000   1.7928 -1155.893
 25  16    356.1    123.9   0.5655   0.7069   0.8000   1.8061 -1157.164
 25  17    356.1    123.9   0.5655   0.7069   0.8000   1.8061 -1157.164
 25  18    354.3    125.7   0.5074   0.6343   0.8000   1.6219 -1137.102
 25  19    356.4    123.6   0.5571   0.6964   0.8000   1.7789 -1151.749
 25  20    356.4    123.6   0.4091   0.5113   0.8000   1.3062 -1098.154
 25  21    356.5    123.5   0.3941   0.4926   0.8000   1.2584 -1092.704
 25  22    355.3    124.7   0.2609   0.3261   0.8000   0.8334  -999.960
 25  23    355.1    124.9   0.2573   0.3216   0.8000   0.8221  -996.955
 25  24    353.7    126.3   0.1542   0.1928   0.8000   0.4931  -908.267
 26   1    360.1    119.9   0.6802   0.8503   0.8000   2.1682 -1183.569
 26   2    357.7    122.3   0.6249   0.7811   0.8000   1.9941 -1174.450
 26   3    355.0    125.0   0.6028   0.7535   0.8000   1.9262 -1176.285
 26   4    355.8    124.2   0.5955   0.7443   0.8000   1.9020 -1168.020
 26   5    355.0    125.0   0.5938   0.7423   0.8000   1.8974 -1164.488
 26   6    355.0    125.0   0.5938   0.7423   0.8000   1.8974 -1164.488
 26   7    355.6    124.4   0.6031   0.7538   0.8000   1.9264 -1167.483
 26   8    355.6    124.4   0.6031   0.7538   0.8000   1.9264 -1167.483
 26   9    355.7    124.3   0.6068   0.7585   0.8000   1.9383 -1170.731
 26  10    356.1    123.9   0.6107   0.7634   0.8000   1.9504 -1170.572
 26  11    356.1    123.9   0.6107   0.7634   0.8000   1.9504 -1170.572
 26  12    357.8    122.2   0.6003   0.7504   0.8000   1.9156 -1170.599
 26  13    357.6    122.4   0.6074   0.7593   0.8000   1.9384 -1170.038
 26  14    357.5    122.5   0.5957   0.7446   0.8000   1.9012 -1168.584
 26  15    357.7    122.3   0.6092   0.7615   0.8000   1.9439 -1170.756
 26  16    357.6    122.4   0.6135   0.7669   0.8000   1.9578 -1171.949
 26  17    357.6    122.4   0.6135   0.7669   0.8000   1.9578 -1171.949
 26  18    355.9    124.1   0.5571   0.6963   0.8000   1.7792 -1153.972
 26  19    357.9    122.1   0.5662   0.7078   0.8000   1.8068 -1152.396
 26  20    357.8    122.2   0.4190   0.5238   0.8000   1.3372 -1108.235
 26  21    358.0    122.0   0.3574   0.4467   0.8000   1.1402 -1073.005
 26  22    356.9    123.1   0.3320   0.4150   0.8000   1.0599 -1056.756
 26  23    356.7    123.3   0.3383   0.4229   0.8000   1.0800 -1060.183
 26  24    355.2    124.8   0.3830   0.4787   0.8000   1.2237 -1088.748
 26  25    356.9    123.1   0.4049   0.5061   0.8000   1.2925 -1094.370
 27   1    360.1    119.9   0.6802   0.8503   0.8000   2.1682 -1183.569
 27   2    357.7    122.3   0.6249   0.7811   0.8000   1.9941 -1174.450
 27   3    355.0    125.0   0.6028   0.7535   0.8000   1.9262 -1176.285
 27   4    355.8    124.2   0.5955   0.7443   0.8000   1.9020 -1168.020
 27   5    355.0    125.0   0.5938   0.7423   0.8000   1.8974 -1164.488
 27   6    355.0    125.0   0.5938   0.7423   0.8000   1.8974 -1164.488
 27   7    355.6    124.4   0.6031   0.7538   0.8000   1.9264 -1167.483
 27   8    355.6    124.4   0.6031   0.7538   0.8000   1.9264 -1167.483
 27   9    355.7    124.3   0.6068   0.7585   0.8000   1.9383 -1170.731
 27  10    356.1    123.9   0.6107   0.7634   0.8000   1.9504 -1170.572
 27  11    356.1    123.9   0.6107   0.7634   0.8000   1.9504 -1170.572
 27  12    357.8    122.2   0.6003   0.7504   0.8000   1.9156 -1170.599
 27  13    357.6    122.4   0.6074   0.7593   0.8000   1.9384 -1170.038
 27  14    357.5    122.5   0.5957   0.7446   0.8000   1.9012 -1168.584
 27  15    357.7    122.3   0.6092   0.7615   0.8000   1.9439 -1170.756
 27  16    357.6    122.4   0.6135   0.7669   0.8000   1.9578 -1171.949
 27  17    357.6    122.4   0.6135   0.7669   0.8000   1.9578 -1171.949
 27  18    355.9    124.1   0.5571   0.6963   0.8000   1.7792 -1153.972
 27  19    357.9    122.1   0.5662   0.7078   0.8000   1.8068 -1152.396
 27  20    357.8    122.2   0.4190   0.5238   0.8000   1.3372 -1108.235
 27  21    358.0    122.0   0.3574   0.4467   0.8000   1.1402 -1073.005
 27  22    356.9    123.1   0.3320   0.4150   0.8000   1.0599 -1056.756
 27  23    356.7    123.3   0.3383   0.4229   0.8000   1.0800 -1060.183
 27  24    355.2    124.8   0.3830   0.4787   0.8000   1.2237 -1088.748
 27  25    356.9    123.1   0.4049   0.5061   0.8000   1.2925 -1094.370
 27  26    358.5    121.5   0.0000   0.0000   0.8000   0.0000  -645.140
 28   1    358.9    121.1   0.5935   0.7418   0.8000   1.8926 -1169.426
 28   2    356.6    123.4   0.6254   0.7818   0.8000   1.9968 -1176.758
 28   3    353.9    126.1   0.5716   0.7144   0.8000   1.8273 -1170.225
 28   4    354.7    125.3   0.5254   0.6567   0.8000   1.6790 -1152.357
 28   5    354.0    126.0   0.5225   0.6531   0.8000   1.6703 -1149.981
 28   6    354.0    126.0   0.5225   0.6531   0.8000   1.6703 -1149.981
 28   7    354.5    125.5   0.5447   0.6808   0.8000   1.7408 -1157.369
 28   8    354.5    125.5   0.5447   0.6808   0.8000   1.7408 -1157.369
 28   9    354.6    125.4   0.5534   0.6918   0.8000   1.7688 -1161.574
 28  10    355.1    124.9   0.5325   0.6657   0.8000   1.7015 -1154.711
 28  11    355.1    124.9   0.5325   0.6657   0.8000   1.7015 -1154.711
 28  12    356.8    123.2   0.5401   0.6752   0.8000   1.7244 -1158.251
 28  13    356.5    123.5   0.5925   0.7406   0.8000   1.8918 -1167.219
 28  14    356.4    123.6   0.5739   0.7174   0.8000   1.8326 -1161.580
 28  15    356.6    123.4   0.5773   0.7217   0.8000   1.8434 -1163.516
 28  16    356.5    123.5   0.5729   0.7162   0.8000   1.8294 -1162.728
 28  17    356.5    123.5   0.5729   0.7162   0.8000   1.8294 -1162.728
 28  18    354.8    125.2   0.5604   0.7005   0.8000   1.7909 -1162.214
 28  19    356.8    123.2   0.5883   0.7353   0.8000   1.8780 -1165.892
 28  20    356.7    123.3   0.3705   0.4631   0.8000   1.1829 -1084.617
 28  21    356.8    123.2   0.3813   0.4766   0.8000   1.2172 -1088.898
 28  22    355.8    124.2   0.3906   0.4883   0.8000   1.2476 -1089.465
 28  23    355.6    124.4   0.3937   0.4921   0.8000   1.2576 -1090.711
 28  24    354.1    125.9   0.4148   0.5184   0.8000   1.3259 -1107.002
 28  25    355.8    124.2   0.3459   0.4324   0.8000   1.1049 -1066.799
 28  26    357.3    122.7   0.3940   0.4925   0.8000   1.2574 -1089.206
 28  27    357.3    122.7   0.3940   0.4925   0.8000   1.2574 -1089.206
 29   1    357.9    122.1   0.6423   0.8029   0.8000   2.0495 -1182.510
 29   2    355.5    124.5   0.5958   0.7448   0.8000   1.9034 -1173.819
 29   3    352.8    127.2   0.5704   0.7130   0.8000   1.8246 -1169.544
 29   4    353.5    126.5   0.6019   0.7523   0.8000   1.9245 -1175.899
 29   5    352.8    127.2   0.5496   0.6870   0.8000   1.7580 -1160.272
 29   6    352.8    127.2   0.5496   0.6870   0.8000   1.7580 -1160.272
 29   7    353.4    126.6   0.5838   0.7297   0.8000   1.8668 -1169.830
 29   8    353.4    126.6   0.5838   0.7297   0.8000   1.8668 -1169.830
 29   9    353.5    126.5   0.5685   0.7107   0.8000   1.8180 -1164.586
 29  10    353.9    126.1   0.5577   0.6971   0.8000   1.7830 -1162.644
 29  11    353.9    126.1   0.5577   0.6971   0.8000   1.7830 -1162.644
 29  12    355.7    124.3   0.5853   0.7316   0.8000   1.8696 -1170.027
 29  13    355.4    124.6   0.6071   0.7589   0.8000   1.9395 -1172.589
 29  14    355.3    124.7   0.5837   0.7297   0.8000   1.8650 -1166.134
 29  15    355.5    124.5   0.5967   0.7459   0.8000   1.9062 -1170.538
 29  16    355.3    124.7   0.5918   0.7398   0.8000   1.8907 -1169.634
 29  17    355.3    124.7   0.5918   0.7398   0.8000   1.8907 -1169.634
 29  18    353.7    126.3   0.5510   0.6888   0.8000   1.7618 -1160.341
 29  19    355.7    124.3   0.5872   0.7340   0.8000   1.8755 -1168.940
 29  20    355.6    124.4   0.3861   0.4826   0.8000   1.2334 -1092.349
 29  21    355.8    124.2   0.3648   0.4560   0.8000   1.1652 -1081.534
 29  22    354.7    125.3   0.3955   0.4944   0.8000   1.2641 -1092.726
 29  23    354.5    125.5   0.4053   0.5066   0.8000   1.2954 -1096.914
 29  24    353.0    127.0   0.4366   0.5457   0.8000   1.3964 -1118.909
 29  25    354.7    125.3   0.3786   0.4732   0.8000   1.2098 -1085.980
 29  26    356.2    123.8   0.4093   0.5117   0.8000   1.3072 -1101.252
 29  27    356.2    123.8   0.4093   0.5117   0.8000   1.3072 -1101.252
 29  28    355.0    125.0   0.2050   0.2562   0.8000   0.6549  -965.474
 30   1    357.9    122.1   0.6423   0.8029   0.8000   2.0495 -1182.510
 30   2    355.5    124.5   0.5958   0.7448   0.8000   1.9034 -1173.819
 30   3    352.8    127.2   0.5704   0.7130   0.8000   1.8246 -1169.544
 30   4    353.5    126.5   0.6019   0.7523   0.8000   1.9245 -1175.899
 30   5    352.8    127.2   0.5496   0.6870   0.8000   1.7580 -1160.272
 30   6    352.8    127.2   0.5496   0.6870   0.8000   1.7580 -1160.272
 30   7    353.4    126.6   0.5838   0.7297   0.8000   1.8668 -1169.830
 30   8    353.4    126.6   0.5838   0.7297   0.8000   1.8668 -1169.830
 30   9    353.5    126.5   0.5685   0.7107   0.8000   1.8180 -1164.586
 30  10    353.9    126.1   0.5577   0.6971   0.8000   1.7830 -1162.644
 30  11    353.9    126.1   0.5577   0.6971   0.8000   1.7830 -1162.644
 30  12    355.7    124.3   0.5853   0.7316   0.8000   1.8696 -1170.027
 30  13    355.4    124.6   0.6071   0.7589   0.8000   1.9395 -1172.589
 30  14    355.3    124.7   0.5837   0.7297   0.8000   1.8650 -1166.134
 30  15    355.5    124.5   0.5967   0.7459   0.8000   1.9062 -1170.538
 30  16    355.3    124.7   0.5918   0.7398   0.8000   1.8907 -1169.634
 30  17    355.3    124.7   0.5918   0.7398   0.8000   1.8907 -1169.634
 30  18    353.7    126.3   0.5510   0.6888   0.8000   1.7618 -1160.341
 30  19    355.7    124.3   0.5872   0.7340   0.8000   1.8755 -1168.940
 30  20    355.6    124.4   0.3861   0.4826   0.8000   1.2334 -1092.349
 30  21    355.8    124.2   0.3648   0.4560   0.8000   1.1652 -1081.534
 30  22    354.7    125.3   0.3955   0.4944   0.8000   1.2641 -1092.726
 30  23    354.5    125.5   0.4053   0.5066   0.8000   1.2954 -1096.914
 30  24    353.0    127.0   0.4366   0.5457   0.8000   1.3964 -1118.909
 30  25    354.7    125.3   0.3786   0.4732   0.8000   1.2098 -1085.980
 30  26    356.2    123.8   0.4093   0.5117   0.8000   1.3072 -1101.252
 30  27    356.2    123.8   0.4093   0.5117   0.8000   1.3072 -1101.252
 30  28    355.0    125.0   0.2050   0.2562   0.8000   0.6549  -965.474
 30  29    353.9    126.1   0.0000   0.0000   0.8000   0.0000  -650.986
 31   1    359.5    120.5   0.6732   0.8415   0.8000   2.1464 -1183.126
 31   2    357.1    122.9   0.6090   0.7612   0.8000   1.9438 -1173.435
 31   3    354.4    125.6   0.6169   0.7711   0.8000   1.9717 -1180.433
 31   4    355.2    124.8   0.6395   0.7993   0.8000   2.0431 -1182.474
 31   5    354.5    125.5   0.6106   0.7633   0.8000   1.9516 -1173.084
 31   6    354.5    125.5   0.6106   0.7633   0.8000   1.9516 -1173.084
 31   7    355.0    125.0   0.6250   0.7812   0.8000   1.9970 -1177.993
 31   8    355.0    125.0   0.6250   0.7812   0.8000   1.9970 -1177.993
 31   9    355.1    124.9   0.6138   0.7673   0.8000   1.9612 -1176.592
 31  10    355.5    124.5   0.6343   0.7929   0.8000   2.0263 -1181.303
 31  11    355.5    124.5   0.6343   0.7929   0.8000   2.0263 -1181.303
 31  12    357.3    122.7   0.5926   0.7407   0.8000   1.8914 -1168.310
 31  13    357.1    122.9   0.5820   0.7275   0.8000   1.8578 -1164.097
 31  14    356.9    123.1   0.5634   0.7043   0.8000   1.7987 -1157.878
 31  15    357.1    122.9   0.5680   0.7100   0.8000   1.8129 -1160.984
 31  16    357.0    123.0   0.5721   0.7152   0.8000   1.8264 -1162.221
 31  17    357.0    123.0   0.5721   0.7152   0.8000   1.8264 -1162.221
 31  18    355.3    124.7   0.5244   0.6554   0.8000   1.6752 -1149.907
 31  19    357.3    122.7   0.5414   0.6767   0.8000   1.7280 -1151.485
 31  20    357.2    122.8   0.4190   0.5237   0.8000   1.3373 -1104.056
 31  21    357.4    122.6   0.4055   0.5069   0.8000   1.2942 -1099.196
 31  22    356.3    123.7   0.3567   0.4458   0.8000   1.1390 -1075.302
 31  23    356.1    123.9   0.3597   0.4497   0.8000   1.1488 -1077.010
 31  24    354.6    125.4   0.4072   0.5090   0.8000   1.3015 -1106.457
 31  25    356.3    123.7   0.3534   0.4418   0.8000   1.1286 -1074.380
 31  26    357.9    122.1   0.4216   0.5270   0.8000   1.3452 -1104.190
 31  27    357.9    122.1   0.4216   0.5270   0.8000   1.3452 -1104.190
 31  28    356.7    123.3   0.2484   0.3105   0.8000   0.7930 -1004.185
 31  29    355.6    124.4   0.2503   0.3129   0.8000   0.7995 -1003.828
 31  30    355.6    124.4   0.2503   0.3129   0.8000   0.7995 -1003.828
 32   1    358.9    121.1   0.5819   0.7274   0.8000   1.8557 -1164.612
 32   2    356.6    123.4   0.6326   0.7907   0.8000   2.0198 -1179.141
 32   3    353.8    126.2   0.6063   0.7579   0.8000   1.9385 -1180.746
 32   4    354.6    125.4   0.5914   0.7392   0.8000   1.8900 -1172.976
 32   5    353.9    126.1   0.5642   0.7053   0.8000   1.8039 -1161.673
 32   6    353.9    126.1   0.5642   0.7053   0.8000   1.8039 -1161.673
 32   7    354.4    125.6   0.5968   0.7460   0.8000   1.9075 -1171.849
 32   8    354.4    125.6   0.5968   0.7460   0.8000   1.9075 -1171.849
 32   9    354.5    125.5   0.5865   0.7331   0.8000   1.8744 -1171.258
 32  10    355.0    125.0   0.5737   0.7172   0.8000   1.8333 -1166.972
 32  11    355.0    125.0   0.5737   0.7172   0.8000   1.8333 -1166.972
 32  12    356.7    123.3   0.5353   0.6692   0.8000   1.7092 -1154.442
 32  13    356.5    123.5   0.5503   0.6878   0.8000   1.7570 -1158.461
 32  14    356.3    123.7   0.5331   0.6663   0.8000   1.7022 -1152.214
 32  15    356.6    123.4   0.5363   0.6704   0.8000   1.7124 -1154.704
 32  16    356.4    123.6   0.5403   0.6754   0.8000   1.7253 -1156.007
 32  17    356.4    123.6   0.5403   0.6754   0.8000   1.7253 -1156.007
 32  18    354.8    125.2   0.4975   0.6219   0.8000   1.5898 -1140.582
 32  19    356.7    123.3   0.5090   0.6363   0.8000   1.6250 -1144.270
 32  20    356.6    123.4   0.4163   0.5204   0.8000   1.3292 -1101.707
 32  21    356.8    123.2   0.3845   0.4807   0.8000   1.2276 -1086.919
 32  22    355.8    124.2   0.3582   0.4478   0.8000   1.1441 -1076.886
 32  23    355.6    124.4   0.3646   0.4558   0.8000   1.1647 -1079.858
 32  24    354.0    126.0   0.3794   0.4743   0.8000   1.2130 -1094.935
 32  25    355.8    124.2   0.3739   0.4674   0.8000   1.1943 -1082.070
 32  26    357.3    122.7   0.3988   0.4985   0.8000   1.2728 -1093.660
 32  27    357.3    122.7   0.3988   0.4985   0.8000   1.2728 -1093.660
 32  28    356.1    123.9   0.2137   0.2672   0.8000   0.6826  -975.195
 32  29    355.0    125.0   0.2423   0.3029   0.8000   0.7742  -997.080
 32  30    355.0    125.0   0.2423   0.3029   0.8000   0.7742  -997.080
 32  31    356.7    123.3   0.1739   0.2174   0.8000   0.5552  -936.973
 33   1    357.7    122.3   0.5858   0.7322   0.8000   1.8692 -1169.430
 33   2    355.3    124.7   0.5574   0.6968   0.8000   1.7809 -1164.059
 33   3    352.7    127.3   0.6072   0.7590   0.8000   1.9423 -1185.644
 33   4    353.4    126.6   0.5416   0.6770   0.8000   1.7320 -1162.861
 33   5    352.8    127.2   0.5590   0.6988   0.8000   1.7882 -1166.172
 33   6    352.8    127.2   0.5590   0.6988   0.8000   1.7882 -1166.172
 33   7    353.2    126.8   0.5451   0.6814   0.8000   1.7434 -1163.249
 33   8    353.2    126.8   0.5451   0.6814   0.8000   1.7434 -1163.249
 33   9    353.4    126.6   0.5590   0.6988   0.8000   1.7877 -1166.474
 33  10    353.9    126.1   0.5463   0.6829   0.8000   1.7467 -1163.497
 33  11    353.9    126.1   0.5463   0.6829   0.8000   1.7467 -1163.497
 33  12    355.6    124.4   0.5730   0.7162   0.8000   1.8303 -1170.063
 33  13    355.3    124.7   0.6112   0.7641   0.8000   1.9529 -1178.038
 33  14    355.1    124.9   0.5847   0.7309   0.8000   1.8682 -1171.936
 33  15    355.3    124.7   0.5728   0.7160   0.8000   1.8299 -1169.501
 33  16    355.2    124.8   0.5771   0.7214   0.8000   1.8438 -1170.658
 33  17    355.2    124.8   0.5771   0.7214   0.8000   1.8438 -1170.658
 33  18    353.5    126.5   0.5430   0.6788   0.8000   1.7364 -1158.907
 33  19    355.6    124.4   0.5427   0.6783   0.8000   1.7335 -1155.671
 33  20    355.5    124.5   0.4118   0.5148   0.8000   1.3156 -1102.378
 33  21    355.6    124.4   0.3164   0.3954   0.8000   1.0106 -1049.458
 33  22    354.5    125.5   0.3817   0.4771   0.8000   1.2199 -1090.457
 33  23    354.3    125.7   0.3771   0.4713   0.8000   1.2053 -1088.535
 33  24    352.9    127.1   0.3804   0.4754   0.8000   1.2166 -1096.930
 33  25    354.6    125.4   0.3758   0.4698   0.8000   1.2012 -1091.022
 33  26    356.0    124.0   0.3779   0.4724   0.8000   1.2071 -1085.721
 33  27    356.0    124.0   0.3779   0.4724   0.8000   1.2071 -1085.721
 33  28    354.9    125.1   0.3159   0.3948   0.8000   1.0093 -1052.673
 33  29    353.8    126.2   0.3233   0.4041   0.8000   1.0336 -1059.536
 33  30    353.8    126.2   0.3233   0.4041   0.8000   1.0336 -1059.536
 33  31    355.4    124.6   0.3285   0.4106   0.8000   1.0494 -1065.130
 33  32    354.8    125.2   0.3327   0.4159   0.8000   1.0633 -1062.954
 34   1    357.7    122.3   0.5858   0.7322   0.8000   1.8692 -1169.430
 34   2    355.3    124.7   0.5574   0.6968   0.8000   1.7809 -1164.059
 34   3    352.7    127.3   0.6072   0.7590   0.8000   1.9423 -1185.644
 34   4    353.4    126.6   0.5416   0.6770   0.8000   1.7320 -1162.861
 34   5    352.8    127.2   0.5590   0.6988   0.8000   1.7882 -1166.172
 34   6    352.8    127.2   0.5590   0.6988   0.8000   1.7882 -1166.172
 34   7    353.2    126.8   0.5451   0.6814   0.8000   1.7434 -1163.249
 34   8    353.2    126.8   0.5451   0.6814   0.8000   1.7434 -1163.249
 34   9    353.4    126.6   0.5590   0.6988   0.8000   1.7877 -1166.474
 34  10    353.9    126.1   0.5463   0.6829   0.8000   1.7467 -1163.497
 34  11    353.9    126.1   0.5463   0.6829   0.8000   1.7467 -1163.497
 34  12    355.6    124.4   0.5730   0.7162   0.8000   1.8303 -1170.063
 34  13    355.3    124.7   0.6112   0.7641   0.8000   1.9529 -1178.038
 34  14    355.1    124.9   0.5847   0.7309   0.8000   1.8682 -1171.936
 34  15    355.3    124.7   0.5728   0.7160   0.8000   1.8299 -1169.501
 34  16    355.2    124.8   0.5771   0.7214   0.8000   1.8438 -1170.658
 34  17    355.2    124.8   0.5771   0.7214   0.8000   1.8438 -1170.658
 34  18    353.5    126.5   0.5430   0.6788   0.8000   1.7364 -1158.907
 34  19    355.6    124.4   0.5427   0.6783   0.8000   1.7335 -1155.671
 34  20    355.5    124.5   0.4118   0.5148   0.8000   1.3156 -1102.378
 34  21    355.6    124.4   0.3164   0.3954   0.8000   1.0106 -1049.458
 34  22    354.5    125.5   0.3817   0.4771   0.8000   1.2199 -1090.457
 34  23    354.3    125.7   0.3771   0.4713   0.8000   1.2053 -1088.535
 34  24    352.9    127.1   0.3804   0.4754   0.8000   1.2166 -1096.930
 34  25    354.6    125.4   0.3758   0.4698   0.8000   1.2012 -1091.022
 34  26    356.0    124.0   0.3779   0.4724   0.8000   1.2071 -1085.721
 34  27    356.0    124.0   0.3779   0.4724   0.8000   1.2071 -1085.721
 34  28    354.9    125.1   0.3159   0.3948   0.8000   1.0093 -1052.673
 34  29    353.8    126.2   0.3233   0.4041   0.8000   1.0336 -1059.536
 34  30    353.8    126.2   0.3233   0.4041   0.8000   1.0336 -1059.536
 34  31    355.4    124.6   0.3285   0.4106   0.8000   1.0494 -1065.130
 34  32    354.8    125.2   0.3327   0.4159   0.8000   1.0633 -1062.954
 34  33    353.7    126.3   0.0000   0.0000   0.8000   0.0000  -651.173
 35   1    360.0    120.0   0.6842   0.8552   0.8000   2.1807 -1187.762
 35   2    357.7    122.3   0.5466   0.6832   0.8000   1.7442 -1155.424
 35   3    355.0    125.0   0.5248   0.6560   0.8000   1.6768 -1156.328
 35   4    355.8    124.2   0.5243   0.6554   0.8000   1.6746 -1151.768
 35   5    355.1    124.9   0.5429   0.6786   0.8000   1.7347 -1157.585
 35   6    355.1    124.9   0.5429   0.6786   0.8000   1.7347 -1157.585
 35   7    355.6    124.4   0.5273   0.6591   0.8000   1.6844 -1153.180
 35   8    355.6    124.4   0.5273   0.6591   0.8000   1.6844 -1153.180
 35   9    355.7    124.3   0.5778   0.7222   0.8000   1.8455 -1167.999
 35  10    356.2    123.8   0.5464   0.6830   0.8000   1.7449 -1157.722
 35  11    356.2    123.8   0.5464   0.6830   0.8000   1.7449 -1157.722
 35  12    357.8    122.2   0.5952   0.7441   0.8000   1.8994 -1163.143
 35  13    357.6    122.4   0.5695   0.7119   0.8000   1.8175 -1159.590
 35  14    357.5    122.5   0.5609   0.7011   0.8000   1.7900 -1156.975
 35  15    357.7    122.3   0.5514   0.6892   0.8000   1.7594 -1156.439
 35  16    357.6    122.4   0.5555   0.6943   0.8000   1.7726 -1157.625
 35  17    357.6    122.4   0.5555   0.6943   0.8000   1.7726 -1157.625
 35  18    356.0    124.0   0.5444   0.6805   0.8000   1.7387 -1154.415
 35  19    357.9    122.1   0.5352   0.6690   0.8000   1.7076 -1147.410
 35  20    357.8    122.2   0.3767   0.4709   0.8000   1.2021 -1077.948
 35  21    358.0    122.0   0.3735   0.4669   0.8000   1.1918 -1076.147
 35  22    357.0    123.0   0.3749   0.4686   0.8000   1.1967 -1081.285
 35  23    356.8    123.2   0.3812   0.4765   0.8000   1.2171 -1084.512
 35  24    355.2    124.8   0.4113   0.5142   0.8000   1.3142 -1105.796
 35  25    357.0    123.0   0.4348   0.5434   0.8000   1.3878 -1107.486
 35  26    358.4    121.6   0.3947   0.4933   0.8000   1.2590 -1087.335
 35  27    358.4    121.6   0.3947   0.4933   0.8000   1.2590 -1087.335
 35  28    357.2    122.8   0.3190   0.3988   0.8000   1.0183 -1052.601
 35  29    356.1    123.9   0.3489   0.4362   0.8000   1.1143 -1068.015
 35  30    356.1    123.9   0.3489   0.4362   0.8000   1.1143 -1068.015
 35  31    357.8    122.2   0.3593   0.4491   0.8000   1.1464 -1071.074
 35  32    357.2    122.8   0.3623   0.4529   0.8000   1.1565 -1075.680
 35  33    356.0    124.0   0.2308   0.2885   0.8000   0.7370  -984.673
 35  34    356.0    124.0   0.2308   0.2885   0.8000   0.7370  -984.673
 36   1    360.0    120.0   0.6752   0.8440   0.8000   2.1522 -1182.929
 36   2    357.7    122.3   0.5667   0.7084   0.8000   1.8085 -1155.800
 36   3    354.9    125.1   0.5699   0.7124   0.8000   1.8212 -1165.965
 36   4    355.7    124.3   0.5931   0.7414   0.8000   1.8945 -1169.676
 36   5    354.9    125.1   0.6096   0.7620   0.8000   1.9480 -1170.851
 36   6    354.9    125.1   0.6096   0.7620   0.8000   1.9480 -1170.851
 36   7    355.5    124.5   0.5821   0.7276   0.8000   1.8595 -1163.709
 36   8    355.5    124.5   0.5821   0.7276   0.8000   1.8595 -1163.709
 36   9    355.6    124.4   0.5865   0.7331   0.8000   1.8734 -1166.369
 36  10    356.0    124.0   0.5846   0.7307   0.8000   1.8670 -1165.495
 36  11    356.0    124.0   0.5846   0.7307   0.8000   1.8670 -1165.495
 36  12    357.7    122.3   0.5839   0.7299   0.8000   1.8633 -1165.099
 36  13    357.6    122.4   0.6056   0.7570   0.8000   1.9326 -1166.056
 36  14    357.4    122.6   0.6024   0.7530   0.8000   1.9226 -1165.255
 36  15    357.7    122.3   0.5857   0.7321   0.8000   1.8690 -1161.766
 36  16    357.5    122.5   0.5898   0.7373   0.8000   1.8824 -1163.003
 36  17    357.5    122.5   0.5898   0.7373   0.8000   1.8824 -1163.003
 36  18    355.8    124.2   0.5545   0.6932   0.8000   1.7712 -1156.037
 36  19    357.8    122.2   0.6022   0.7528   0.8000   1.9217 -1164.801
 36  20    357.7    122.3   0.3497   0.4371   0.8000   1.1160 -1071.130
 36  21    358.0    122.0   0.3498   0.4372   0.8000   1.1161 -1065.170
 36  22    356.9    123.1   0.3418   0.4273   0.8000   1.0912 -1063.789
 36  23    356.7    123.3   0.3515   0.4393   0.8000   1.1222 -1068.655
 36  24    355.1    124.9   0.3769   0.4712   0.8000   1.2043 -1084.184
 36  25    356.9    123.1   0.3933   0.4916   0.8000   1.2555 -1089.459
 36  26    358.5    121.5   0.3498   0.4373   0.8000   1.1160 -1069.922
 36  27    358.5    121.5   0.3498   0.4373   0.8000   1.1160 -1069.922
 36  28    357.2    122.8   0.3638   0.4548   0.8000   1.1613 -1073.512
 36  29    356.1    123.9   0.3869   0.4836   0.8000   1.2355 -1087.139
 36  30    356.1    123.9   0.3869   0.4836   0.8000   1.2355 -1087.139
 36  31    357.8    122.2   0.3162   0.3952   0.8000   1.0089 -1050.279
 36  32    357.2    122.8   0.3675   0.4594   0.8000   1.1730 -1078.598
 36  33    355.9    124.1   0.2398   0.2997   0.8000   0.7659  -990.325
 36  34    355.9    124.1   0.2398   0.2997   0.8000   0.7659  -990.325
 36  35    358.3    121.7   0.1935   0.2418   0.8000   0.6171  -944.245
 37   1    358.7    121.3   0.6782   0.8478   0.8000   2.1633 -1187.843
 37   2    356.3    123.7   0.5387   0.6733   0.8000   1.7202 -1154.437
 37   3    353.6    126.4   0.5722   0.7153   0.8000   1.8296 -1168.560
 37   4    354.4    125.6   0.5699   0.7124   0.8000   1.8217 -1165.635
 37   5    353.7    126.3   0.5949   0.7436   0.8000   1.9020 -1171.308
 37   6    353.7    126.3   0.5949   0.7436   0.8000   1.9020 -1171.308
 37   7    354.2    125.8   0.5727   0.7159   0.8000   1.8308 -1166.991
 37   8    354.2    125.8   0.5727   0.7159   0.8000   1.8308 -1166.991
 37   9    354.3    125.7   0.5824   0.7280   0.8000   1.8615 -1168.151
 37  10    354.8    125.2   0.6014   0.7517   0.8000   1.9218 -1172.777
 37  11    354.8    125.2   0.6014   0.7517   0.8000   1.9218 -1172.777
 37  12    356.5    123.5   0.5716   0.7145   0.8000   1.8251 -1159.925
 37  13    356.2    123.8   0.5804   0.7255   0.8000   1.8534 -1161.130
 37  14    356.1    123.9   0.5834   0.7293   0.8000   1.8632 -1162.768
 37  15    356.3    123.7   0.5679   0.7099   0.8000   1.8135 -1160.346
 37  16    356.2    123.8   0.5720   0.7150   0.8000   1.8268 -1161.553
 37  17    356.2    123.8   0.5720   0.7150   0.8000   1.8268 -1161.553
 37  18    354.5    125.5   0.5818   0.7273   0.8000   1.8595 -1163.831
 37  19    356.5    123.5   0.5692   0.7116   0.8000   1.8176 -1156.879
 37  20    356.4    123.6   0.3760   0.4700   0.8000   1.2005 -1081.022
 37  21    356.6    123.4   0.3556   0.4445   0.8000   1.1354 -1071.788
 37  22    355.5    124.5   0.3536   0.4420   0.8000   1.1296 -1070.570
 37  23    355.2    124.8   0.3570   0.4463   0.8000   1.1407 -1074.016
 37  24    353.8    126.2   0.3940   0.4925   0.8000   1.2596 -1093.887
 37  25    355.5    124.5   0.4237   0.5297   0.8000   1.3536 -1102.744
 37  26    357.0    123.0   0.3905   0.4882   0.8000   1.2467 -1090.697
 37  27    357.0    123.0   0.3905   0.4882   0.8000   1.2467 -1090.697
 37  28    355.9    124.1   0.3135   0.3919   0.8000   1.0013 -1050.581
 37  29    354.8    125.2   0.3409   0.4262   0.8000   1.0895 -1064.261
 37  30    354.8    125.2   0.3409   0.4262   0.8000   1.0895 -1064.261
 37  31    356.4    123.6   0.3457   0.4321   0.8000   1.1039 -1068.653
 37  32    355.8    124.2   0.3530   0.4413   0.8000   1.1276 -1076.184
 37  33    354.7    125.3   0.2174   0.2718   0.8000   0.6949  -975.750
 37  34    354.7    125.3   0.2174   0.2718   0.8000   0.6949  -975.750
 37  35    357.0    123.0   0.1884   0.2355   0.8000   0.6014  -943.075
 37  36    356.9    123.1   0.1450   0.1813   0.8000   0.4630  -897.267
 38   1    358.9    121.1   0.6703   0.8379   0.8000   2.1378 -1188.200
 38   2    356.5    123.5   0.5148   0.6435   0.8000   1.6439 -1144.722
 38   3    353.9    126.1   0.5890   0.7363   0.8000   1.8831 -1172.553
 38   4    354.6    125.4   0.5808   0.7260   0.8000   1.8563 -1168.257
 38   5    353.9    126.1   0.6046   0.7558   0.8000   1.9330 -1172.443
 38   6    353.9    126.1   0.6046   0.7558   0.8000   1.9330 -1172.443
 38   7    354.4    125.6   0.6049   0.7561   0.8000   1.9334 -1173.750
 38   8    354.4    125.6   0.6049   0.7561   0.8000   1.9334 -1173.750
 38   9    354.5    125.5   0.5744   0.7180   0.8000   1.8358 -1165.676
 38  10    355.0    125.0   0.5881   0.7351   0.8000   1.8791 -1169.039
 38  11    355.0    125.0   0.5881   0.7351   0.8000   1.8791 -1169.039
 38  12    356.7    123.3   0.5370   0.6712   0.8000   1.7143 -1151.487
 38  13    356.5    123.5   0.5816   0.7271   0.8000   1.8572 -1161.952
 38  14    356.3    123.7   0.5794   0.7242   0.8000   1.8501 -1162.100
 38  15    356.5    123.5   0.5807   0.7259   0.8000   1.8541 -1163.374
 38  16    356.4    123.6   0.5849   0.7311   0.8000   1.8676 -1164.528
 38  17    356.4    123.6   0.5849   0.7311   0.8000   1.8676 -1164.528
 38  18    354.7    125.3   0.5740   0.7175   0.8000   1.8343 -1161.809
 38  19    356.8    123.2   0.5705   0.7131   0.8000   1.8213 -1156.506
 38  20    356.7    123.3   0.3844   0.4805   0.8000   1.2273 -1087.256
 38  21    356.8    123.2   0.3377   0.4222   0.8000   1.0782 -1059.679
 38  22    355.7    124.3   0.3496   0.4370   0.8000   1.1167 -1070.341
 38  23    355.5    124.5   0.3591   0.4489   0.8000   1.1472 -1075.195
 38  24    354.0    126.0   0.3828   0.4786   0.8000   1.2239 -1087.455
 38  25    355.8    124.2   0.3980   0.4976   0.8000   1.2714 -1093.396
 38  26    357.2    122.8   0.3674   0.4593   0.8000   1.1728 -1080.671
 38  27    357.2    122.8   0.3674   0.4593   0.8000   1.1728 -1080.671
 38  28    356.1    123.9   0.3180   0.3975   0.8000   1.0155 -1050.789
 38  29    355.0    125.0   0.3331   0.4163   0.8000   1.0643 -1060.836
 38  30    355.0    125.0   0.3331   0.4163   0.8000   1.0643 -1060.836
 38  31    356.6    123.4   0.3094   0.3867   0.8000   0.9878 -1048.529
 38  32    356.0    124.0   0.3127   0.3909   0.8000   0.9987 -1050.369
 38  33    354.9    125.1   0.1963   0.2453   0.8000   0.6272  -956.228
 38  34    354.9    125.1   0.1963   0.2453   0.8000   0.6272  -956.228
 38  35    357.2    122.8   0.2067   0.2583   0.8000   0.6597  -956.593
 38  36    357.1    122.9   0.1376   0.1720   0.8000   0.4393  -889.027
 38  37    355.8    124.2   0.1250   0.1563   0.8000   0.3993  -871.796

