Supplemental results for CODEML (seqf: /gpfs/scratch/cltucker/EBH381-Group-Project/SIV_aligned_GAG.fas  treef: )


pairwise comparison (Goldman & Yang 1994)
seq seq        N       S       dN       dS     dN/dS   Paras.
  2   1    570.7    230.3   0.2887   0.3609   0.8000   0.9284 -1695.035
  3   1    571.0    230.0   0.3273   0.4091   0.8000   1.0524 -1730.837
  3   2    571.2    229.8   0.2768   0.3460   0.8000   0.8899 -1679.059
  4   1    570.3    230.7   0.3235   0.4044   0.8000   1.0403 -1729.583
  4   2    570.5    230.5   0.2565   0.3207   0.8000   0.8249 -1660.926
  4   3    570.8    230.2   0.1860   0.2325   0.8000   0.5981 -1548.698
  5   1    571.6    229.4   0.3122   0.3903   0.8000   1.0037 -1715.854
  5   2    571.9    229.1   0.2759   0.3449   0.8000   0.8870 -1688.830
  5   3    572.2    228.8   0.1995   0.2494   0.8000   0.6412 -1572.629
  5   4    571.5    229.5   0.1767   0.2209   0.8000   0.5682 -1531.258
  6   1    571.6    229.4   0.3122   0.3903   0.8000   1.0037 -1715.854
  6   2    571.9    229.1   0.2759   0.3449   0.8000   0.8870 -1688.830
  6   3    572.2    228.8   0.1995   0.2494   0.8000   0.6412 -1572.629
  6   4    571.5    229.5   0.1767   0.2209   0.8000   0.5682 -1531.258
  6   5    572.9    228.1   0.0000   0.0000   0.8000   0.0000 -1069.542
  7   1    571.8    229.2   0.2824   0.3529   0.8000   0.9077 -1688.743
  7   2    572.0    229.0   0.2675   0.3343   0.8000   0.8597 -1678.662
  7   3    572.3    228.7   0.1819   0.2274   0.8000   0.5846 -1550.966
  7   4    571.6    229.4   0.1744   0.2179   0.8000   0.5605 -1528.577
  7   5    573.1    227.9   0.0461   0.0576   0.8000   0.1482 -1258.007
  7   6    573.1    227.9   0.0461   0.0576   0.8000   0.1482 -1258.007
  8   1    571.8    229.2   0.2824   0.3529   0.8000   0.9077 -1688.743
  8   2    572.0    229.0   0.2675   0.3343   0.8000   0.8597 -1678.662
  8   3    572.3    228.7   0.1819   0.2274   0.8000   0.5846 -1550.966
  8   4    571.6    229.4   0.1744   0.2179   0.8000   0.5605 -1528.577
  8   5    573.1    227.9   0.0461   0.0576   0.8000   0.1482 -1258.007
  8   6    573.1    227.9   0.0461   0.0576   0.8000   0.1482 -1258.007
  8   7    573.2    227.8   0.0000   0.0000   0.8000   0.0000 -1069.482
  9   1    571.7    229.3   0.3189   0.3987   0.8000   1.0253 -1726.566
  9   2    571.9    229.1   0.2766   0.3458   0.8000   0.8891 -1686.668
  9   3    572.2    228.8   0.1697   0.2121   0.8000   0.5454 -1520.998
  9   4    571.5    229.5   0.1676   0.2095   0.8000   0.5388 -1518.520
  9   5    572.9    228.1   0.1162   0.1453   0.8000   0.3736 -1417.191
  9   6    572.9    228.1   0.1162   0.1453   0.8000   0.3736 -1417.191
  9   7    573.0    228.0   0.1179   0.1473   0.8000   0.3787 -1422.630
  9   8    573.0    228.0   0.1179   0.1473   0.8000   0.3787 -1422.630
 10   1    571.2    229.8   0.3189   0.3986   0.8000   1.0253 -1723.941
 10   2    571.4    229.6   0.2589   0.3236   0.8000   0.8322 -1670.399
 10   3    571.7    229.3   0.1627   0.2034   0.8000   0.5231 -1502.613
 10   4    571.0    230.0   0.1521   0.1902   0.8000   0.4891 -1493.614
 10   5    572.4    228.6   0.0977   0.1221   0.8000   0.3140 -1379.183
 10   6    572.4    228.6   0.0977   0.1221   0.8000   0.3140 -1379.183
 10   7    572.6    228.4   0.0952   0.1190   0.8000   0.3060 -1375.257
 10   8    572.6    228.4   0.0952   0.1190   0.8000   0.3060 -1375.257
 10   9    572.4    228.6   0.0920   0.1150   0.8000   0.2958 -1361.898
 11   1    571.1    229.9   0.3129   0.3911   0.8000   1.0059 -1720.334
 11   2    571.4    229.6   0.2567   0.3209   0.8000   0.8254 -1668.345
 11   3    571.7    229.3   0.1627   0.2034   0.8000   0.5231 -1502.500
 11   4    571.0    230.0   0.1491   0.1864   0.8000   0.4794 -1489.345
 11   5    572.4    228.6   0.1005   0.1256   0.8000   0.3229 -1383.745
 11   6    572.4    228.6   0.1005   0.1256   0.8000   0.3229 -1383.745
 11   7    572.5    228.5   0.0952   0.1190   0.8000   0.3060 -1375.015
 11   8    572.5    228.5   0.0952   0.1190   0.8000   0.3060 -1375.015
 11   9    572.4    228.6   0.0920   0.1150   0.8000   0.2958 -1361.131
 11  10    571.9    229.1   0.0047   0.0058   0.8000   0.0149 -1093.208
 12   1    570.5    230.5   0.4144   0.5180   0.8000   1.3326 -1810.475
 12   2    570.8    230.2   0.3908   0.4886   0.8000   1.2568 -1790.675
 12   3    571.0    230.0   0.4440   0.5550   0.8000   1.4276 -1844.038
 12   4    570.4    230.6   0.4054   0.5068   0.8000   1.3038 -1810.108
 12   5    571.7    229.3   0.4334   0.5417   0.8000   1.3932 -1829.585
 12   6    571.7    229.3   0.4334   0.5417   0.8000   1.3932 -1829.585
 12   7    571.9    229.1   0.4535   0.5668   0.8000   1.4577 -1845.183
 12   8    571.9    229.1   0.4535   0.5668   0.8000   1.4577 -1845.183
 12   9    571.7    229.3   0.4349   0.5437   0.8000   1.3982 -1833.934
 12  10    571.2    229.8   0.4068   0.5086   0.8000   1.3081 -1814.881
 12  11    571.2    229.8   0.4092   0.5115   0.8000   1.3155 -1816.576
 13   1    570.0    231.0   0.4034   0.5042   0.8000   1.2974 -1802.465
 13   2    570.2    230.8   0.4323   0.5404   0.8000   1.3904 -1824.516
 13   3    570.5    230.5   0.4245   0.5306   0.8000   1.3652 -1827.888
 13   4    569.8    231.2   0.4166   0.5207   0.8000   1.3399 -1824.313
 13   5    571.2    229.8   0.4312   0.5390   0.8000   1.3865 -1829.059
 13   6    571.2    229.8   0.4312   0.5390   0.8000   1.3865 -1829.059
 13   7    571.3    229.7   0.4318   0.5397   0.8000   1.3882 -1829.961
 13   8    571.3    229.7   0.4318   0.5397   0.8000   1.3882 -1829.961
 13   9    571.2    229.8   0.4018   0.5022   0.8000   1.2918 -1816.507
 13  10    570.7    230.3   0.3895   0.4868   0.8000   1.2524 -1804.224
 13  11    570.7    230.3   0.3919   0.4899   0.8000   1.2602 -1806.472
 13  12    570.0    231.0   0.2239   0.2799   0.8000   0.7202 -1623.792
 14   1    569.7    231.3   0.4014   0.5017   0.8000   1.2910 -1801.926
 14   2    570.0    231.0   0.4245   0.5306   0.8000   1.3653 -1818.970
 14   3    570.3    230.7   0.4194   0.5242   0.8000   1.3487 -1826.023
 14   4    569.6    231.4   0.4148   0.5185   0.8000   1.3342 -1824.099
 14   5    571.0    230.0   0.4233   0.5291   0.8000   1.3611 -1828.053
 14   6    571.0    230.0   0.4233   0.5291   0.8000   1.3611 -1828.053
 14   7    571.1    229.9   0.4195   0.5244   0.8000   1.3488 -1827.733
 14   8    571.1    229.9   0.4195   0.5244   0.8000   1.3488 -1827.733
 14   9    571.0    230.0   0.3909   0.4886   0.8000   1.2568 -1813.036
 14  10    570.5    230.5   0.3833   0.4791   0.8000   1.2326 -1803.135
 14  11    570.5    230.5   0.3857   0.4821   0.8000   1.2404 -1805.341
 14  12    569.8    231.2   0.2425   0.3031   0.8000   0.7800 -1645.670
 14  13    569.3    231.7   0.0274   0.0342   0.8000   0.0881 -1196.222
 15   1    569.8    231.2   0.4057   0.5071   0.8000   1.3049 -1807.650
 15   2    570.0    231.0   0.4205   0.5256   0.8000   1.3525 -1820.364
 15   3    570.3    230.7   0.4253   0.5317   0.8000   1.3679 -1830.377
 15   4    569.6    231.4   0.4191   0.5238   0.8000   1.3480 -1826.540
 15   5    571.0    230.0   0.4273   0.5342   0.8000   1.3741 -1829.990
 15   6    571.0    230.0   0.4273   0.5342   0.8000   1.3741 -1829.990
 15   7    571.2    229.8   0.4303   0.5379   0.8000   1.3835 -1834.031
 15   8    571.2    229.8   0.4303   0.5379   0.8000   1.3835 -1834.031
 15   9    571.0    230.0   0.4061   0.5076   0.8000   1.3057 -1822.062
 15  10    570.5    230.5   0.3969   0.4961   0.8000   1.2763 -1810.181
 15  11    570.5    230.5   0.3993   0.4992   0.8000   1.2842 -1812.348
 15  12    569.9    231.1   0.2442   0.3052   0.8000   0.7854 -1647.142
 15  13    569.3    231.7   0.0286   0.0358   0.8000   0.0920 -1199.333
 15  14    569.1    231.9   0.0177   0.0222   0.8000   0.0570 -1160.309
 16   1    569.8    231.2   0.4005   0.5006   0.8000   1.2881 -1803.194
 16   2    570.1    230.9   0.4152   0.5190   0.8000   1.3353 -1816.022
 16   3    570.4    230.6   0.4249   0.5311   0.8000   1.3665 -1828.525
 16   4    569.7    231.3   0.4138   0.5172   0.8000   1.3310 -1822.276
 16   5    571.1    229.9   0.4268   0.5336   0.8000   1.3724 -1828.142
 16   6    571.1    229.9   0.4268   0.5336   0.8000   1.3724 -1828.142
 16   7    571.2    229.8   0.4298   0.5373   0.8000   1.3819 -1832.199
 16   8    571.2    229.8   0.4298   0.5373   0.8000   1.3819 -1832.199
 16   9    571.1    229.9   0.4007   0.5009   0.8000   1.2884 -1817.637
 16  10    570.6    230.4   0.3917   0.4896   0.8000   1.2595 -1805.694
 16  11    570.5    230.5   0.3941   0.4926   0.8000   1.2673 -1807.888
 16  12    569.9    231.1   0.2404   0.3005   0.8000   0.7733 -1641.588
 16  13    569.4    231.6   0.0262   0.0327   0.8000   0.0841 -1189.091
 16  14    569.1    231.9   0.0153   0.0192   0.8000   0.0493 -1149.090
 16  15    569.2    231.8   0.0023   0.0029   0.8000   0.0075 -1088.622
 17   1    569.8    231.2   0.4005   0.5006   0.8000   1.2881 -1803.194
 17   2    570.1    230.9   0.4152   0.5190   0.8000   1.3353 -1816.022
 17   3    570.4    230.6   0.4249   0.5311   0.8000   1.3665 -1828.525
 17   4    569.7    231.3   0.4138   0.5172   0.8000   1.3310 -1822.276
 17   5    571.1    229.9   0.4268   0.5336   0.8000   1.3724 -1828.142
 17   6    571.1    229.9   0.4268   0.5336   0.8000   1.3724 -1828.142
 17   7    571.2    229.8   0.4298   0.5373   0.8000   1.3819 -1832.199
 17   8    571.2    229.8   0.4298   0.5373   0.8000   1.3819 -1832.199
 17   9    571.1    229.9   0.4007   0.5009   0.8000   1.2884 -1817.637
 17  10    570.6    230.4   0.3917   0.4896   0.8000   1.2595 -1805.694
 17  11    570.5    230.5   0.3941   0.4926   0.8000   1.2673 -1807.888
 17  12    569.9    231.1   0.2404   0.3005   0.8000   0.7733 -1641.588
 17  13    569.4    231.6   0.0262   0.0327   0.8000   0.0841 -1189.091
 17  14    569.1    231.9   0.0153   0.0192   0.8000   0.0493 -1149.090
 17  15    569.2    231.8   0.0023   0.0029   0.8000   0.0075 -1088.622
 17  16    569.2    231.8   0.0000   0.0000   0.8000   0.0000 -1071.450
 18   1    570.4    230.6   0.3763   0.4704   0.8000   1.2101 -1792.330
 18   2    570.7    230.3   0.4239   0.5298   0.8000   1.3630 -1819.314
 18   3    570.9    230.1   0.4481   0.5601   0.8000   1.4408 -1848.221
 18   4    570.3    230.7   0.4446   0.5558   0.8000   1.4299 -1844.349
 18   5    571.6    229.4   0.4152   0.5190   0.8000   1.3347 -1833.558
 18   6    571.6    229.4   0.4152   0.5190   0.8000   1.3347 -1833.558
 18   7    571.8    229.2   0.4228   0.5285   0.8000   1.3590 -1842.048
 18   8    571.8    229.2   0.4228   0.5285   0.8000   1.3590 -1842.048
 18   9    571.6    229.4   0.4294   0.5368   0.8000   1.3805 -1842.157
 18  10    571.2    229.8   0.4109   0.5136   0.8000   1.3212 -1827.798
 18  11    571.1    229.9   0.4129   0.5161   0.8000   1.3274 -1829.237
 18  12    570.5    230.5   0.2256   0.2820   0.8000   0.7255 -1617.487
 18  13    570.0    231.0   0.1912   0.2389   0.8000   0.6148 -1570.844
 18  14    569.7    231.3   0.2028   0.2534   0.8000   0.6522 -1579.679
 18  15    569.8    231.2   0.1983   0.2479   0.8000   0.6378 -1577.516
 18  16    569.8    231.2   0.1948   0.2435   0.8000   0.6266 -1571.372
 18  17    569.8    231.2   0.1948   0.2435   0.8000   0.6266 -1571.372
 19   1    569.5    231.5   0.3770   0.4713   0.8000   1.2128 -1782.857
 19   2    569.7    231.3   0.3773   0.4717   0.8000   1.2137 -1786.358
 19   3    570.0    231.0   0.4067   0.5084   0.8000   1.3082 -1823.889
 19   4    569.3    231.7   0.4297   0.5371   0.8000   1.3822 -1829.335
 19   5    570.7    230.3   0.4296   0.5370   0.8000   1.3815 -1833.731
 19   6    570.7    230.3   0.4296   0.5370   0.8000   1.3815 -1833.731
 19   7    570.8    230.2   0.4252   0.5315   0.8000   1.3674 -1835.587
 19   8    570.8    230.2   0.4252   0.5315   0.8000   1.3674 -1835.587
 19   9    570.7    230.3   0.4157   0.5196   0.8000   1.3366 -1830.406
 19  10    570.2    230.8   0.4191   0.5238   0.8000   1.3477 -1828.016
 19  11    570.2    230.8   0.4211   0.5263   0.8000   1.3542 -1829.440
 19  12    569.6    231.4   0.2258   0.2822   0.8000   0.7263 -1617.977
 19  13    569.0    232.0   0.2053   0.2566   0.8000   0.6604 -1582.848
 19  14    568.8    232.2   0.2091   0.2614   0.8000   0.6729 -1584.067
 19  15    568.8    232.2   0.2100   0.2625   0.8000   0.6757 -1588.652
 19  16    568.9    232.1   0.2065   0.2581   0.8000   0.6643 -1582.578
 19  17    568.9    232.1   0.2065   0.2581   0.8000   0.6643 -1582.578
 19  18    569.5    231.5   0.1194   0.1493   0.8000   0.3842 -1430.887
 20   1    570.0    231.0   0.3943   0.4929   0.8000   1.2682 -1796.945
 20   2    570.2    230.8   0.3967   0.4959   0.8000   1.2760 -1807.999
 20   3    570.5    230.5   0.4459   0.5574   0.8000   1.4341 -1854.875
 20   4    569.8    231.2   0.4421   0.5527   0.8000   1.4221 -1840.827
 20   5    571.2    229.8   0.4050   0.5062   0.8000   1.3021 -1829.990
 20   6    571.2    229.8   0.4050   0.5062   0.8000   1.3021 -1829.990
 20   7    571.3    229.7   0.3998   0.4997   0.8000   1.2853 -1826.718
 20   8    571.3    229.7   0.3998   0.4997   0.8000   1.2853 -1826.718
 20   9    571.2    229.8   0.4300   0.5376   0.8000   1.3827 -1836.435
 20  10    570.7    230.3   0.4234   0.5293   0.8000   1.3617 -1836.634
 20  11    570.7    230.3   0.4301   0.5376   0.8000   1.3831 -1839.626
 20  12    570.1    230.9   0.3236   0.4045   0.8000   1.0409 -1728.731
 20  13    569.5    231.5   0.3191   0.3989   0.8000   1.0266 -1734.866
 20  14    569.3    231.7   0.3173   0.3966   0.8000   1.0207 -1735.151
 20  15    569.3    231.7   0.3225   0.4032   0.8000   1.0376 -1741.859
 20  16    569.4    231.6   0.3222   0.4028   0.8000   1.0366 -1739.843
 20  17    569.4    231.6   0.3222   0.4028   0.8000   1.0366 -1739.843
 20  18    569.9    231.1   0.2952   0.3689   0.8000   0.9493 -1718.995
 20  19    569.0    232.0   0.2968   0.3709   0.8000   0.9547 -1711.868
 21   1    570.3    230.7   0.3697   0.4622   0.8000   1.1891 -1776.289
 21   2    570.6    230.4   0.4040   0.5050   0.8000   1.2992 -1797.689
 21   3    570.9    230.1   0.4293   0.5366   0.8000   1.3804 -1823.897
 21   4    570.2    230.8   0.4097   0.5122   0.8000   1.3178 -1816.912
 21   5    571.6    229.4   0.4340   0.5426   0.8000   1.3954 -1831.749
 21   6    571.6    229.4   0.4340   0.5426   0.8000   1.3954 -1831.749
 21   7    571.7    229.3   0.4465   0.5581   0.8000   1.4353 -1838.490
 21   8    571.7    229.3   0.4465   0.5581   0.8000   1.4353 -1838.490
 21   9    571.6    229.4   0.4466   0.5583   0.8000   1.4358 -1838.769
 21  10    571.1    229.9   0.4218   0.5273   0.8000   1.3563 -1822.441
 21  11    571.0    230.0   0.4190   0.5237   0.8000   1.3471 -1821.363
 21  12    570.4    230.6   0.2935   0.3669   0.8000   0.9438 -1700.127
 21  13    569.9    231.1   0.3135   0.3919   0.8000   1.0083 -1721.794
 21  14    569.6    231.4   0.3223   0.4028   0.8000   1.0367 -1729.696
 21  15    569.7    231.3   0.3271   0.4089   0.8000   1.0522 -1735.188
 21  16    569.7    231.3   0.3268   0.4086   0.8000   1.0513 -1733.212
 21  17    569.7    231.3   0.3268   0.4086   0.8000   1.0513 -1733.212
 21  18    570.3    230.7   0.3252   0.4065   0.8000   1.0457 -1725.924
 21  19    569.4    231.6   0.3297   0.4121   0.8000   1.0607 -1732.076
 21  20    569.9    231.1   0.2595   0.3244   0.8000   0.8347 -1664.439
 22   1    569.9    231.1   0.4014   0.5017   0.8000   1.2909 -1803.890
 22   2    570.1    230.9   0.3796   0.4746   0.8000   1.2210 -1792.538
 22   3    570.4    230.6   0.4307   0.5383   0.8000   1.3850 -1832.207
 22   4    569.7    231.3   0.4077   0.5096   0.8000   1.3113 -1812.924
 22   5    571.1    229.9   0.4380   0.5475   0.8000   1.4083 -1839.015
 22   6    571.1    229.9   0.4380   0.5475   0.8000   1.4083 -1839.015
 22   7    571.3    229.7   0.4093   0.5117   0.8000   1.3161 -1824.328
 22   8    571.3    229.7   0.4093   0.5117   0.8000   1.3161 -1824.328
 22   9    571.1    229.9   0.4221   0.5276   0.8000   1.3572 -1837.349
 22  10    570.6    230.4   0.4222   0.5278   0.8000   1.3577 -1830.774
 22  11    570.6    230.4   0.4148   0.5185   0.8000   1.3338 -1828.343
 22  12    570.0    231.0   0.2911   0.3638   0.8000   0.9361 -1705.475
 22  13    569.4    231.6   0.2980   0.3724   0.8000   0.9585 -1716.891
 22  14    569.2    231.8   0.2994   0.3742   0.8000   0.9631 -1713.369
 22  15    569.2    231.8   0.3062   0.3827   0.8000   0.9850 -1720.715
 22  16    569.3    231.7   0.3019   0.3774   0.8000   0.9712 -1715.710
 22  17    569.3    231.7   0.3019   0.3774   0.8000   0.9712 -1715.710
 22  18    569.9    231.1   0.2855   0.3569   0.8000   0.9182 -1697.951
 22  19    568.9    232.1   0.2851   0.3564   0.8000   0.9172 -1696.106
 22  20    569.4    231.6   0.3014   0.3768   0.8000   0.9697 -1717.105
 22  21    569.8    231.2   0.2375   0.2968   0.8000   0.7638 -1644.062
 23   1    569.8    231.2   0.4109   0.5136   0.8000   1.3215 -1807.794
 23   2    570.1    230.9   0.3783   0.4729   0.8000   1.2166 -1788.476
 23   3    570.3    230.7   0.4102   0.5127   0.8000   1.3191 -1820.356
 23   4    569.7    231.3   0.4100   0.5125   0.8000   1.3188 -1813.359
 23   5    571.0    230.0   0.4407   0.5508   0.8000   1.4169 -1840.791
 23   6    571.0    230.0   0.4407   0.5508   0.8000   1.4169 -1840.791
 23   7    571.2    229.8   0.4207   0.5259   0.8000   1.3526 -1833.160
 23   8    571.2    229.8   0.4207   0.5259   0.8000   1.3526 -1833.160
 23   9    571.0    230.0   0.4116   0.5145   0.8000   1.3233 -1831.520
 23  10    570.6    230.4   0.4189   0.5236   0.8000   1.3470 -1827.595
 23  11    570.5    230.5   0.4114   0.5143   0.8000   1.3231 -1825.137
 23  12    569.9    231.1   0.2823   0.3529   0.8000   0.9080 -1697.340
 23  13    569.3    231.7   0.2934   0.3668   0.8000   0.9439 -1712.929
 23  14    569.1    231.9   0.2987   0.3734   0.8000   0.9610 -1711.646
 23  15    569.2    231.8   0.3075   0.3843   0.8000   0.9891 -1720.302
 23  16    569.2    231.8   0.3032   0.3790   0.8000   0.9753 -1715.309
 23  17    569.2    231.8   0.3032   0.3790   0.8000   0.9753 -1715.309
 23  18    569.8    231.2   0.2849   0.3562   0.8000   0.9165 -1696.458
 23  19    568.8    232.2   0.2852   0.3565   0.8000   0.9175 -1695.491
 23  20    569.3    231.7   0.3011   0.3764   0.8000   0.9688 -1716.586
 23  21    569.7    231.3   0.2442   0.3053   0.8000   0.7856 -1648.759
 23  22    569.3    231.7   0.0139   0.0174   0.8000   0.0448 -1142.977
 24   1    569.4    231.6   0.3643   0.4553   0.8000   1.1718 -1786.419
 24   2    569.7    231.3   0.4186   0.5233   0.8000   1.3465 -1825.290
 24   3    569.9    231.1   0.4240   0.5300   0.8000   1.3637 -1831.770
 24   4    569.3    231.7   0.4350   0.5437   0.8000   1.3994 -1823.723
 24   5    570.6    230.4   0.4229   0.5286   0.8000   1.3600 -1826.060
 24   6    570.6    230.4   0.4229   0.5286   0.8000   1.3600 -1826.060
 24   7    570.8    230.2   0.4255   0.5319   0.8000   1.3682 -1829.045
 24   8    570.8    230.2   0.4255   0.5319   0.8000   1.3682 -1829.045
 24   9    570.7    230.3   0.4210   0.5263   0.8000   1.3539 -1824.058
 24  10    570.2    230.8   0.4274   0.5342   0.8000   1.3745 -1825.335
 24  11    570.2    230.8   0.4268   0.5335   0.8000   1.3725 -1825.153
 24  12    569.6    231.4   0.3274   0.4093   0.8000   1.0532 -1747.626
 24  13    569.0    232.0   0.3276   0.4096   0.8000   1.0541 -1753.335
 24  14    568.7    232.3   0.3182   0.3977   0.8000   1.0238 -1748.910
 24  15    568.8    232.2   0.3297   0.4121   0.8000   1.0606 -1755.604
 24  16    568.8    232.2   0.3252   0.4065   0.8000   1.0463 -1750.846
 24  17    568.8    232.2   0.3252   0.4065   0.8000   1.0463 -1750.846
 24  18    569.4    231.6   0.3010   0.3762   0.8000   0.9682 -1728.815
 24  19    568.5    232.5   0.3120   0.3900   0.8000   1.0039 -1735.084
 24  20    568.9    232.1   0.2789   0.3486   0.8000   0.8972 -1701.665
 24  21    569.3    231.7   0.3032   0.3790   0.8000   0.9755 -1709.909
 24  22    568.9    232.1   0.2374   0.2967   0.8000   0.7637 -1641.771
 24  23    568.8    232.2   0.2430   0.3038   0.8000   0.7819 -1649.505
 25   1    568.6    232.4   0.3723   0.4653   0.8000   1.1978 -1787.327
 25   2    568.9    232.1   0.3964   0.4955   0.8000   1.2753 -1807.087
 25   3    569.1    231.9   0.4022   0.5027   0.8000   1.2938 -1820.166
 25   4    568.5    232.5   0.4058   0.5073   0.8000   1.3058 -1809.308
 25   5    569.8    231.2   0.4064   0.5080   0.8000   1.3072 -1813.880
 25   6    569.8    231.2   0.4064   0.5080   0.8000   1.3072 -1813.880
 25   7    570.0    231.0   0.4005   0.5006   0.8000   1.2881 -1817.190
 25   8    570.0    231.0   0.4005   0.5006   0.8000   1.2881 -1817.190
 25   9    569.9    231.1   0.3962   0.4952   0.8000   1.2742 -1813.091
 25  10    569.4    231.6   0.3793   0.4741   0.8000   1.2202 -1803.105
 25  11    569.3    231.7   0.3745   0.4682   0.8000   1.2048 -1800.839
 25  12    568.8    232.2   0.3541   0.4426   0.8000   1.1392 -1760.247
 25  13    568.2    232.8   0.3550   0.4438   0.8000   1.1424 -1779.491
 25  14    567.9    233.1   0.3448   0.4310   0.8000   1.1096 -1772.638
 25  15    568.0    233.0   0.3474   0.4343   0.8000   1.1181 -1775.232
 25  16    568.0    233.0   0.3471   0.4339   0.8000   1.1171 -1773.369
 25  17    568.0    233.0   0.3471   0.4339   0.8000   1.1171 -1773.369
 25  18    568.6    232.4   0.3515   0.4394   0.8000   1.1310 -1766.895
 25  19    567.6    233.4   0.3421   0.4277   0.8000   1.1011 -1755.616
 25  20    568.1    232.9   0.3246   0.4058   0.8000   1.0447 -1734.962
 25  21    568.5    232.5   0.2787   0.3484   0.8000   0.8967 -1683.845
 25  22    568.0    233.0   0.2159   0.2699   0.8000   0.6947 -1619.811
 25  23    568.0    233.0   0.2248   0.2810   0.8000   0.7233 -1631.992
 25  24    567.6    233.4   0.1792   0.2239   0.8000   0.5766 -1550.436
 26   1    571.0    230.0   0.3717   0.4646   0.8000   1.1952 -1778.697
 26   2    571.2    229.8   0.3698   0.4623   0.8000   1.1891 -1779.319
 26   3    571.5    229.5   0.4222   0.5277   0.8000   1.3573 -1833.508
 26   4    570.8    230.2   0.3673   0.4591   0.8000   1.1810 -1779.663
 26   5    572.2    228.8   0.3972   0.4965   0.8000   1.2768 -1806.435
 26   6    572.2    228.8   0.3972   0.4965   0.8000   1.2768 -1806.435
 26   7    572.3    228.7   0.3799   0.4748   0.8000   1.2210 -1795.024
 26   8    572.3    228.7   0.3799   0.4748   0.8000   1.2210 -1795.024
 26   9    572.2    228.8   0.3985   0.4982   0.8000   1.2810 -1808.321
 26  10    571.7    229.3   0.3731   0.4664   0.8000   1.1994 -1785.697
 26  11    571.7    229.3   0.3663   0.4579   0.8000   1.1776 -1783.065
 26  12    571.1    229.9   0.2796   0.3495   0.8000   0.8990 -1703.750
 26  13    570.5    230.5   0.3231   0.4038   0.8000   1.0389 -1735.051
 26  14    570.3    230.7   0.3271   0.4088   0.8000   1.0518 -1737.209
 26  15    570.3    230.7   0.3229   0.4036   0.8000   1.0383 -1734.573
 26  16    570.4    230.6   0.3185   0.3981   0.8000   1.0243 -1729.627
 26  17    570.4    230.6   0.3185   0.3981   0.8000   1.0243 -1729.627
 26  18    570.9    230.1   0.3190   0.3987   0.8000   1.0257 -1725.953
 26  19    570.0    231.0   0.3068   0.3835   0.8000   0.9868 -1720.474
 26  20    570.5    230.5   0.2659   0.3324   0.8000   0.8551 -1666.231
 26  21    570.9    230.1   0.2613   0.3266   0.8000   0.8401 -1654.682
 26  22    570.4    230.6   0.2809   0.3512   0.8000   0.9035 -1682.204
 26  23    570.3    230.7   0.2937   0.3672   0.8000   0.9446 -1696.698
 26  24    569.9    231.1   0.2957   0.3696   0.8000   0.9511 -1702.137
 26  25    569.1    231.9   0.2968   0.3710   0.8000   0.9547 -1697.949
 27   1    571.0    230.0   0.3717   0.4646   0.8000   1.1952 -1778.697
 27   2    571.2    229.8   0.3698   0.4623   0.8000   1.1891 -1779.319
 27   3    571.5    229.5   0.4222   0.5277   0.8000   1.3573 -1833.508
 27   4    570.8    230.2   0.3673   0.4591   0.8000   1.1810 -1779.663
 27   5    572.2    228.8   0.3972   0.4965   0.8000   1.2768 -1806.435
 27   6    572.2    228.8   0.3972   0.4965   0.8000   1.2768 -1806.435
 27   7    572.3    228.7   0.3799   0.4748   0.8000   1.2210 -1795.024
 27   8    572.3    228.7   0.3799   0.4748   0.8000   1.2210 -1795.024
 27   9    572.2    228.8   0.3985   0.4982   0.8000   1.2810 -1808.321
 27  10    571.7    229.3   0.3731   0.4664   0.8000   1.1994 -1785.697
 27  11    571.7    229.3   0.3663   0.4579   0.8000   1.1776 -1783.065
 27  12    571.1    229.9   0.2796   0.3495   0.8000   0.8990 -1703.750
 27  13    570.5    230.5   0.3231   0.4038   0.8000   1.0389 -1735.051
 27  14    570.3    230.7   0.3271   0.4088   0.8000   1.0518 -1737.209
 27  15    570.3    230.7   0.3229   0.4036   0.8000   1.0383 -1734.573
 27  16    570.4    230.6   0.3185   0.3981   0.8000   1.0243 -1729.627
 27  17    570.4    230.6   0.3185   0.3981   0.8000   1.0243 -1729.627
 27  18    570.9    230.1   0.3190   0.3987   0.8000   1.0257 -1725.953
 27  19    570.0    231.0   0.3068   0.3835   0.8000   0.9868 -1720.474
 27  20    570.5    230.5   0.2659   0.3324   0.8000   0.8551 -1666.231
 27  21    570.9    230.1   0.2613   0.3266   0.8000   0.8401 -1654.682
 27  22    570.4    230.6   0.2809   0.3512   0.8000   0.9035 -1682.204
 27  23    570.3    230.7   0.2937   0.3672   0.8000   0.9446 -1696.698
 27  24    569.9    231.1   0.2957   0.3696   0.8000   0.9511 -1702.137
 27  25    569.1    231.9   0.2968   0.3710   0.8000   0.9547 -1697.949
 27  26    571.5    229.5   0.0000   0.0000   0.8000   0.0000 -1069.894
 28   1    570.9    230.1   0.3559   0.4449   0.8000   1.1445 -1763.093
 28   2    571.1    229.9   0.3538   0.4423   0.8000   1.1376 -1758.284
 28   3    571.4    229.6   0.3943   0.4929   0.8000   1.2678 -1793.858
 28   4    570.7    230.3   0.3828   0.4785   0.8000   1.2309 -1778.661
 28   5    572.0    229.0   0.3926   0.4908   0.8000   1.2621 -1796.833
 28   6    572.0    229.0   0.3926   0.4908   0.8000   1.2621 -1796.833
 28   7    572.2    228.8   0.3776   0.4720   0.8000   1.2138 -1784.821
 28   8    572.2    228.8   0.3776   0.4720   0.8000   1.2138 -1784.821
 28   9    572.0    229.0   0.4083   0.5103   0.8000   1.3123 -1803.057
 28  10    571.6    229.4   0.3784   0.4730   0.8000   1.2164 -1784.652
 28  11    571.5    229.5   0.3760   0.4700   0.8000   1.2088 -1784.249
 28  12    571.0    230.0   0.3201   0.4002   0.8000   1.0294 -1728.655
 28  13    570.4    230.6   0.3251   0.4064   0.8000   1.0456 -1735.708
 28  14    570.2    230.8   0.3309   0.4137   0.8000   1.0643 -1739.516
 28  15    570.2    230.8   0.3358   0.4198   0.8000   1.0801 -1744.369
 28  16    570.3    230.7   0.3355   0.4194   0.8000   1.0791 -1742.360
 28  17    570.3    230.7   0.3355   0.4194   0.8000   1.0791 -1742.360
 28  18    570.8    230.2   0.3440   0.4300   0.8000   1.1062 -1737.436
 28  19    569.9    231.1   0.3284   0.4105   0.8000   1.0562 -1729.859
 28  20    570.4    230.6   0.3213   0.4016   0.8000   1.0332 -1743.559
 28  21    570.7    230.3   0.2696   0.3371   0.8000   0.8671 -1670.395
 28  22    570.3    230.7   0.2981   0.3726   0.8000   0.9587 -1715.883
 28  23    570.2    230.8   0.2930   0.3662   0.8000   0.9422 -1713.745
 28  24    569.8    231.2   0.3162   0.3952   0.8000   1.0169 -1731.446
 28  25    569.0    232.0   0.2850   0.3562   0.8000   0.9168 -1692.960
 28  26    571.4    229.6   0.2647   0.3309   0.8000   0.8511 -1670.293
 28  27    571.4    229.6   0.2647   0.3309   0.8000   0.8511 -1670.293
 29   1    571.1    229.9   0.3572   0.4465   0.8000   1.1485 -1760.138
 29   2    571.4    229.6   0.3714   0.4642   0.8000   1.1939 -1777.222
 29   3    571.6    229.4   0.3797   0.4746   0.8000   1.2207 -1794.884
 29   4    571.0    230.0   0.3760   0.4700   0.8000   1.2089 -1777.891
 29   5    572.2    228.8   0.3686   0.4608   0.8000   1.1849 -1776.632
 29   6    572.2    228.8   0.3686   0.4608   0.8000   1.1849 -1776.632
 29   7    572.3    228.7   0.3839   0.4798   0.8000   1.2338 -1791.644
 29   8    572.3    228.7   0.3839   0.4798   0.8000   1.2338 -1791.644
 29   9    572.3    228.7   0.3795   0.4743   0.8000   1.2197 -1784.133
 29  10    571.8    229.2   0.3593   0.4491   0.8000   1.1549 -1771.750
 29  11    571.8    229.2   0.3608   0.4510   0.8000   1.1599 -1772.731
 29  12    571.3    229.7   0.3116   0.3895   0.8000   1.0019 -1714.554
 29  13    570.7    230.3   0.3063   0.3829   0.8000   0.9850 -1713.113
 29  14    570.4    230.6   0.3195   0.3993   0.8000   1.0274 -1729.489
 29  15    570.4    230.6   0.3146   0.3933   0.8000   1.0118 -1724.231
 29  16    570.5    230.5   0.3103   0.3878   0.8000   0.9977 -1719.129
 29  17    570.5    230.5   0.3103   0.3878   0.8000   0.9977 -1719.129
 29  18    571.1    229.9   0.3071   0.3839   0.8000   0.9874 -1713.229
 29  19    570.2    230.8   0.3084   0.3856   0.8000   0.9920 -1718.676
 29  20    570.6    230.4   0.3258   0.4073   0.8000   1.0477 -1736.873
 29  21    571.0    230.0   0.2662   0.3327   0.8000   0.8559 -1667.219
 29  22    570.5    230.5   0.2975   0.3719   0.8000   0.9567 -1712.567
 29  23    570.5    230.5   0.2948   0.3684   0.8000   0.9479 -1710.517
 29  24    570.1    230.9   0.3030   0.3788   0.8000   0.9746 -1714.640
 29  25    569.3    231.7   0.2803   0.3504   0.8000   0.9017 -1694.001
 29  26    571.6    229.4   0.2623   0.3279   0.8000   0.8433 -1655.850
 29  27    571.6    229.4   0.2623   0.3279   0.8000   0.8433 -1655.850
 29  28    571.5    229.5   0.1886   0.2357   0.8000   0.6062 -1555.502
 30   1    571.1    229.9   0.3572   0.4465   0.8000   1.1485 -1760.138
 30   2    571.4    229.6   0.3714   0.4642   0.8000   1.1939 -1777.222
 30   3    571.6    229.4   0.3797   0.4746   0.8000   1.2207 -1794.884
 30   4    571.0    230.0   0.3760   0.4700   0.8000   1.2089 -1777.891
 30   5    572.2    228.8   0.3686   0.4608   0.8000   1.1849 -1776.632
 30   6    572.2    228.8   0.3686   0.4608   0.8000   1.1849 -1776.632
 30   7    572.3    228.7   0.3839   0.4798   0.8000   1.2338 -1791.644
 30   8    572.3    228.7   0.3839   0.4798   0.8000   1.2338 -1791.644
 30   9    572.3    228.7   0.3795   0.4743   0.8000   1.2197 -1784.133
 30  10    571.8    229.2   0.3593   0.4491   0.8000   1.1549 -1771.750
 30  11    571.8    229.2   0.3608   0.4510   0.8000   1.1599 -1772.731
 30  12    571.3    229.7   0.3116   0.3895   0.8000   1.0019 -1714.554
 30  13    570.7    230.3   0.3063   0.3829   0.8000   0.9850 -1713.113
 30  14    570.4    230.6   0.3195   0.3993   0.8000   1.0274 -1729.489
 30  15    570.4    230.6   0.3146   0.3933   0.8000   1.0118 -1724.231
 30  16    570.5    230.5   0.3103   0.3878   0.8000   0.9977 -1719.129
 30  17    570.5    230.5   0.3103   0.3878   0.8000   0.9977 -1719.129
 30  18    571.1    229.9   0.3071   0.3839   0.8000   0.9874 -1713.229
 30  19    570.2    230.8   0.3084   0.3856   0.8000   0.9920 -1718.676
 30  20    570.6    230.4   0.3258   0.4073   0.8000   1.0477 -1736.873
 30  21    571.0    230.0   0.2662   0.3327   0.8000   0.8559 -1667.219
 30  22    570.5    230.5   0.2975   0.3719   0.8000   0.9567 -1712.567
 30  23    570.5    230.5   0.2948   0.3684   0.8000   0.9479 -1710.517
 30  24    570.1    230.9   0.3030   0.3788   0.8000   0.9746 -1714.640
 30  25    569.3    231.7   0.2803   0.3504   0.8000   0.9017 -1694.001
 30  26    571.6    229.4   0.2623   0.3279   0.8000   0.8433 -1655.850
 30  27    571.6    229.4   0.2623   0.3279   0.8000   0.8433 -1655.850
 30  28    571.5    229.5   0.1886   0.2357   0.8000   0.6062 -1555.502
 30  29    571.9    229.1   0.0000   0.0000   0.8000   0.0000 -1062.111
 31   1    570.4    230.6   0.3726   0.4658   0.8000   1.1983 -1771.685
 31   2    570.6    230.4   0.3699   0.4624   0.8000   1.1895 -1764.027
 31   3    570.9    230.1   0.4096   0.5120   0.8000   1.3171 -1806.063
 31   4    570.2    230.8   0.4046   0.5058   0.8000   1.3013 -1797.198
 31   5    571.5    229.5   0.3941   0.4926   0.8000   1.2669 -1795.367
 31   6    571.5    229.5   0.3941   0.4926   0.8000   1.2669 -1795.367
 31   7    571.6    229.4   0.3745   0.4682   0.8000   1.2040 -1784.210
 31   8    571.6    229.4   0.3745   0.4682   0.8000   1.2040 -1784.210
 31   9    571.5    229.5   0.3761   0.4701   0.8000   1.2090 -1782.169
 31  10    571.1    229.9   0.3952   0.4940   0.8000   1.2707 -1791.406
 31  11    571.0    230.0   0.3882   0.4853   0.8000   1.2483 -1789.161
 31  12    570.5    230.5   0.3461   0.4326   0.8000   1.1129 -1751.974
 31  13    569.9    231.1   0.3468   0.4336   0.8000   1.1156 -1742.695
 31  14    569.6    231.4   0.3533   0.4416   0.8000   1.1365 -1754.759
 31  15    569.7    231.3   0.3510   0.4387   0.8000   1.1289 -1752.982
 31  16    569.8    231.2   0.3506   0.4383   0.8000   1.1279 -1750.867
 31  17    569.8    231.2   0.3506   0.4383   0.8000   1.1279 -1750.867
 31  18    570.4    230.6   0.3096   0.3870   0.8000   0.9956 -1720.223
 31  19    569.4    231.6   0.3033   0.3791   0.8000   0.9757 -1706.662
 31  20    569.9    231.1   0.3110   0.3887   0.8000   1.0002 -1722.571
 31  21    570.2    230.8   0.2916   0.3645   0.8000   0.9378 -1687.559
 31  22    569.8    231.2   0.3165   0.3956   0.8000   1.0180 -1736.501
 31  23    569.7    231.3   0.3213   0.4016   0.8000   1.0335 -1741.225
 31  24    569.4    231.6   0.3255   0.4069   0.8000   1.0472 -1740.419
 31  25    568.6    232.4   0.3103   0.3879   0.8000   0.9984 -1729.900
 31  26    570.9    230.1   0.2900   0.3626   0.8000   0.9326 -1691.845
 31  27    570.9    230.1   0.2900   0.3626   0.8000   0.9326 -1691.845
 31  28    570.8    230.2   0.2165   0.2706   0.8000   0.6961 -1589.313
 31  29    571.2    229.8   0.2195   0.2744   0.8000   0.7057 -1590.416
 31  30    571.2    229.8   0.2195   0.2744   0.8000   0.7057 -1590.416
 32   1    570.7    230.3   0.3547   0.4434   0.8000   1.1406 -1759.492
 32   2    570.9    230.1   0.3630   0.4538   0.8000   1.1673 -1772.291
 32   3    571.2    229.8   0.4139   0.5174   0.8000   1.3308 -1811.681
 32   4    570.5    230.5   0.3808   0.4760   0.8000   1.2245 -1781.226
 32   5    571.8    229.2   0.4003   0.5004   0.8000   1.2869 -1801.237
 32   6    571.8    229.2   0.4003   0.5004   0.8000   1.2869 -1801.237
 32   7    572.0    229.0   0.3951   0.4939   0.8000   1.2700 -1799.024
 32   8    572.0    229.0   0.3951   0.4939   0.8000   1.2700 -1799.024
 32   9    571.8    229.2   0.3839   0.4799   0.8000   1.2342 -1793.094
 32  10    571.4    229.6   0.3770   0.4713   0.8000   1.2121 -1781.889
 32  11    571.3    229.7   0.3703   0.4628   0.8000   1.1904 -1779.506
 32  12    570.8    230.2   0.3367   0.4209   0.8000   1.0827 -1737.034
 32  13    570.2    230.8   0.3302   0.4127   0.8000   1.0619 -1731.321
 32  14    569.9    231.1   0.3281   0.4101   0.8000   1.0552 -1734.129
 32  15    570.0    231.0   0.3190   0.3987   0.8000   1.0260 -1726.369
 32  16    570.0    231.0   0.3146   0.3933   0.8000   1.0119 -1721.287
 32  17    570.0    231.0   0.3146   0.3933   0.8000   1.0119 -1721.287
 32  18    570.7    230.3   0.3133   0.3917   0.8000   1.0076 -1715.185
 32  19    569.7    231.3   0.3175   0.3969   0.8000   1.0213 -1721.230
 32  20    570.2    230.8   0.3052   0.3815   0.8000   0.9814 -1719.320
 32  21    570.5    230.5   0.2558   0.3198   0.8000   0.8227 -1653.775
 32  22    570.1    230.9   0.2870   0.3587   0.8000   0.9229 -1711.061
 32  23    570.0    231.0   0.2975   0.3719   0.8000   0.9569 -1720.530
 32  24    569.7    231.3   0.3100   0.3875   0.8000   0.9971 -1729.152
 32  25    568.9    232.1   0.2999   0.3749   0.8000   0.9650 -1724.963
 32  26    571.2    229.8   0.2256   0.2820   0.8000   0.7253 -1619.717
 32  27    571.2    229.8   0.2256   0.2820   0.8000   0.7253 -1619.717
 32  28    571.1    229.9   0.1936   0.2420   0.8000   0.6225 -1558.837
 32  29    571.4    229.6   0.2000   0.2501   0.8000   0.6431 -1563.792
 32  30    571.4    229.6   0.2000   0.2501   0.8000   0.6431 -1563.792
 32  31    570.6    230.4   0.1682   0.2103   0.8000   0.5409 -1511.379
 33   1    572.1    228.9   0.3752   0.4690   0.8000   1.2061 -1778.377
 33   2    572.3    228.7   0.3912   0.4890   0.8000   1.2574 -1784.305
 33   3    572.6    228.4   0.4164   0.5205   0.8000   1.3382 -1823.189
 33   4    571.9    229.1   0.3914   0.4893   0.8000   1.2582 -1797.231
 33   5    573.3    227.7   0.3953   0.4942   0.8000   1.2702 -1803.772
 33   6    573.3    227.7   0.3953   0.4942   0.8000   1.2702 -1803.772
 33   7    573.5    227.5   0.3939   0.4924   0.8000   1.2656 -1805.890
 33   8    573.5    227.5   0.3939   0.4924   0.8000   1.2656 -1805.890
 33   9    573.3    227.7   0.3987   0.4984   0.8000   1.2812 -1814.938
 33  10    572.8    228.2   0.3890   0.4863   0.8000   1.2502 -1805.365
 33  11    572.8    228.2   0.3822   0.4778   0.8000   1.2284 -1803.232
 33  12    572.1    228.9   0.2951   0.3689   0.8000   0.9485 -1703.662
 33  13    571.6    229.4   0.3081   0.3851   0.8000   0.9903 -1722.825
 33  14    571.4    229.6   0.3105   0.3882   0.8000   0.9984 -1724.708
 33  15    571.4    229.6   0.3143   0.3928   0.8000   1.0104 -1726.507
 33  16    571.5    229.5   0.3099   0.3873   0.8000   0.9962 -1721.497
 33  17    571.5    229.5   0.3099   0.3873   0.8000   0.9962 -1721.497
 33  18    572.1    228.9   0.2912   0.3640   0.8000   0.9361 -1697.799
 33  19    571.1    229.9   0.2851   0.3564   0.8000   0.9167 -1687.553
 33  20    571.6    229.4   0.2983   0.3729   0.8000   0.9591 -1698.221
 33  21    572.0    229.0   0.2623   0.3278   0.8000   0.8430 -1660.381
 33  22    571.5    229.5   0.2553   0.3191   0.8000   0.8208 -1651.351
 33  23    571.5    229.5   0.2621   0.3277   0.8000   0.8428 -1656.181
 33  24    571.1    229.9   0.2867   0.3584   0.8000   0.9219 -1700.624
 33  25    570.3    230.7   0.2764   0.3455   0.8000   0.8890 -1689.535
 33  26    572.6    228.4   0.2446   0.3058   0.8000   0.7862 -1629.132
 33  27    572.6    228.4   0.2446   0.3058   0.8000   0.7862 -1629.132
 33  28    572.4    228.6   0.2659   0.3324   0.8000   0.8546 -1663.572
 33  29    572.6    228.4   0.2449   0.3061   0.8000   0.7870 -1626.309
 33  30    572.6    228.4   0.2449   0.3061   0.8000   0.7870 -1626.309
 33  31    571.9    229.1   0.2667   0.3334   0.8000   0.8573 -1658.814
 33  32    572.2    228.8   0.2336   0.2920   0.8000   0.7508 -1617.361
 34   1    572.1    228.9   0.3752   0.4690   0.8000   1.2061 -1778.377
 34   2    572.3    228.7   0.3912   0.4890   0.8000   1.2574 -1784.305
 34   3    572.6    228.4   0.4164   0.5205   0.8000   1.3382 -1823.189
 34   4    571.9    229.1   0.3914   0.4893   0.8000   1.2582 -1797.231
 34   5    573.3    227.7   0.3953   0.4942   0.8000   1.2702 -1803.772
 34   6    573.3    227.7   0.3953   0.4942   0.8000   1.2702 -1803.772
 34   7    573.5    227.5   0.3939   0.4924   0.8000   1.2656 -1805.890
 34   8    573.5    227.5   0.3939   0.4924   0.8000   1.2656 -1805.890
 34   9    573.3    227.7   0.3987   0.4984   0.8000   1.2812 -1814.938
 34  10    572.8    228.2   0.3890   0.4863   0.8000   1.2502 -1805.365
 34  11    572.8    228.2   0.3822   0.4778   0.8000   1.2284 -1803.232
 34  12    572.1    228.9   0.2951   0.3689   0.8000   0.9485 -1703.662
 34  13    571.6    229.4   0.3081   0.3851   0.8000   0.9903 -1722.825
 34  14    571.4    229.6   0.3105   0.3882   0.8000   0.9984 -1724.708
 34  15    571.4    229.6   0.3143   0.3928   0.8000   1.0104 -1726.507
 34  16    571.5    229.5   0.3099   0.3873   0.8000   0.9962 -1721.497
 34  17    571.5    229.5   0.3099   0.3873   0.8000   0.9962 -1721.497
 34  18    572.1    228.9   0.2912   0.3640   0.8000   0.9361 -1697.799
 34  19    571.1    229.9   0.2851   0.3564   0.8000   0.9167 -1687.553
 34  20    571.6    229.4   0.2983   0.3729   0.8000   0.9591 -1698.221
 34  21    572.0    229.0   0.2623   0.3278   0.8000   0.8430 -1660.381
 34  22    571.5    229.5   0.2553   0.3191   0.8000   0.8208 -1651.351
 34  23    571.5    229.5   0.2621   0.3277   0.8000   0.8428 -1656.181
 34  24    571.1    229.9   0.2867   0.3584   0.8000   0.9219 -1700.624
 34  25    570.3    230.7   0.2764   0.3455   0.8000   0.8890 -1689.535
 34  26    572.6    228.4   0.2446   0.3058   0.8000   0.7862 -1629.132
 34  27    572.6    228.4   0.2446   0.3058   0.8000   0.7862 -1629.132
 34  28    572.4    228.6   0.2659   0.3324   0.8000   0.8546 -1663.572
 34  29    572.6    228.4   0.2449   0.3061   0.8000   0.7870 -1626.309
 34  30    572.6    228.4   0.2449   0.3061   0.8000   0.7870 -1626.309
 34  31    571.9    229.1   0.2667   0.3334   0.8000   0.8573 -1658.814
 34  32    572.2    228.8   0.2336   0.2920   0.8000   0.7508 -1617.361
 34  33    573.7    227.3   0.0000   0.0000   0.8000   0.0000 -1065.968
 35   1    569.2    231.8   0.3635   0.4544   0.8000   1.1694 -1775.397
 35   2    569.5    231.5   0.3668   0.4585   0.8000   1.1800 -1784.609
 35   3    569.7    231.3   0.4114   0.5142   0.8000   1.3232 -1821.957
 35   4    569.1    231.9   0.3875   0.4844   0.8000   1.2468 -1804.041
 35   5    570.4    230.6   0.3876   0.4845   0.8000   1.2465 -1806.179
 35   6    570.4    230.6   0.3876   0.4845   0.8000   1.2465 -1806.179
 35   7    570.5    230.5   0.3723   0.4654   0.8000   1.1973 -1789.413
 35   8    570.5    230.5   0.3723   0.4654   0.8000   1.1973 -1789.413
 35   9    570.4    230.6   0.3853   0.4817   0.8000   1.2392 -1808.974
 35  10    570.0    231.0   0.3581   0.4477   0.8000   1.1519 -1784.757
 35  11    569.9    231.1   0.3604   0.4506   0.8000   1.1593 -1786.949
 35  12    569.3    231.7   0.3119   0.3899   0.8000   1.0035 -1723.252
 35  13    568.7    232.3   0.2851   0.3564   0.8000   0.9174 -1697.415
 35  14    568.5    232.5   0.2857   0.3571   0.8000   0.9192 -1698.381
 35  15    568.5    232.5   0.2910   0.3638   0.8000   0.9364 -1701.860
 35  16    568.6    232.4   0.2869   0.3586   0.8000   0.9230 -1696.695
 35  17    568.6    232.4   0.2869   0.3586   0.8000   0.9230 -1696.695
 35  18    569.2    231.8   0.2787   0.3484   0.8000   0.8967 -1700.166
 35  19    568.2    232.8   0.3075   0.3844   0.8000   0.9895 -1717.280
 35  20    568.7    232.3   0.2744   0.3430   0.8000   0.8829 -1689.313
 35  21    569.1    231.9   0.2543   0.3179   0.8000   0.8182 -1659.376
 35  22    568.6    232.4   0.2491   0.3113   0.8000   0.8014 -1668.695
 35  23    568.6    232.4   0.2487   0.3108   0.8000   0.8001 -1667.763
 35  24    568.2    232.8   0.2617   0.3272   0.8000   0.8422 -1685.085
 35  25    567.4    233.6   0.2872   0.3591   0.8000   0.9246 -1711.781
 35  26    569.7    231.3   0.2630   0.3287   0.8000   0.8459 -1671.807
 35  27    569.7    231.3   0.2630   0.3287   0.8000   0.8459 -1671.807
 35  28    569.6    231.4   0.2785   0.3481   0.8000   0.8957 -1693.294
 35  29    569.9    231.1   0.3026   0.3783   0.8000   0.9734 -1721.781
 35  30    569.9    231.1   0.3026   0.3783   0.8000   0.9734 -1721.781
 35  31    569.2    231.8   0.2962   0.3702   0.8000   0.9528 -1704.282
 35  32    569.5    231.5   0.2865   0.3581   0.8000   0.9215 -1696.425
 35  33    570.8    230.2   0.2668   0.3335   0.8000   0.8578 -1666.154
 35  34    570.8    230.2   0.2668   0.3335   0.8000   0.8578 -1666.154
 36   1    570.0    231.0   0.3710   0.4638   0.8000   1.1932 -1781.507
 36   2    570.3    230.7   0.3692   0.4615   0.8000   1.1873 -1781.351
 36   3    570.5    230.5   0.4400   0.5501   0.8000   1.4151 -1832.365
 36   4    569.8    231.2   0.4154   0.5193   0.8000   1.3362 -1811.532
 36   5    571.2    229.8   0.4231   0.5289   0.8000   1.3605 -1820.407
 36   6    571.2    229.8   0.4231   0.5289   0.8000   1.3605 -1820.407
 36   7    571.4    229.6   0.4170   0.5212   0.8000   1.3406 -1821.270
 36   8    571.4    229.6   0.4170   0.5212   0.8000   1.3406 -1821.270
 36   9    571.2    229.8   0.4101   0.5126   0.8000   1.3185 -1816.505
 36  10    570.7    230.3   0.4231   0.5289   0.8000   1.3606 -1816.131
 36  11    570.7    230.3   0.4162   0.5202   0.8000   1.3383 -1814.130
 36  12    570.1    230.9   0.3033   0.3791   0.8000   0.9754 -1703.033
 36  13    569.5    231.5   0.3160   0.3949   0.8000   1.0164 -1721.190
 36  14    569.3    231.7   0.3271   0.4089   0.8000   1.0523 -1732.843
 36  15    569.3    231.7   0.3277   0.4097   0.8000   1.0543 -1735.235
 36  16    569.4    231.6   0.3233   0.4041   0.8000   1.0399 -1730.326
 36  17    569.4    231.6   0.3233   0.4041   0.8000   1.0399 -1730.326
 36  18    570.0    231.0   0.3034   0.3792   0.8000   0.9758 -1719.326
 36  19    569.0    232.0   0.2962   0.3703   0.8000   0.9530 -1697.910
 36  20    569.5    231.5   0.2692   0.3365   0.8000   0.8659 -1675.679
 36  21    569.9    231.1   0.2531   0.3164   0.8000   0.8142 -1646.621
 36  22    569.4    231.6   0.2862   0.3577   0.8000   0.9206 -1700.846
 36  23    569.4    231.6   0.2926   0.3658   0.8000   0.9414 -1707.983
 36  24    569.0    232.0   0.2869   0.3586   0.8000   0.9230 -1696.940
 36  25    568.2    232.8   0.3000   0.3750   0.8000   0.9653 -1704.749
 36  26    570.5    230.5   0.2685   0.3356   0.8000   0.8635 -1669.325
 36  27    570.5    230.5   0.2685   0.3356   0.8000   0.8635 -1669.325
 36  28    570.4    230.6   0.2854   0.3567   0.8000   0.9177 -1682.759
 36  29    570.7    230.3   0.3031   0.3788   0.8000   0.9746 -1696.535
 36  30    570.7    230.3   0.3031   0.3788   0.8000   0.9746 -1696.535
 36  31    569.9    231.1   0.2759   0.3449   0.8000   0.8875 -1673.248
 36  32    570.2    230.8   0.2647   0.3308   0.8000   0.8512 -1664.596
 36  33    571.6    229.4   0.2559   0.3199   0.8000   0.8227 -1659.358
 36  34    571.6    229.4   0.2559   0.3199   0.8000   0.8227 -1659.358
 36  35    568.8    232.2   0.2173   0.2716   0.8000   0.6990 -1607.676
 37   1    569.0    232.0   0.3753   0.4692   0.8000   1.2076 -1787.019
 37   2    569.2    231.8   0.3950   0.4937   0.8000   1.2707 -1802.201
 37   3    569.5    231.5   0.4404   0.5505   0.8000   1.4166 -1839.446
 37   4    568.8    232.2   0.3992   0.4990   0.8000   1.2843 -1804.704
 37   5    570.2    230.8   0.4132   0.5165   0.8000   1.3289 -1819.269
 37   6    570.2    230.8   0.4132   0.5165   0.8000   1.3289 -1819.269
 37   7    570.3    230.7   0.4033   0.5041   0.8000   1.2969 -1819.839
 37   8    570.3    230.7   0.4033   0.5041   0.8000   1.2969 -1819.839
 37   9    570.2    230.8   0.3911   0.4889   0.8000   1.2579 -1807.288
 37  10    569.7    231.3   0.4051   0.5064   0.8000   1.3031 -1811.684
 37  11    569.6    231.4   0.4027   0.5033   0.8000   1.2953 -1811.085
 37  12    569.0    232.0   0.2934   0.3668   0.8000   0.9440 -1694.140
 37  13    568.5    232.5   0.2893   0.3616   0.8000   0.9308 -1704.624
 37  14    568.2    232.8   0.2930   0.3663   0.8000   0.9429 -1713.725
 37  15    568.3    232.7   0.2926   0.3658   0.8000   0.9417 -1713.484
 37  16    568.3    232.7   0.2885   0.3606   0.8000   0.9282 -1708.383
 37  17    568.3    232.7   0.2885   0.3606   0.8000   0.9282 -1708.383
 37  18    568.9    232.1   0.2990   0.3738   0.8000   0.9620 -1718.230
 37  19    568.0    233.0   0.2921   0.3652   0.8000   0.9401 -1705.949
 37  20    568.5    232.5   0.2966   0.3707   0.8000   0.9542 -1697.357
 37  21    568.8    232.2   0.2402   0.3003   0.8000   0.7729 -1635.301
 37  22    568.4    232.6   0.2488   0.3110   0.8000   0.8006 -1672.192
 37  23    568.3    232.7   0.2550   0.3187   0.8000   0.8204 -1680.933
 37  24    568.0    233.0   0.2963   0.3704   0.8000   0.9535 -1704.345
 37  25    567.1    233.9   0.2780   0.3475   0.8000   0.8950 -1689.818
 37  26    569.5    231.5   0.2520   0.3150   0.8000   0.8105 -1652.534
 37  27    569.5    231.5   0.2520   0.3150   0.8000   0.8105 -1652.534
 37  28    569.4    231.6   0.2975   0.3719   0.8000   0.9570 -1704.999
 37  29    569.7    231.3   0.2794   0.3493   0.8000   0.8988 -1685.596
 37  30    569.7    231.3   0.2794   0.3493   0.8000   0.8988 -1685.596
 37  31    568.9    232.1   0.2954   0.3693   0.8000   0.9506 -1701.445
 37  32    569.2    231.8   0.2689   0.3361   0.8000   0.8649 -1674.499
 37  33    570.6    230.4   0.2725   0.3406   0.8000   0.8763 -1673.628
 37  34    570.6    230.4   0.2725   0.3406   0.8000   0.8763 -1673.628
 37  35    567.7    233.3   0.2172   0.2715   0.8000   0.6991 -1594.906
 37  36    568.5    232.5   0.1407   0.1758   0.8000   0.4526 -1466.509
 38   1    569.0    232.0   0.3398   0.4248   0.8000   1.0933 -1759.260
 38   2    569.2    231.8   0.3998   0.4998   0.8000   1.2863 -1812.628
 38   3    569.5    231.5   0.4324   0.5405   0.8000   1.3908 -1828.317
 38   4    568.8    232.2   0.4085   0.5106   0.8000   1.3142 -1810.601
 38   5    570.2    230.8   0.4027   0.5034   0.8000   1.2951 -1811.890
 38   6    570.2    230.8   0.4027   0.5034   0.8000   1.2951 -1811.890
 38   7    570.4    230.6   0.3995   0.4994   0.8000   1.2847 -1814.403
 38   8    570.4    230.6   0.3995   0.4994   0.8000   1.2847 -1814.403
 38   9    570.2    230.8   0.3991   0.4988   0.8000   1.2834 -1812.585
 38  10    569.7    231.3   0.3920   0.4899   0.8000   1.2607 -1801.279
 38  11    569.7    231.3   0.3851   0.4814   0.8000   1.2388 -1798.671
 38  12    569.1    231.9   0.3145   0.3931   0.8000   1.0118 -1712.760
 38  13    568.5    232.5   0.3203   0.4004   0.8000   1.0308 -1735.685
 38  14    568.3    232.7   0.3215   0.4019   0.8000   1.0346 -1738.285
 38  15    568.3    232.7   0.3192   0.3990   0.8000   1.0271 -1737.008
 38  16    568.4    232.6   0.3148   0.3935   0.8000   1.0130 -1732.133
 38  17    568.4    232.6   0.3148   0.3935   0.8000   1.0130 -1732.133
 38  18    569.0    232.0   0.2971   0.3714   0.8000   0.9559 -1718.276
 38  19    568.0    233.0   0.2873   0.3591   0.8000   0.9246 -1700.167
 38  20    568.5    232.5   0.2954   0.3692   0.8000   0.9505 -1700.221
 38  21    568.9    232.1   0.2594   0.3243   0.8000   0.8346 -1660.932
 38  22    568.4    232.6   0.2678   0.3347   0.8000   0.8616 -1684.410
 38  23    568.4    232.6   0.2701   0.3377   0.8000   0.8693 -1686.921
 38  24    568.0    233.0   0.2899   0.3624   0.8000   0.9331 -1703.914
 38  25    567.2    233.8   0.2784   0.3480   0.8000   0.8961 -1695.680
 38  26    569.5    231.5   0.2520   0.3150   0.8000   0.8105 -1656.772
 38  27    569.5    231.5   0.2520   0.3150   0.8000   0.8105 -1656.772
 38  28    569.4    231.6   0.2859   0.3574   0.8000   0.9197 -1694.494
 38  29    569.7    231.3   0.3071   0.3839   0.8000   0.9878 -1714.001
 38  30    569.7    231.3   0.3071   0.3839   0.8000   0.9878 -1714.001
 38  31    568.9    232.1   0.2753   0.3442   0.8000   0.8858 -1684.042
 38  32    569.2    231.8   0.2745   0.3431   0.8000   0.8831 -1680.785
 38  33    570.6    230.4   0.2632   0.3290   0.8000   0.8465 -1667.766
 38  34    570.6    230.4   0.2632   0.3290   0.8000   0.8465 -1667.766
 38  35    567.7    233.3   0.2077   0.2596   0.8000   0.6685 -1587.658
 38  36    568.5    232.5   0.1296   0.1620   0.8000   0.4170 -1454.955
 38  37    567.5    233.5   0.1030   0.1288   0.8000   0.3316 -1389.628

