Supplemental results for CODEML (seqf: /gpfs/scratch/cltucker/EBH381-Group-Project/SIV_aligned_NEF.fas  treef: )


pairwise comparison (Goldman & Yang 1994)
seq seq        N       S       dN       dS     dN/dS   Paras.
  2   1    359.4    120.6   0.3267  65.3443   0.0050  50.0000 -1183.990
  3   1    356.7    123.3   0.3199  63.9782   0.0050  50.0000 -1160.098
  3   2    354.3    125.7   0.3138  62.7598   0.0050  50.0000 -1144.881
  4   1    357.5    122.5   0.3218  64.3528   0.0050  50.0000 -1144.983
  4   2    355.0    125.0   0.3156  63.1256   0.0050  50.0000 -1133.740
  4   3    352.4    127.6   0.1668  33.3583   0.0050  26.9748 -1031.815
  5   1    356.8    123.2   0.3200  64.0099   0.0050  50.0000 -1145.055
  5   2    354.4    125.6   0.3139  62.7851   0.0050  50.0000 -1160.895
  5   3    351.7    128.3   0.1468  29.3552   0.0050  23.8567 -1018.746
  5   4    352.4    127.6   0.1693  33.8630   0.0050  27.3728 -1028.963
  6   1    356.8    123.2   0.3200  64.0099   0.0050  50.0000 -1145.055
  6   2    354.4    125.6   0.3139  62.7851   0.0050  50.0000 -1160.895
  6   3    351.7    128.3   0.1468  29.3552   0.0050  23.8567 -1018.746
  6   4    352.4    127.6   0.1693  33.8630   0.0050  27.3728 -1028.963
  6   5    351.8    128.2   0.0000   0.0000   0.0050   0.0000  -652.070
  7   1    357.3    122.7   0.3213  64.2687   0.0050  50.0000 -1148.456
  7   2    354.9    125.1   0.3152  63.0377   0.0050  50.0000 -1148.706
  7   3    352.2    127.8   0.1568  31.3638   0.0050  25.3985 -1024.424
  7   4    352.9    127.1   0.1543  30.8694   0.0050  24.8590 -1018.504
  7   5    352.2    127.8   0.0012   0.2497   0.0050   0.2021  -824.229
  7   6    352.2    127.8   0.0012   0.2497   0.0050   0.2021  -824.229
  8   1    357.3    122.7   0.3213  64.2687   0.0050  50.0000 -1148.456
  8   2    354.9    125.1   0.3152  63.0377   0.0050  50.0000 -1148.706
  8   3    352.2    127.8   0.1568  31.3639   0.0050  25.3985 -1024.424
  8   4    352.9    127.1   0.1543  30.8694   0.0050  24.8590 -1018.504
  8   5    352.2    127.8   0.0012   0.2497   0.0050   0.2021  -824.229
  8   6    352.2    127.8   0.0012   0.2497   0.0050   0.2021  -824.229
  8   7    352.7    127.3   0.0000   0.0000   0.0050   0.0000  -650.549
  9   1    357.4    122.6   0.3216  64.3255   0.0050  50.0000 -1148.698
  9   2    355.0    125.0   0.3155  63.1008   0.0050  50.0000 -1155.708
  9   3    352.3    127.7   0.1537  30.7351   0.0050  24.8602 -1023.029
  9   4    353.1    126.9   0.1841  36.8281   0.0050  29.6244 -1037.231
  9   5    352.4    127.6   0.0028   0.5621   0.0050   0.4545  -937.555
  9   6    352.4    127.6   0.0028   0.5621   0.0050   0.4545  -937.555
  9   7    352.9    127.1   0.0025   0.5047   0.0050   0.4065  -902.470
  9   8    352.9    127.1   0.0025   0.5047   0.0050   0.4065  -902.470
 10   1    357.9    122.1   0.3228  64.5517   0.0050  50.0000 -1146.873
 10   2    355.4    124.6   0.3166  63.3204   0.0050  50.0000 -1154.226
 10   3    352.8    127.2   0.1609  32.1853   0.0050  25.9328 -1024.725
 10   4    353.5    126.5   0.1810  36.1955   0.0050  29.0091 -1035.973
 10   5    352.9    127.1   0.0023   0.4530   0.0050   0.3649  -904.862
 10   6    352.9    127.1   0.0023   0.4530   0.0050   0.3649  -904.862
 10   7    353.3    126.7   0.0024   0.4804   0.0050   0.3856  -883.126
 10   8    353.3    126.7   0.0024   0.4804   0.0050   0.3856  -883.126
 10   9    353.5    126.5   0.0023   0.4510   0.0050   0.3615  -891.043
 11   1    357.9    122.1   0.3228  64.5517   0.0050  50.0000 -1146.873
 11   2    355.4    124.6   0.3166  63.3204   0.0050  50.0000 -1154.226
 11   3    352.8    127.2   0.1609  32.1853   0.0050  25.9328 -1024.725
 11   4    353.5    126.5   0.1810  36.1955   0.0050  29.0091 -1035.973
 11   5    352.9    127.1   0.0023   0.4530   0.0050   0.3649  -904.862
 11   6    352.9    127.1   0.0023   0.4530   0.0050   0.3649  -904.862
 11   7    353.3    126.7   0.0024   0.4804   0.0050   0.3856  -883.126
 11   8    353.3    126.7   0.0024   0.4804   0.0050   0.3856  -883.126
 11   9    353.5    126.5   0.0023   0.4510   0.0050   0.3615  -891.043
 11  10    354.0    126.0   0.0000   0.0000   0.0050   0.0000  -650.432
 12   1    359.5    120.5   0.3272  65.4362   0.0050  50.0000 -1198.214
 12   2    357.2    122.8   0.3210  64.2013   0.0050  50.0000 -1194.521
 12   3    354.6    125.4   0.3145  62.9100   0.0050  50.0000 -1198.011
 12   4    355.3    124.7   0.3163  63.2520   0.0050  50.0000 -1195.036
 12   5    354.7    125.3   0.3147  62.9397   0.0050  50.0000 -1198.720
 12   6    354.7    125.3   0.3147  62.9397   0.0050  50.0000 -1198.720
 12   7    355.1    124.9   0.3158  63.1646   0.0050  50.0000 -1193.853
 12   8    355.1    124.9   0.3158  63.1646   0.0050  50.0000 -1193.853
 12   9    355.3    124.7   0.3162  63.2339   0.0050  50.0000 -1191.097
 12  10    355.8    124.2   0.3174  63.4861   0.0050  50.0000 -1199.387
 12  11    355.8    124.2   0.3174  63.4861   0.0050  50.0000 -1199.387
 13   1    359.3    120.7   0.3266  65.3108   0.0050  50.0000 -1203.278
 13   2    356.9    123.1   0.3203  64.0691   0.0050  50.0000 -1208.411
 13   3    354.3    125.7   0.3137  62.7356   0.0050  50.0000 -1216.730
 13   4    355.0    125.0   0.3155  63.0960   0.0050  50.0000 -1211.179
 13   5    354.3    125.7   0.3138  62.7594   0.0050  50.0000 -1199.023
 13   6    354.3    125.7   0.3138  62.7594   0.0050  50.0000 -1199.023
 13   7    354.8    125.2   0.3150  63.0060   0.0050  50.0000 -1206.813
 13   8    354.8    125.2   0.3150  63.0060   0.0050  50.0000 -1206.813
 13   9    354.9    125.1   0.3154  63.0733   0.0050  50.0000 -1209.734
 13  10    355.4    124.6   0.3165  63.2977   0.0050  50.0000 -1203.049
 13  11    355.4    124.6   0.3165  63.2977   0.0050  50.0000 -1203.049
 13  12    357.1    122.9   0.3209  64.1791   0.0050  50.0000 -1167.997
 14   1    359.2    120.8   0.3262  65.2363   0.0050  50.0000 -1192.743
 14   2    356.8    123.2   0.3200  63.9987   0.0050  50.0000 -1207.378
 14   3    354.1    125.9   0.3133  62.6654   0.0050  50.0000 -1213.719
 14   4    354.8    125.2   0.3151  63.0268   0.0050  50.0000 -1210.121
 14   5    354.2    125.8   0.3135  62.6914   0.0050  50.0000 -1195.872
 14   6    354.2    125.8   0.3135  62.6914   0.0050  50.0000 -1195.872
 14   7    354.7    125.3   0.3147  62.9393   0.0050  50.0000 -1200.456
 14   8    354.7    125.3   0.3147  62.9393   0.0050  50.0000 -1200.456
 14   9    354.8    125.2   0.3150  63.0030   0.0050  50.0000 -1199.790
 14  10    355.2    124.8   0.3161  63.2270   0.0050  50.0000 -1193.226
 14  11    355.2    124.8   0.3161  63.2270   0.0050  50.0000 -1193.226
 14  12    357.0    123.0   0.3205  64.1043   0.0050  50.0000 -1161.217
 14  13    356.7    123.3   0.0007   0.1302   0.0050   0.1017  -753.611
 15   1    359.4    120.6   0.3267  65.3472   0.0050  50.0000 -1201.656
 15   2    357.0    123.0   0.3205  64.1075   0.0050  50.0000 -1207.544
 15   3    354.3    125.7   0.3138  62.7691   0.0050  50.0000 -1217.762
 15   4    355.1    124.9   0.3157  63.1323   0.0050  50.0000 -1209.341
 15   5    354.4    125.6   0.3140  62.7947   0.0050  50.0000 -1200.417
 15   6    354.4    125.6   0.3140  62.7947   0.0050  50.0000 -1200.417
 15   7    354.9    125.1   0.3152  63.0442   0.0050  50.0000 -1201.413
 15   8    354.9    125.1   0.3152  63.0442   0.0050  50.0000 -1201.413
 15   9    355.0    125.0   0.3155  63.1083   0.0050  50.0000 -1200.800
 15  10    355.5    124.5   0.3167  63.3312   0.0050  50.0000 -1197.759
 15  11    355.5    124.5   0.3167  63.3312   0.0050  50.0000 -1197.759
 15  12    357.2    122.8   0.3211  64.2109   0.0050  50.0000 -1166.175
 15  13    356.9    123.1   0.0006   0.1296   0.0050   0.1012  -752.356
 15  14    356.8    123.2   0.0004   0.0839   0.0050   0.0656  -724.034
 16   1    359.2    120.8   0.3264  65.2757   0.0050  50.0000 -1200.230
 16   2    356.9    123.1   0.3202  64.0363   0.0050  50.0000 -1209.490
 16   3    354.2    125.8   0.3135  62.7057   0.0050  50.0000 -1219.727
 16   4    354.9    125.1   0.3153  63.0653   0.0050  50.0000 -1211.325
 16   5    354.2    125.8   0.3137  62.7307   0.0050  50.0000 -1198.835
 16   6    354.2    125.8   0.3137  62.7307   0.0050  50.0000 -1198.835
 16   7    354.7    125.3   0.3149  62.9765   0.0050  50.0000 -1203.443
 16   8    354.7    125.3   0.3149  62.9765   0.0050  50.0000 -1203.443
 16   9    354.9    125.1   0.3152  63.0425   0.0050  50.0000 -1202.768
 16  10    355.3    124.7   0.3163  63.2684   0.0050  50.0000 -1196.190
 16  11    355.3    124.7   0.3163  63.2684   0.0050  50.0000 -1196.190
 16  12    357.1    122.9   0.3207  64.1471   0.0050  50.0000 -1167.999
 16  13    356.8    123.2   0.0006   0.1204   0.0050   0.0941  -744.501
 16  14    356.7    123.3   0.0004   0.0752   0.0050   0.0588  -715.742
 16  15    356.9    123.1   0.0000   0.0080   0.0050   0.0063  -658.997
 17   1    359.2    120.8   0.3264  65.2757   0.0050  50.0000 -1200.230
 17   2    356.9    123.1   0.3202  64.0363   0.0050  50.0000 -1209.490
 17   3    354.2    125.8   0.3135  62.7057   0.0050  50.0000 -1219.727
 17   4    354.9    125.1   0.3153  63.0653   0.0050  50.0000 -1211.325
 17   5    354.2    125.8   0.3137  62.7307   0.0050  50.0000 -1198.835
 17   6    354.2    125.8   0.3137  62.7307   0.0050  50.0000 -1198.835
 17   7    354.7    125.3   0.3149  62.9765   0.0050  50.0000 -1203.443
 17   8    354.7    125.3   0.3149  62.9765   0.0050  50.0000 -1203.443
 17   9    354.9    125.1   0.3152  63.0425   0.0050  50.0000 -1202.768
 17  10    355.3    124.7   0.3163  63.2684   0.0050  50.0000 -1196.190
 17  11    355.3    124.7   0.3163  63.2684   0.0050  50.0000 -1196.190
 17  12    357.1    122.9   0.3207  64.1471   0.0050  50.0000 -1167.999
 17  13    356.8    123.2   0.0006   0.1204   0.0050   0.0941  -744.501
 17  14    356.7    123.3   0.0004   0.0752   0.0050   0.0588  -715.742
 17  15    356.9    123.1   0.0000   0.0080   0.0050   0.0063  -658.997
 17  16    356.7    123.3   0.0000   0.0000   0.0050   0.0000  -647.421
 18   1    357.6    122.4   0.3221  64.4282   0.0050  50.0000 -1189.158
 18   2    355.2    124.8   0.3159  63.1836   0.0050  50.0000 -1191.887
 18   3    352.5    127.5   0.3094  61.8889   0.0050  50.0000 -1209.056
 18   4    353.2    126.8   0.3112  62.2306   0.0050  50.0000 -1210.308
 18   5    352.5    127.5   0.3095  61.8996   0.0050  50.0000 -1197.516
 18   6    352.5    127.5   0.3095  61.8996   0.0050  50.0000 -1197.516
 18   7    353.0    127.0   0.3106  62.1294   0.0050  50.0000 -1193.553
 18   8    353.0    127.0   0.3106  62.1294   0.0050  50.0000 -1193.553
 18   9    353.2    126.8   0.3111  62.2153   0.0050  50.0000 -1199.493
 18  10    353.6    126.4   0.3122  62.4395   0.0050  50.0000 -1194.759
 18  11    353.6    126.4   0.3122  62.4395   0.0050  50.0000 -1194.759
 18  12    355.4    124.6   0.3166  63.3238   0.0050  50.0000 -1162.058
 18  13    355.1    124.9   0.2291  45.8231   0.0050  36.2816 -1064.401
 18  14    355.0    125.0   0.2175  43.4988   0.0050  34.4751 -1057.549
 18  15    355.2    124.8   0.2212  44.2425   0.0050  35.0068 -1059.386
 18  16    355.0    125.0   0.2174  43.4724   0.0050  34.4349 -1057.385
 18  17    355.0    125.0   0.2174  43.4724   0.0050  34.4349 -1057.385
 19   1    359.6    120.4   0.3273  65.4543   0.0050  50.0000 -1198.646
 19   2    357.2    122.8   0.3210  64.2096   0.0050  50.0000 -1208.974
 19   3    354.6    125.4   0.3145  62.9078   0.0050  50.0000 -1223.913
 19   4    355.3    124.7   0.3163  63.2518   0.0050  50.0000 -1211.779
 19   5    354.6    125.4   0.3146  62.9294   0.0050  50.0000 -1206.045
 19   6    354.6    125.4   0.3146  62.9294   0.0050  50.0000 -1206.045
 19   7    355.1    124.9   0.3158  63.1574   0.0050  50.0000 -1205.283
 19   8    355.1    124.9   0.3158  63.1574   0.0050  50.0000 -1205.283
 19   9    355.3    124.7   0.3162  63.2352   0.0050  50.0000 -1212.197
 19  10    355.8    124.2   0.3174  63.4784   0.0050  50.0000 -1203.525
 19  11    355.8    124.2   0.3174  63.4784   0.0050  50.0000 -1203.525
 19  12    357.5    122.5   0.3218  64.3596   0.0050  50.0000 -1164.770
 19  13    357.1    122.9   0.2300  46.0077   0.0050  35.8416 -1061.736
 19  14    357.0    123.0   0.2462  49.2415   0.0050  38.4025 -1070.902
 19  15    357.2    122.8   0.2421  48.4141   0.0050  37.6948 -1068.577
 19  16    357.1    122.9   0.2381  47.6238   0.0050  37.1178 -1066.740
 19  17    357.1    122.9   0.2381  47.6238   0.0050  37.1178 -1066.740
 19  18    355.4    124.6   0.1579  31.5885   0.0050  24.9520 -1015.651
 20   1    359.5    120.5   0.3270  65.4008   0.0050  50.0000 -1182.432
 20   2    357.1    122.9   0.3208  64.1697   0.0050  50.0000 -1198.726
 20   3    354.5    125.5   0.3143  62.8540   0.0050  50.0000 -1174.984
 20   4    355.2    124.8   0.3160  63.2086   0.0050  50.0000 -1181.440
 20   5    354.6    125.4   0.3144  62.8859   0.0050  50.0000 -1186.246
 20   6    354.6    125.4   0.3144  62.8859   0.0050  50.0000 -1186.246
 20   7    355.0    125.0   0.3156  63.1251   0.0050  50.0000 -1187.442
 20   8    355.0    125.0   0.3156  63.1251   0.0050  50.0000 -1187.442
 20   9    355.2    124.8   0.3159  63.1858   0.0050  50.0000 -1179.226
 20  10    355.6    124.4   0.3171  63.4243   0.0050  50.0000 -1175.982
 20  11    355.6    124.4   0.3171  63.4243   0.0050  50.0000 -1175.982
 20  12    357.4    122.6   0.3215  64.2923   0.0050  50.0000 -1154.970
 20  13    357.1    122.9   0.3207  64.1432   0.0050  50.0000 -1181.309
 20  14    356.9    123.1   0.3203  64.0679   0.0050  50.0000 -1174.115
 20  15    357.1    122.9   0.3209  64.1761   0.0050  50.0000 -1176.393
 20  16    357.0    123.0   0.3205  64.1094   0.0050  50.0000 -1178.278
 20  17    357.0    123.0   0.3205  64.1094   0.0050  50.0000 -1178.278
 20  18    355.4    124.6   0.3164  63.2872   0.0050  50.0000 -1162.564
 20  19    357.4    122.6   0.3215  64.3073   0.0050  50.0000 -1184.599
 21   1    359.6    120.4   0.3275  65.4915   0.0050  50.0000 -1186.443
 21   2    357.3    122.7   0.3213  64.2534   0.0050  50.0000 -1170.799
 21   3    354.5    125.5   0.3144  62.8792   0.0050  50.0000 -1184.288
 21   4    355.3    124.7   0.3163  63.2599   0.0050  50.0000 -1191.621
 21   5    354.6    125.4   0.3145  62.9080   0.0050  50.0000 -1201.668
 21   6    354.6    125.4   0.3145  62.9080   0.0050  50.0000 -1201.668
 21   7    355.1    124.9   0.3159  63.1769   0.0050  50.0000 -1199.100
 21   8    355.1    124.9   0.3159  63.1769   0.0050  50.0000 -1199.100
 21   9    355.3    124.7   0.3161  63.2297   0.0050  50.0000 -1195.277
 21  10    355.7    124.3   0.3172  63.4362   0.0050  50.0000 -1190.244
 21  11    355.7    124.3   0.3172  63.4362   0.0050  50.0000 -1190.244
 21  12    357.4    122.6   0.3216  64.3175   0.0050  50.0000 -1183.884
 21  13    357.2    122.8   0.3211  64.2144   0.0050  50.0000 -1176.076
 21  14    357.1    122.9   0.3207  64.1426   0.0050  50.0000 -1171.081
 21  15    357.3    122.7   0.3213  64.2535   0.0050  50.0000 -1170.297
 21  16    357.1    122.9   0.3209  64.1792   0.0050  50.0000 -1172.247
 21  17    357.1    122.9   0.3209  64.1792   0.0050  50.0000 -1172.247
 21  18    355.5    124.5   0.3166  63.3287   0.0050  50.0000 -1157.268
 21  19    357.4    122.6   0.3217  64.3387   0.0050  50.0000 -1161.695
 21  20    357.4    122.6   0.3215  64.2975   0.0050  50.0000 -1126.882
 22   1    358.6    121.4   0.3247  64.9471   0.0050  50.0000 -1198.627
 22   2    356.2    123.8   0.3185  63.6962   0.0050  50.0000 -1176.144
 22   3    353.5    126.5   0.3119  62.3763   0.0050  50.0000 -1196.206
 22   4    354.2    125.8   0.3136  62.7279   0.0050  50.0000 -1180.043
 22   5    353.5    126.5   0.3119  62.3887   0.0050  50.0000 -1171.620
 22   6    353.5    126.5   0.3119  62.3887   0.0050  50.0000 -1171.620
 22   7    354.0    126.0   0.3131  62.6276   0.0050  50.0000 -1178.756
 22   8    354.0    126.0   0.3131  62.6276   0.0050  50.0000 -1178.756
 22   9    354.2    125.8   0.3136  62.7101   0.0050  50.0000 -1174.581
 22  10    354.6    125.4   0.3147  62.9309   0.0050  50.0000 -1172.068
 22  11    354.6    125.4   0.3147  62.9309   0.0050  50.0000 -1172.068
 22  12    356.4    123.6   0.3191  63.8225   0.0050  50.0000 -1186.924
 22  13    356.1    123.9   0.3183  63.6596   0.0050  50.0000 -1162.842
 22  14    356.0    124.0   0.3180  63.5966   0.0050  50.0000 -1154.973
 22  15    356.2    123.8   0.3185  63.7023   0.0050  50.0000 -1158.050
 22  16    356.1    123.9   0.3182  63.6317   0.0050  50.0000 -1159.035
 22  17    356.1    123.9   0.3182  63.6317   0.0050  50.0000 -1159.035
 22  18    354.3    125.7   0.3137  62.7468   0.0050  50.0000 -1139.124
 22  19    356.4    123.6   0.3190  63.8021   0.0050  50.0000 -1159.235
 22  20    356.4    123.6   0.3128  62.5575   0.0050  49.0332 -1114.701
 22  21    356.5    123.5   0.3086  61.7267   0.0050  48.3388 -1107.925
 23   1    358.4    121.6   0.3241  64.8293   0.0050  50.0000 -1198.732
 23   2    356.0    124.0   0.3179  63.5795   0.0050  50.0000 -1175.663
 23   3    353.3    126.7   0.3113  62.2538   0.0050  50.0000 -1199.086
 23   4    354.0    126.0   0.3130  62.6087   0.0050  50.0000 -1177.022
 23   5    353.3    126.7   0.3113  62.2661   0.0050  50.0000 -1168.661
 23   6    353.3    126.7   0.3113  62.2661   0.0050  50.0000 -1168.661
 23   7    353.8    126.2   0.3125  62.5092   0.0050  50.0000 -1175.658
 23   8    353.8    126.2   0.3125  62.5092   0.0050  50.0000 -1175.658
 23   9    354.0    126.0   0.3129  62.5896   0.0050  50.0000 -1171.551
 23  10    354.4    125.6   0.3140  62.8050   0.0050  50.0000 -1169.237
 23  11    354.4    125.6   0.3140  62.8050   0.0050  50.0000 -1169.237
 23  12    356.2    123.8   0.3185  63.6962   0.0050  50.0000 -1189.939
 23  13    355.9    124.1   0.3177  63.5413   0.0050  50.0000 -1163.060
 23  14    355.8    124.2   0.3174  63.4786   0.0050  50.0000 -1155.171
 23  15    356.0    124.0   0.3179  63.5846   0.0050  50.0000 -1158.244
 23  16    355.8    124.2   0.3176  63.5131   0.0050  50.0000 -1159.240
 23  17    355.8    124.2   0.3176  63.5131   0.0050  50.0000 -1159.240
 23  18    354.0    126.0   0.3131  62.6276   0.0050  50.0000 -1141.952
 23  19    356.1    123.9   0.3184  63.6779   0.0050  50.0000 -1159.750
 23  20    356.1    123.9   0.3127  62.5397   0.0050  49.1131 -1115.004
 23  21    356.3    123.7   0.3132  62.6458   0.0050  49.1450 -1110.771
 23  22    355.1    124.9   0.0002   0.0485   0.0050   0.0384  -686.009
 24   1    356.9    123.1   0.3204  64.0758   0.0050  50.0000 -1197.836
 24   2    354.5    125.5   0.3143  62.8504   0.0050  50.0000 -1190.367
 24   3    351.9    128.1   0.3079  61.5821   0.0050  50.0000 -1199.729
 24   4    352.6    127.4   0.3096  61.9166   0.0050  50.0000 -1183.097
 24   5    351.9    128.1   0.3080  61.6026   0.0050  50.0000 -1175.954
 24   6    351.9    128.1   0.3080  61.6026   0.0050  50.0000 -1175.954
 24   7    352.4    127.6   0.3091  61.8246   0.0050  50.0000 -1176.235
 24   8    352.4    127.6   0.3091  61.8246   0.0050  50.0000 -1176.235
 24   9    352.5    127.5   0.3095  61.9003   0.0050  50.0000 -1173.434
 24  10    353.0    127.0   0.3107  62.1361   0.0050  50.0000 -1170.222
 24  11    353.0    127.0   0.3107  62.1361   0.0050  50.0000 -1170.222
 24  12    354.8    125.2   0.3150  62.9984   0.0050  50.0000 -1185.709
 24  13    354.4    125.6   0.3141  62.8237   0.0050  50.0000 -1167.735
 24  14    354.3    125.7   0.3138  62.7556   0.0050  50.0000 -1159.055
 24  15    354.5    125.5   0.3143  62.8593   0.0050  50.0000 -1160.736
 24  16    354.4    125.6   0.3140  62.7947   0.0050  50.0000 -1161.678
 24  17    354.4    125.6   0.3140  62.7947   0.0050  50.0000 -1161.678
 24  18    352.7    127.3   0.3098  61.9625   0.0050  50.0000 -1150.073
 24  19    354.8    125.2   0.3150  62.9902   0.0050  50.0000 -1161.658
 24  20    354.7    125.3   0.3147  62.9472   0.0050  50.0000 -1121.782
 24  21    354.7    125.3   0.3097  61.9398   0.0050  49.1771 -1116.168
 24  22    353.7    126.3   0.1702  34.0437   0.0050  27.2553 -1032.880
 24  23    353.4    126.6   0.1701  34.0227   0.0050  27.2916 -1033.212
 25   1    358.6    121.4   0.3248  64.9527   0.0050  50.0000 -1190.387
 25   2    356.2    123.8   0.3185  63.7023   0.0050  50.0000 -1193.797
 25   3    353.5    126.5   0.3119  62.3878   0.0050  50.0000 -1194.165
 25   4    354.3    125.7   0.3137  62.7369   0.0050  50.0000 -1193.536
 25   5    353.6    126.4   0.3120  62.4005   0.0050  50.0000 -1169.497
 25   6    353.6    126.4   0.3120  62.4005   0.0050  50.0000 -1169.497
 25   7    354.0    126.0   0.3132  62.6365   0.0050  50.0000 -1180.636
 25   8    354.0    126.0   0.3132  62.6365   0.0050  50.0000 -1180.636
 25   9    354.2    125.8   0.3136  62.7199   0.0050  50.0000 -1165.327
 25  10    354.7    125.3   0.3147  62.9439   0.0050  50.0000 -1160.532
 25  11    354.7    125.3   0.3147  62.9439   0.0050  50.0000 -1160.532
 25  12    356.5    123.5   0.3192  63.8344   0.0050  50.0000 -1178.731
 25  13    356.1    123.9   0.3183  63.6669   0.0050  50.0000 -1176.974
 25  14    356.0    124.0   0.3180  63.6035   0.0050  50.0000 -1170.739
 25  15    356.2    123.8   0.3185  63.7090   0.0050  50.0000 -1172.204
 25  16    356.1    123.9   0.3182  63.6392   0.0050  50.0000 -1173.181
 25  17    356.1    123.9   0.3182  63.6392   0.0050  50.0000 -1173.181
 25  18    354.3    125.7   0.3138  62.7566   0.0050  50.0000 -1156.309
 25  19    356.4    123.6   0.3191  63.8133   0.0050  50.0000 -1166.531
 25  20    356.4    123.6   0.2999  59.9838   0.0050  47.0093 -1106.471
 25  21    356.5    123.5   0.3193  63.8509   0.0050  50.0000 -1132.671
 25  22    355.3    124.7   0.1750  34.9983   0.0050  27.6604 -1029.975
 25  23    355.1    124.9   0.1749  34.9803   0.0050  27.6983 -1030.129
 25  24    353.7    126.3   0.0050   0.9954   0.0050   0.7968  -983.153
 26   1    360.1    119.9   0.3286  65.7203   0.0050  50.0000 -1209.097
 26   2    357.7    122.3   0.3224  64.4816   0.0050  50.0000 -1198.175
 26   3    355.0    125.0   0.3154  63.0885   0.0050  50.0000 -1195.117
 26   4    355.8    124.2   0.3174  63.4779   0.0050  50.0000 -1171.555
 26   5    355.0    125.0   0.3156  63.1194   0.0050  50.0000 -1180.240
 26   6    355.0    125.0   0.3156  63.1194   0.0050  50.0000 -1180.240
 26   7    355.6    124.4   0.3170  63.3972   0.0050  50.0000 -1185.134
 26   8    355.6    124.4   0.3170  63.3972   0.0050  50.0000 -1185.134
 26   9    355.7    124.3   0.3172  63.4448   0.0050  50.0000 -1180.233
 26  10    356.1    123.9   0.3182  63.6455   0.0050  50.0000 -1178.727
 26  11    356.1    123.9   0.3182  63.6455   0.0050  50.0000 -1178.727
 26  12    357.8    122.2   0.3226  64.5287   0.0050  50.0000 -1196.265
 26  13    357.6    122.4   0.3222  64.4404   0.0050  50.0000 -1205.016
 26  14    357.5    122.5   0.3218  64.3677   0.0050  50.0000 -1197.157
 26  15    357.7    122.3   0.3224  64.4800   0.0050  50.0000 -1199.148
 26  16    357.6    122.4   0.3220  64.4039   0.0050  50.0000 -1201.163
 26  17    357.6    122.4   0.3220  64.4039   0.0050  50.0000 -1201.163
 26  18    355.9    124.1   0.3178  63.5526   0.0050  50.0000 -1178.191
 26  19    357.9    122.1   0.3228  64.5565   0.0050  50.0000 -1177.788
 26  20    357.8    122.2   0.3205  64.1047   0.0050  49.6823 -1118.256
 26  21    358.0    122.0   0.2918  58.3508   0.0050  45.1290 -1102.496
 26  22    356.9    123.1   0.2857  57.1384   0.0050  44.5861 -1093.522
 26  23    356.7    123.3   0.2857  57.1474   0.0050  44.6700 -1093.806
 26  24    355.2    124.8   0.2915  58.2935   0.0050  46.1261 -1105.379
 26  25    356.9    123.1   0.3204  64.0778   0.0050  50.0000 -1117.907
 27   1    360.1    119.9   0.3286  65.7203   0.0050  50.0000 -1209.097
 27   2    357.7    122.3   0.3224  64.4816   0.0050  50.0000 -1198.175
 27   3    355.0    125.0   0.3154  63.0885   0.0050  50.0000 -1195.117
 27   4    355.8    124.2   0.3174  63.4779   0.0050  50.0000 -1171.555
 27   5    355.0    125.0   0.3156  63.1194   0.0050  50.0000 -1180.240
 27   6    355.0    125.0   0.3156  63.1194   0.0050  50.0000 -1180.240
 27   7    355.6    124.4   0.3170  63.3972   0.0050  50.0000 -1185.134
 27   8    355.6    124.4   0.3170  63.3972   0.0050  50.0000 -1185.134
 27   9    355.7    124.3   0.3172  63.4448   0.0050  50.0000 -1180.233
 27  10    356.1    123.9   0.3182  63.6455   0.0050  50.0000 -1178.727
 27  11    356.1    123.9   0.3182  63.6455   0.0050  50.0000 -1178.727
 27  12    357.8    122.2   0.3226  64.5287   0.0050  50.0000 -1196.265
 27  13    357.6    122.4   0.3222  64.4404   0.0050  50.0000 -1205.016
 27  14    357.5    122.5   0.3218  64.3677   0.0050  50.0000 -1197.157
 27  15    357.7    122.3   0.3224  64.4800   0.0050  50.0000 -1199.148
 27  16    357.6    122.4   0.3220  64.4039   0.0050  50.0000 -1201.163
 27  17    357.6    122.4   0.3220  64.4039   0.0050  50.0000 -1201.163
 27  18    355.9    124.1   0.3178  63.5526   0.0050  50.0000 -1178.191
 27  19    357.9    122.1   0.3228  64.5565   0.0050  50.0000 -1177.788
 27  20    357.8    122.2   0.3205  64.1047   0.0050  49.6823 -1118.256
 27  21    358.0    122.0   0.2918  58.3508   0.0050  45.1290 -1102.496
 27  22    356.9    123.1   0.2857  57.1384   0.0050  44.5861 -1093.522
 27  23    356.7    123.3   0.2857  57.1474   0.0050  44.6700 -1093.806
 27  24    355.2    124.8   0.2915  58.2935   0.0050  46.1261 -1105.379
 27  25    356.9    123.1   0.3204  64.0778   0.0050  50.0000 -1117.907
 27  26    358.5    121.5   0.0000   0.0000   0.0050   0.0000  -645.140
 28   1    358.9    121.1   0.3256  65.1222   0.0050  50.0000 -1185.989
 28   2    356.6    123.4   0.3195  63.8965   0.0050  50.0000 -1198.969
 28   3    353.9    126.1   0.3129  62.5712   0.0050  50.0000 -1191.617
 28   4    354.7    125.3   0.3147  62.9320   0.0050  50.0000 -1171.377
 28   5    354.0    126.0   0.3130  62.6039   0.0050  50.0000 -1168.523
 28   6    354.0    126.0   0.3130  62.6039   0.0050  50.0000 -1168.523
 28   7    354.5    125.5   0.3143  62.8512   0.0050  50.0000 -1180.755
 28   8    354.5    125.5   0.3143  62.8512   0.0050  50.0000 -1180.755
 28   9    354.6    125.4   0.3145  62.9064   0.0050  50.0000 -1176.762
 28  10    355.1    124.9   0.3157  63.1346   0.0050  50.0000 -1166.468
 28  11    355.1    124.9   0.3157  63.1346   0.0050  50.0000 -1166.468
 28  12    356.8    123.2   0.3200  63.9991   0.0050  50.0000 -1193.362
 28  13    356.5    123.5   0.3193  63.8673   0.0050  50.0000 -1194.183
 28  14    356.4    123.6   0.3190  63.7922   0.0050  50.0000 -1186.824
 28  15    356.6    123.4   0.3195  63.9010   0.0050  50.0000 -1189.932
 28  16    356.5    123.5   0.3192  63.8326   0.0050  50.0000 -1188.431
 28  17    356.5    123.5   0.3192  63.8326   0.0050  50.0000 -1188.431
 28  18    354.8    125.2   0.3151  63.0137   0.0050  50.0000 -1182.051
 28  19    356.8    123.2   0.3201  64.0203   0.0050  50.0000 -1185.207
 28  20    356.7    123.3   0.2751  55.0174   0.0050  43.0115 -1096.224
 28  21    356.8    123.2   0.2873  57.4604   0.0050  44.8688 -1109.025
 28  22    355.8    124.2   0.3057  61.1439   0.0050  48.1307 -1111.061
 28  23    355.6    124.4   0.3056  61.1243   0.0050  48.2052 -1111.252
 28  24    354.1    125.9   0.3028  60.5688   0.0050  48.3262 -1117.367
 28  25    355.8    124.2   0.2789  55.7715   0.0050  43.8968 -1096.564
 28  26    357.3    122.7   0.2788  55.7629   0.0050  43.3940 -1098.556
 28  27    357.3    122.7   0.2788  55.7629   0.0050  43.3940 -1098.556
 29   1    357.9    122.1   0.3228  64.5582   0.0050  50.0000 -1209.463
 29   2    355.5    124.5   0.3167  63.3390   0.0050  50.0000 -1206.079
 29   3    352.8    127.2   0.3101  62.0199   0.0050  50.0000 -1190.478
 29   4    353.5    126.5   0.3119  62.3800   0.0050  50.0000 -1192.633
 29   5    352.8    127.2   0.3102  62.0500   0.0050  50.0000 -1180.830
 29   6    352.8    127.2   0.3102  62.0500   0.0050  50.0000 -1180.830
 29   7    353.4    126.6   0.3115  62.2988   0.0050  50.0000 -1189.290
 29   8    353.4    126.6   0.3115  62.2988   0.0050  50.0000 -1189.290
 29   9    353.5    126.5   0.3118  62.3539   0.0050  50.0000 -1180.290
 29  10    353.9    126.1   0.3129  62.5728   0.0050  50.0000 -1172.279
 29  11    353.9    126.1   0.3129  62.5728   0.0050  50.0000 -1172.279
 29  12    355.7    124.3   0.3172  63.4328   0.0050  50.0000 -1202.908
 29  13    355.4    124.6   0.3165  63.3075   0.0050  50.0000 -1196.391
 29  14    355.3    124.7   0.3162  63.2347   0.0050  50.0000 -1187.297
 29  15    355.5    124.5   0.3167  63.3425   0.0050  50.0000 -1192.036
 29  16    355.3    124.7   0.3164  63.2734   0.0050  50.0000 -1190.496
 29  17    355.3    124.7   0.3164  63.2734   0.0050  50.0000 -1190.496
 29  18    353.7    126.3   0.3123  62.4546   0.0050  50.0000 -1187.681
 29  19    355.7    124.3   0.3173  63.4521   0.0050  50.0000 -1187.749
 29  20    355.6    124.4   0.3063  61.2656   0.0050  48.3192 -1111.390
 29  21    355.8    124.2   0.2910  58.1912   0.0050  45.8347 -1107.471
 29  22    354.7    125.3   0.3141  62.8279   0.0050  49.8978 -1110.899
 29  23    354.5    125.5   0.3142  62.8409   0.0050  50.0000 -1113.661
 29  24    353.0    127.0   0.3106  62.1133   0.0050  50.0000 -1132.466
 29  25    354.7    125.3   0.3056  61.1110   0.0050  48.5296 -1110.428
 29  26    356.2    123.8   0.3185  63.7009   0.0050  50.0000 -1122.975
 29  27    356.2    123.8   0.3185  63.7009   0.0050  50.0000 -1122.975
 29  28    355.0    125.0   0.1364  27.2846   0.0050  21.6115 -1013.861
 30   1    357.9    122.1   0.3228  64.5582   0.0050  50.0000 -1209.463
 30   2    355.5    124.5   0.3167  63.3390   0.0050  50.0000 -1206.079
 30   3    352.8    127.2   0.3101  62.0199   0.0050  50.0000 -1190.478
 30   4    353.5    126.5   0.3119  62.3800   0.0050  50.0000 -1192.633
 30   5    352.8    127.2   0.3102  62.0500   0.0050  50.0000 -1180.830
 30   6    352.8    127.2   0.3102  62.0500   0.0050  50.0000 -1180.830
 30   7    353.4    126.6   0.3115  62.2988   0.0050  50.0000 -1189.290
 30   8    353.4    126.6   0.3115  62.2988   0.0050  50.0000 -1189.290
 30   9    353.5    126.5   0.3118  62.3539   0.0050  50.0000 -1180.290
 30  10    353.9    126.1   0.3129  62.5728   0.0050  50.0000 -1172.279
 30  11    353.9    126.1   0.3129  62.5728   0.0050  50.0000 -1172.279
 30  12    355.7    124.3   0.3172  63.4328   0.0050  50.0000 -1202.908
 30  13    355.4    124.6   0.3165  63.3075   0.0050  50.0000 -1196.391
 30  14    355.3    124.7   0.3162  63.2347   0.0050  50.0000 -1187.297
 30  15    355.5    124.5   0.3167  63.3425   0.0050  50.0000 -1192.036
 30  16    355.3    124.7   0.3164  63.2734   0.0050  50.0000 -1190.496
 30  17    355.3    124.7   0.3164  63.2734   0.0050  50.0000 -1190.496
 30  18    353.7    126.3   0.3123  62.4546   0.0050  50.0000 -1187.681
 30  19    355.7    124.3   0.3173  63.4521   0.0050  50.0000 -1187.749
 30  20    355.6    124.4   0.3063  61.2656   0.0050  48.3192 -1111.390
 30  21    355.8    124.2   0.2910  58.1912   0.0050  45.8347 -1107.471
 30  22    354.7    125.3   0.3141  62.8279   0.0050  49.8978 -1110.899
 30  23    354.5    125.5   0.3142  62.8409   0.0050  50.0000 -1113.661
 30  24    353.0    127.0   0.3106  62.1133   0.0050  50.0000 -1132.466
 30  25    354.7    125.3   0.3056  61.1110   0.0050  48.5296 -1110.428
 30  26    356.2    123.8   0.3185  63.7009   0.0050  50.0000 -1122.975
 30  27    356.2    123.8   0.3185  63.7009   0.0050  50.0000 -1122.975
 30  28    355.0    125.0   0.1364  27.2846   0.0050  21.6115 -1013.861
 30  29    353.9    126.1   0.0000   0.0000   0.0050   0.0000  -650.986
 31   1    359.5    120.5   0.3271  65.4158   0.0050  50.0000 -1210.630
 31   2    357.1    122.9   0.3209  64.1783   0.0050  50.0000 -1188.507
 31   3    354.4    125.6   0.3141  62.8123   0.0050  50.0000 -1200.240
 31   4    355.2    124.8   0.3159  63.1892   0.0050  50.0000 -1199.845
 31   5    354.5    125.5   0.3142  62.8406   0.0050  50.0000 -1191.519
 31   6    354.5    125.5   0.3142  62.8406   0.0050  50.0000 -1191.519
 31   7    355.0    125.0   0.3155  63.1054   0.0050  50.0000 -1199.387
 31   8    355.0    125.0   0.3155  63.1054   0.0050  50.0000 -1199.387
 31   9    355.1    124.9   0.3158  63.1602   0.0050  50.0000 -1189.244
 31  10    355.5    124.5   0.3168  63.3698   0.0050  50.0000 -1188.083
 31  11    355.5    124.5   0.3168  63.3698   0.0050  50.0000 -1188.083
 31  12    357.3    122.7   0.3212  64.2500   0.0050  50.0000 -1196.447
 31  13    357.1    122.9   0.3207  64.1404   0.0050  50.0000 -1187.730
 31  14    356.9    123.1   0.3203  64.0688   0.0050  50.0000 -1178.301
 31  15    357.1    122.9   0.3209  64.1792   0.0050  50.0000 -1181.535
 31  16    357.0    123.0   0.3205  64.1057   0.0050  50.0000 -1183.500
 31  17    357.0    123.0   0.3205  64.1057   0.0050  50.0000 -1183.500
 31  18    355.3    124.7   0.3163  63.2565   0.0050  50.0000 -1160.871
 31  19    357.3    122.7   0.3213  64.2687   0.0050  50.0000 -1164.818
 31  20    357.2    122.8   0.3211  64.2270   0.0050  50.0000 -1137.190
 31  21    357.4    122.6   0.3217  64.3361   0.0050  50.0000 -1122.015
 31  22    356.3    123.7   0.2822  56.4427   0.0050  44.2523 -1096.405
 31  23    356.1    123.9   0.2866  57.3122   0.0050  45.0141 -1099.140
 31  24    354.6    125.4   0.3145  62.9080   0.0050  50.0000 -1125.633
 31  25    356.3    123.7   0.3067  61.3500   0.0050  48.0970 -1108.055
 31  26    357.9    122.1   0.3228  64.5688   0.0050  50.0000 -1129.744
 31  27    357.9    122.1   0.3228  64.5688   0.0050  50.0000 -1129.744
 31  28    356.7    123.3   0.1945  38.8952   0.0050  30.4061 -1051.233
 31  29    355.6    124.4   0.1940  38.7904   0.0050  30.5886 -1048.800
 31  30    355.6    124.4   0.1940  38.7904   0.0050  30.5886 -1048.800
 32   1    358.9    121.1   0.3255  65.0994   0.0050  50.0000 -1197.418
 32   2    356.6    123.4   0.3194  63.8820   0.0050  50.0000 -1194.820
 32   3    353.8    126.2   0.3126  62.5255   0.0050  50.0000 -1203.399
 32   4    354.6    125.4   0.3145  62.9034   0.0050  50.0000 -1197.766
 32   5    353.9    126.1   0.3128  62.5626   0.0050  50.0000 -1184.969
 32   6    353.9    126.1   0.3128  62.5626   0.0050  50.0000 -1184.969
 32   7    354.4    125.6   0.3141  62.8294   0.0050  50.0000 -1194.701
 32   8    354.4    125.6   0.3141  62.8294   0.0050  50.0000 -1194.701
 32   9    354.5    125.5   0.3144  62.8710   0.0050  50.0000 -1190.860
 32  10    355.0    125.0   0.3154  63.0809   0.0050  50.0000 -1184.239
 32  11    355.0    125.0   0.3154  63.0809   0.0050  50.0000 -1184.239
 32  12    356.7    123.3   0.3197  63.9415   0.0050  50.0000 -1185.912
 32  13    356.5    123.5   0.3192  63.8477   0.0050  50.0000 -1187.161
 32  14    356.3    123.7   0.3189  63.7712   0.0050  50.0000 -1177.544
 32  15    356.6    123.4   0.3194  63.8820   0.0050  50.0000 -1177.165
 32  16    356.4    123.6   0.3191  63.8100   0.0050  50.0000 -1179.147
 32  17    356.4    123.6   0.3191  63.8100   0.0050  50.0000 -1179.147
 32  18    354.8    125.2   0.3150  62.9988   0.0050  50.0000 -1164.248
 32  19    356.7    123.3   0.3199  63.9794   0.0050  50.0000 -1163.351
 32  20    356.6    123.4   0.3196  63.9143   0.0050  50.0000 -1128.818
 32  21    356.8    123.2   0.3159  63.1767   0.0050  49.3326 -1116.069
 32  22    355.8    124.2   0.3034  60.6719   0.0050  47.7660 -1105.013
 32  23    355.6    124.4   0.3078  61.5651   0.0050  48.5551 -1107.607
 32  24    354.0    126.0   0.3128  62.5580   0.0050  49.9436 -1120.169
 32  25    355.8    124.2   0.3089  61.7787   0.0050  48.6352 -1107.495
 32  26    357.3    122.7   0.3213  64.2585   0.0050  50.0000 -1117.139
 32  27    357.3    122.7   0.3213  64.2585   0.0050  50.0000 -1117.139
 32  28    356.1    123.9   0.1546  30.9170   0.0050  24.2880 -1022.597
 32  29    355.0    125.0   0.1957  39.1500   0.0050  31.0204 -1050.263
 32  30    355.0    125.0   0.1957  39.1500   0.0050  31.0204 -1050.263
 32  31    356.7    123.3   0.1279  25.5879   0.0050  20.0045  -995.778
 33   1    357.7    122.3   0.3224  64.4890   0.0050  50.0000 -1200.353
 33   2    355.3    124.7   0.3163  63.2640   0.0050  50.0000 -1172.545
 33   3    352.7    127.3   0.3099  61.9848   0.0050  50.0000 -1215.759
 33   4    353.4    126.6   0.3116  62.3243   0.0050  50.0000 -1187.359
 33   5    352.8    127.2   0.3101  62.0113   0.0050  50.0000 -1190.689
 33   6    352.8    127.2   0.3101  62.0113   0.0050  50.0000 -1190.689
 33   7    353.2    126.8   0.3112  62.2368   0.0050  50.0000 -1187.435
 33   8    353.2    126.8   0.3112  62.2368   0.0050  50.0000 -1187.435
 33   9    353.4    126.6   0.3115  62.3059   0.0050  50.0000 -1189.056
 33  10    353.9    126.1   0.3127  62.5465   0.0050  50.0000 -1183.522
 33  11    353.9    126.1   0.3127  62.5465   0.0050  50.0000 -1183.522
 33  12    355.6    124.4   0.3170  63.4072   0.0050  50.0000 -1198.143
 33  13    355.3    124.7   0.3162  63.2393   0.0050  50.0000 -1192.298
 33  14    355.1    124.9   0.3158  63.1673   0.0050  50.0000 -1180.824
 33  15    355.3    124.7   0.3164  63.2726   0.0050  50.0000 -1180.256
 33  16    355.2    124.8   0.3160  63.2082   0.0050  50.0000 -1182.164
 33  17    355.2    124.8   0.3160  63.2082   0.0050  50.0000 -1182.164
 33  18    353.5    126.5   0.3119  62.3878   0.0050  50.0000 -1169.511
 33  19    355.6    124.4   0.3171  63.4101   0.0050  50.0000 -1164.338
 33  20    355.5    124.5   0.3107  62.1344   0.0050  49.0388 -1114.075
 33  21    355.6    124.4   0.2575  51.4932   0.0050  40.6189 -1088.537
 33  22    354.5    125.5   0.2754  55.0785   0.0050  43.7956 -1094.868
 33  23    354.3    125.7   0.2754  55.0741   0.0050  43.8778 -1095.276
 33  24    352.9    127.1   0.3014  60.2868   0.0050  48.5633 -1116.668
 33  25    354.6    125.4   0.3004  60.0849   0.0050  47.7682 -1111.037
 33  26    356.0    124.0   0.2908  58.1666   0.0050  45.7302 -1103.415
 33  27    356.0    124.0   0.2908  58.1666   0.0050  45.7302 -1103.415
 33  28    354.9    125.1   0.2007  40.1407   0.0050  31.8235 -1058.646
 33  29    353.8    126.2   0.2353  47.0655   0.0050  37.6452 -1078.160
 33  30    353.8    126.2   0.2353  47.0655   0.0050  37.6452 -1078.160
 33  31    355.4    124.6   0.2428  48.5562   0.0050  38.3433 -1083.057
 33  32    354.8    125.2   0.2522  50.4308   0.0050  40.0105 -1088.191
 34   1    357.7    122.3   0.3224  64.4890   0.0050  50.0000 -1200.353
 34   2    355.3    124.7   0.3163  63.2640   0.0050  50.0000 -1172.545
 34   3    352.7    127.3   0.3099  61.9848   0.0050  50.0000 -1215.759
 34   4    353.4    126.6   0.3116  62.3243   0.0050  50.0000 -1187.359
 34   5    352.8    127.2   0.3101  62.0113   0.0050  50.0000 -1190.689
 34   6    352.8    127.2   0.3101  62.0113   0.0050  50.0000 -1190.689
 34   7    353.2    126.8   0.3112  62.2368   0.0050  50.0000 -1187.435
 34   8    353.2    126.8   0.3112  62.2368   0.0050  50.0000 -1187.435
 34   9    353.4    126.6   0.3115  62.3059   0.0050  50.0000 -1189.056
 34  10    353.9    126.1   0.3127  62.5465   0.0050  50.0000 -1183.522
 34  11    353.9    126.1   0.3127  62.5465   0.0050  50.0000 -1183.522
 34  12    355.6    124.4   0.3170  63.4072   0.0050  50.0000 -1198.143
 34  13    355.3    124.7   0.3162  63.2393   0.0050  50.0000 -1192.298
 34  14    355.1    124.9   0.3158  63.1673   0.0050  50.0000 -1180.824
 34  15    355.3    124.7   0.3164  63.2726   0.0050  50.0000 -1180.256
 34  16    355.2    124.8   0.3160  63.2082   0.0050  50.0000 -1182.164
 34  17    355.2    124.8   0.3160  63.2082   0.0050  50.0000 -1182.164
 34  18    353.5    126.5   0.3119  62.3878   0.0050  50.0000 -1169.511
 34  19    355.6    124.4   0.3171  63.4101   0.0050  50.0000 -1164.338
 34  20    355.5    124.5   0.3107  62.1344   0.0050  49.0388 -1114.075
 34  21    355.6    124.4   0.2575  51.4932   0.0050  40.6189 -1088.537
 34  22    354.5    125.5   0.2754  55.0785   0.0050  43.7956 -1094.868
 34  23    354.3    125.7   0.2754  55.0741   0.0050  43.8778 -1095.276
 34  24    352.9    127.1   0.3014  60.2868   0.0050  48.5633 -1116.668
 34  25    354.6    125.4   0.3004  60.0849   0.0050  47.7682 -1111.037
 34  26    356.0    124.0   0.2908  58.1666   0.0050  45.7302 -1103.415
 34  27    356.0    124.0   0.2908  58.1666   0.0050  45.7302 -1103.415
 34  28    354.9    125.1   0.2007  40.1407   0.0050  31.8235 -1058.646
 34  29    353.8    126.2   0.2353  47.0655   0.0050  37.6452 -1078.160
 34  30    353.8    126.2   0.2353  47.0655   0.0050  37.6452 -1078.160
 34  31    355.4    124.6   0.2428  48.5562   0.0050  38.3433 -1083.057
 34  32    354.8    125.2   0.2522  50.4308   0.0050  40.0105 -1088.191
 34  33    353.7    126.3   0.0000   0.0000   0.0050   0.0000  -651.173
 35   1    360.0    120.0   0.3284  65.6885   0.0050  50.0000 -1217.369
 35   2    357.7    122.3   0.3224  64.4706   0.0050  50.0000 -1168.470
 35   3    355.0    125.0   0.3156  63.1176   0.0050  50.0000 -1194.212
 35   4    355.8    124.2   0.3175  63.4932   0.0050  50.0000 -1179.056
 35   5    355.1    124.9   0.3158  63.1601   0.0050  50.0000 -1189.700
 35   6    355.1    124.9   0.3158  63.1601   0.0050  50.0000 -1189.700
 35   7    355.6    124.4   0.3171  63.4219   0.0050  50.0000 -1187.518
 35   8    355.6    124.4   0.3171  63.4219   0.0050  50.0000 -1187.518
 35   9    355.7    124.3   0.3173  63.4613   0.0050  50.0000 -1194.948
 35  10    356.2    123.8   0.3184  63.6855   0.0050  50.0000 -1181.658
 35  11    356.2    123.8   0.3184  63.6855   0.0050  50.0000 -1181.658
 35  12    357.8    122.2   0.3227  64.5443   0.0050  50.0000 -1184.979
 35  13    357.6    122.4   0.3222  64.4412   0.0050  50.0000 -1171.739
 35  14    357.5    122.5   0.3218  64.3607   0.0050  50.0000 -1169.191
 35  15    357.7    122.3   0.3224  64.4723   0.0050  50.0000 -1166.705
 35  16    357.6    122.4   0.3220  64.4024   0.0050  50.0000 -1168.577
 35  17    357.6    122.4   0.3220  64.4024   0.0050  50.0000 -1168.577
 35  18    356.0    124.0   0.3180  63.6045   0.0050  50.0000 -1166.799
 35  19    357.9    122.1   0.3229  64.5880   0.0050  50.0000 -1157.246
 35  20    357.8    122.2   0.2997  59.9396   0.0050  46.4612 -1102.172
 35  21    358.0    122.0   0.3118  62.3552   0.0050  48.2567 -1105.605
 35  22    357.0    123.0   0.3206  64.1147   0.0050  50.0000 -1116.844
 35  23    356.8    123.2   0.3200  63.9984   0.0050  50.0000 -1119.774
 35  24    355.2    124.8   0.3161  63.2243   0.0050  50.0000 -1129.493
 35  25    357.0    123.0   0.3206  64.1190   0.0050  50.0000 -1130.052
 35  26    358.4    121.6   0.3221  64.4280   0.0050  49.6901 -1115.550
 35  27    358.4    121.6   0.3221  64.4280   0.0050  49.6901 -1115.550
 35  28    357.2    122.8   0.2376  47.5248   0.0050  36.9971 -1076.999
 35  29    356.1    123.9   0.2538  50.7537   0.0050  39.8519 -1081.226
 35  30    356.1    123.9   0.2538  50.7537   0.0050  39.8519 -1081.226
 35  31    357.8    122.2   0.2771  55.4298   0.0050  42.9462 -1092.093
 35  32    357.2    122.8   0.2413  48.2595   0.0050  37.5876 -1074.437
 35  33    356.0    124.0   0.1751  35.0153   0.0050  27.5211 -1034.703
 35  34    356.0    124.0   0.1751  35.0153   0.0050  27.5211 -1034.703
 36   1    360.0    120.0   0.3284  65.6870   0.0050  50.0000 -1205.802
 36   2    357.7    122.3   0.3222  64.4492   0.0050  50.0000 -1169.339
 36   3    354.9    125.1   0.3152  63.0469   0.0050  50.0000 -1183.410
 36   4    355.7    124.3   0.3172  63.4411   0.0050  50.0000 -1180.328
 36   5    354.9    125.1   0.3154  63.0784   0.0050  50.0000 -1181.425
 36   6    354.9    125.1   0.3154  63.0784   0.0050  50.0000 -1181.425
 36   7    355.5    124.5   0.3168  63.3616   0.0050  50.0000 -1180.481
 36   8    355.5    124.5   0.3168  63.3616   0.0050  50.0000 -1180.481
 36   9    355.6    124.4   0.3170  63.4062   0.0050  50.0000 -1173.872
 36  10    356.0    124.0   0.3180  63.6014   0.0050  50.0000 -1175.969
 36  11    356.0    124.0   0.3180  63.6014   0.0050  50.0000 -1175.969
 36  12    357.7    122.3   0.3224  64.4847   0.0050  50.0000 -1186.449
 36  13    357.6    122.4   0.3220  64.4062   0.0050  50.0000 -1175.642
 36  14    357.4    122.6   0.3217  64.3335   0.0050  50.0000 -1169.778
 36  15    357.7    122.3   0.3222  64.4463   0.0050  50.0000 -1169.979
 36  16    357.5    122.5   0.3218  64.3691   0.0050  50.0000 -1171.972
 36  17    357.5    122.5   0.3218  64.3691   0.0050  50.0000 -1171.972
 36  18    355.8    124.2   0.3176  63.5176   0.0050  50.0000 -1152.351
 36  19    357.8    122.2   0.3226  64.5160   0.0050  50.0000 -1169.255
 36  20    357.7    122.3   0.2761  55.2134   0.0050  42.8175 -1096.323
 36  21    358.0    122.0   0.3068  61.3541   0.0050  47.4722 -1104.212
 36  22    356.9    123.1   0.2412  48.2387   0.0050  37.6608 -1072.963
 36  23    356.7    123.3   0.2453  49.0512   0.0050  38.3603 -1076.016
 36  24    355.1    124.9   0.2714  54.2866   0.0050  42.9828 -1097.326
 36  25    356.9    123.1   0.2925  58.4943   0.0050  45.6675 -1100.951
 36  26    358.5    121.5   0.2837  56.7311   0.0050  43.7324 -1096.559
 36  27    358.5    121.5   0.2837  56.7311   0.0050  43.7324 -1096.559
 36  28    357.2    122.8   0.2483  49.6602   0.0050  38.6667 -1081.493
 36  29    356.1    123.9   0.2692  53.8410   0.0050  42.2831 -1090.619
 36  30    356.1    123.9   0.2692  53.8410   0.0050  42.2831 -1090.619
 36  31    357.8    122.2   0.2317  46.3433   0.0050  35.9029 -1066.315
 36  32    357.2    122.8   0.2685  53.7012   0.0050  41.8047 -1087.507
 36  33    355.9    124.1   0.1755  35.0906   0.0050  27.6059 -1034.205
 36  34    355.9    124.1   0.1755  35.0906   0.0050  27.6059 -1034.205
 36  35    358.3    121.7   0.1420  28.4077   0.0050  21.9210 -1002.900
 37   1    358.7    121.3   0.3249  64.9843   0.0050  50.0000 -1211.839
 37   2    356.3    123.7   0.3187  63.7454   0.0050  50.0000 -1167.122
 37   3    353.6    126.4   0.3122  62.4346   0.0050  50.0000 -1194.889
 37   4    354.4    125.6   0.3139  62.7851   0.0050  50.0000 -1173.778
 37   5    353.7    126.3   0.3123  62.4568   0.0050  50.0000 -1186.734
 37   6    353.7    126.3   0.3123  62.4568   0.0050  50.0000 -1186.734
 37   7    354.2    125.8   0.3135  62.6934   0.0050  50.0000 -1187.907
 37   8    354.2    125.8   0.3135  62.6934   0.0050  50.0000 -1187.907
 37   9    354.3    125.7   0.3138  62.7653   0.0050  50.0000 -1186.742
 37  10    354.8    125.2   0.3150  62.9962   0.0050  50.0000 -1188.838
 37  11    354.8    125.2   0.3150  62.9962   0.0050  50.0000 -1188.838
 37  12    356.5    123.5   0.3194  63.8731   0.0050  50.0000 -1193.698
 37  13    356.2    123.8   0.3186  63.7147   0.0050  50.0000 -1183.837
 37  14    356.1    123.9   0.3182  63.6455   0.0050  50.0000 -1185.907
 37  15    356.3    123.7   0.3188  63.7520   0.0050  50.0000 -1184.223
 37  16    356.2    123.8   0.3184  63.6840   0.0050  50.0000 -1185.194
 37  17    356.2    123.8   0.3184  63.6840   0.0050  50.0000 -1185.194
 37  18    354.5    125.5   0.3142  62.8344   0.0050  50.0000 -1172.937
 37  19    356.5    123.5   0.3194  63.8705   0.0050  50.0000 -1164.406
 37  20    356.4    123.6   0.2985  59.7011   0.0050  46.7655 -1104.412
 37  21    356.6    123.4   0.3175  63.5034   0.0050  49.7031 -1110.337
 37  22    355.5    124.5   0.2716  54.3126   0.0050  42.8748 -1091.041
 37  23    355.2    124.8   0.2721  54.4245   0.0050  43.0449 -1092.992
 37  24    353.8    126.2   0.3126  62.5192   0.0050  50.0000 -1118.400
 37  25    355.5    124.5   0.3167  63.3477   0.0050  50.0000 -1121.702
 37  26    357.0    123.0   0.3205  64.1040   0.0050  50.0000 -1125.499
 37  27    357.0    123.0   0.3205  64.1040   0.0050  50.0000 -1125.499
 37  28    355.9    124.1   0.2302  46.0432   0.0050  36.2254 -1073.591
 37  29    354.8    125.2   0.2523  50.4571   0.0050  40.0510 -1082.750
 37  30    354.8    125.2   0.2523  50.4571   0.0050  40.0510 -1082.750
 37  31    356.4    123.6   0.2595  51.9006   0.0050  40.6674 -1085.860
 37  32    355.8    124.2   0.2618  52.3557   0.0050  41.2100 -1089.071
 37  33    354.7    125.3   0.1614  32.2809   0.0050  25.6465 -1025.674
 37  34    354.7    125.3   0.1614  32.2809   0.0050  25.6465 -1025.674
 37  35    357.0    123.0   0.1366  27.3106   0.0050  21.2964  -997.184
 37  36    356.9    123.1   0.0045   0.8941   0.0050   0.6978 -1005.770
 38   1    358.9    121.1   0.3255  65.0940   0.0050  50.0000 -1217.131
 38   2    356.5    123.5   0.3193  63.8613   0.0050  50.0000 -1164.123
 38   3    353.9    126.1   0.3127  62.5419   0.0050  50.0000 -1204.707
 38   4    354.6    125.4   0.3145  62.8981   0.0050  50.0000 -1185.207
 38   5    353.9    126.1   0.3128  62.5698   0.0050  50.0000 -1199.649
 38   6    353.9    126.1   0.3128  62.5698   0.0050  50.0000 -1199.649
 38   7    354.4    125.6   0.3141  62.8121   0.0050  50.0000 -1202.548
 38   8    354.4    125.6   0.3141  62.8121   0.0050  50.0000 -1202.548
 38   9    354.5    125.5   0.3144  62.8752   0.0050  50.0000 -1190.320
 38  10    355.0    125.0   0.3155  63.1050   0.0050  50.0000 -1196.832
 38  11    355.0    125.0   0.3155  63.1050   0.0050  50.0000 -1196.832
 38  12    356.7    123.3   0.3199  63.9760   0.0050  50.0000 -1186.648
 38  13    356.5    123.5   0.3192  63.8314   0.0050  50.0000 -1181.986
 38  14    356.3    123.7   0.3188  63.7590   0.0050  50.0000 -1179.331
 38  15    356.5    123.5   0.3193  63.8668   0.0050  50.0000 -1179.602
 38  16    356.4    123.6   0.3190  63.7986   0.0050  50.0000 -1181.525
 38  17    356.4    123.6   0.3190  63.7986   0.0050  50.0000 -1181.525
 38  18    354.7    125.3   0.3148  62.9648   0.0050  50.0000 -1164.056
 38  19    356.8    123.2   0.3199  63.9861   0.0050  50.0000 -1163.884
 38  20    356.7    123.3   0.3046  60.9167   0.0050  47.6409 -1108.774
 38  21    356.8    123.2   0.2914  58.2802   0.0050  45.5333 -1100.170
 38  22    355.7    124.3   0.2604  52.0733   0.0050  41.0221 -1086.661
 38  23    355.5    124.5   0.2646  52.9160   0.0050  41.7647 -1089.736
 38  24    354.0    126.0   0.2851  57.0106   0.0050  45.5121 -1105.910
 38  25    355.8    124.2   0.3174  63.4777   0.0050  50.0000 -1115.216
 38  26    357.2    122.8   0.3030  60.6023   0.0050  47.1847 -1109.034
 38  27    357.2    122.8   0.3030  60.6023   0.0050  47.1847 -1109.034
 38  28    356.1    123.9   0.2357  47.1334   0.0050  37.0230 -1078.398
 38  29    355.0    125.0   0.2606  52.1227   0.0050  41.3035 -1088.554
 38  30    355.0    125.0   0.2606  52.1227   0.0050  41.3035 -1088.554
 38  31    356.6    123.4   0.2292  45.8328   0.0050  35.8486 -1069.298
 38  32    356.0    124.0   0.2197  43.9320   0.0050  34.5249 -1066.389
 38  33    354.9    125.1   0.1634  32.6893   0.0050  25.9273 -1027.079
 38  34    354.9    125.1   0.1634  32.6893   0.0050  25.9273 -1027.079
 38  35    357.2    122.8   0.1349  26.9782   0.0050  21.0068  -996.991
 38  36    357.1    122.9   0.0042   0.8394   0.0050   0.6540  -984.220
 38  37    355.8    124.2   0.0035   0.7030   0.0050   0.5534  -990.088

