Supplemental results for CODEML (seqf: /gpfs/scratch/cltucker/EBH381-Group-Project/SIV_aligned_VPX.fas  treef: )


pairwise comparison (Goldman & Yang 1994)
seq seq        N       S       dN       dS     dN/dS   Paras.
  2   1    163.3     64.7   0.2564   1.2821   0.2000   1.6426  -508.944
  3   1    163.4     64.6   0.2630   1.3149   0.2000   1.6832  -507.937
  3   2    164.1     63.9   0.2931   1.4655   0.2000   1.8651  -508.658
  4   1    163.2     64.8   0.2972   1.4861   0.2000   1.9051  -516.645
  4   2    163.9     64.1   0.3167   1.5834   0.2000   2.0191  -509.098
  4   3    164.0     64.0   0.1304   0.6520   0.2000   0.8305  -444.212
  5   1    163.5     64.5   0.2438   1.2189   0.2000   1.5592  -505.695
  5   2    164.2     63.8   0.1994   0.9970   0.2000   1.2683  -487.209
  5   3    164.3     63.7   0.1114   0.5570   0.2000   0.7075  -441.979
  5   4    164.1     63.9   0.1208   0.6041   0.2000   0.7690  -444.894
  6   1    163.5     64.5   0.2438   1.2189   0.2000   1.5592  -505.695
  6   2    164.2     63.8   0.1994   0.9970   0.2000   1.2683  -487.209
  6   3    164.3     63.7   0.1114   0.5570   0.2000   0.7075  -441.979
  6   4    164.1     63.9   0.1208   0.6041   0.2000   0.7690  -444.894
  6   5    164.4     63.6   0.0000   0.0000   0.2000   0.0000  -304.678
  7   1    163.1     64.9   0.2311   1.1557   0.2000   1.4824  -499.188
  7   2    163.8     64.2   0.2134   1.0672   0.2000   1.3619  -491.217
  7   3    163.9     64.1   0.1050   0.5250   0.2000   0.6694  -436.043
  7   4    163.7     64.3   0.1012   0.5060   0.2000   0.6463  -437.513
  7   5    164.0     64.0   0.0256   0.1280   0.2000   0.1631  -352.668
  7   6    164.0     64.0   0.0256   0.1280   0.2000   0.1631  -352.668
  8   1    163.1     64.9   0.2311   1.1557   0.2000   1.4824  -499.188
  8   2    163.8     64.2   0.2134   1.0672   0.2000   1.3619  -491.217
  8   3    163.9     64.1   0.1050   0.5250   0.2000   0.6694  -436.043
  8   4    163.7     64.3   0.1012   0.5060   0.2000   0.6463  -437.513
  8   5    164.0     64.0   0.0256   0.1280   0.2000   0.1631  -352.668
  8   6    164.0     64.0   0.0256   0.1280   0.2000   0.1631  -352.668
  8   7    163.6     64.4   0.0000   0.0000   0.2000   0.0000  -304.842
  9   1    162.5     65.5   0.2869   1.4344   0.2000   1.8494  -523.595
  9   2    163.1     64.9   0.2559   1.2793   0.2000   1.6411  -506.347
  9   3    163.2     64.8   0.1195   0.5974   0.2000   0.7659  -452.482
  9   4    163.0     65.0   0.1328   0.6640   0.2000   0.8525  -463.541
  9   5    163.3     64.7   0.0719   0.3594   0.2000   0.4604  -413.159
  9   6    163.3     64.7   0.0719   0.3594   0.2000   0.4604  -413.159
  9   7    163.0     65.0   0.0662   0.3310   0.2000   0.4252  -410.403
  9   8    163.0     65.0   0.0662   0.3310   0.2000   0.4252  -410.403
 10   1    162.9     65.1   0.1980   0.9899   0.2000   1.2725  -495.451
 10   2    163.5     64.5   0.2982   1.4909   0.2000   1.9065  -510.581
 10   3    163.6     64.4   0.1364   0.6820   0.2000   0.8714  -449.567
 10   4    163.4     64.6   0.1316   0.6578   0.2000   0.8418  -451.944
 10   5    163.7     64.3   0.0734   0.3669   0.2000   0.4685  -405.414
 10   6    163.7     64.3   0.0734   0.3669   0.2000   0.4685  -405.414
 10   7    163.4     64.6   0.0606   0.3029   0.2000   0.3879  -391.639
 10   8    163.4     64.6   0.0606   0.3029   0.2000   0.3879  -391.639
 10   9    162.7     65.3   0.0729   0.3643   0.2000   0.4688  -422.234
 11   1    162.9     65.1   0.1980   0.9899   0.2000   1.2725  -495.451
 11   2    163.5     64.5   0.2982   1.4909   0.2000   1.9065  -510.581
 11   3    163.6     64.4   0.1364   0.6820   0.2000   0.8714  -449.567
 11   4    163.4     64.6   0.1316   0.6578   0.2000   0.8418  -451.944
 11   5    163.7     64.3   0.0734   0.3669   0.2000   0.4685  -405.414
 11   6    163.7     64.3   0.0734   0.3669   0.2000   0.4685  -405.414
 11   7    163.4     64.6   0.0606   0.3029   0.2000   0.3879  -391.639
 11   8    163.4     64.6   0.0606   0.3029   0.2000   0.3879  -391.639
 11   9    162.7     65.3   0.0729   0.3643   0.2000   0.4688  -422.234
 11  10    163.1     64.9   0.0000   0.0000   0.2000   0.0000  -306.211
 12   1    162.3     65.7   0.4205   2.1026   0.2000   2.7154  -548.081
 12   2    163.0     65.0   0.3947   1.9736   0.2000   2.5340  -538.535
 12   3    163.2     64.8   0.3128   1.5638   0.2000   2.0054  -518.866
 12   4    163.0     65.0   0.3725   1.8627   0.2000   2.3929  -533.773
 12   5    163.2     64.8   0.3213   1.6067   0.2000   2.0596  -523.721
 12   6    163.2     64.8   0.3213   1.6067   0.2000   2.0596  -523.721
 12   7    162.9     65.1   0.2840   1.4202   0.2000   1.8258  -520.309
 12   8    162.9     65.1   0.2840   1.4202   0.2000   1.8258  -520.309
 12   9    162.2     65.8   0.3461   1.7303   0.2000   2.2366  -537.257
 12  10    162.6     65.4   0.3134   1.5670   0.2000   2.0192  -525.452
 12  11    162.6     65.4   0.3134   1.5670   0.2000   2.0192  -525.452
 13   1    162.5     65.5   0.3355   1.6777   0.2000   2.1639  -535.021
 13   2    163.2     64.8   0.5311   2.6556   0.2000   3.4052  -561.082
 13   3    163.3     64.7   0.2983   1.4916   0.2000   1.9102  -519.295
 13   4    163.1     64.9   0.3944   1.9722   0.2000   2.5307  -539.307
 13   5    163.4     64.6   0.3667   1.8334   0.2000   2.3468  -533.049
 13   6    163.4     64.6   0.3667   1.8334   0.2000   2.3468  -533.049
 13   7    163.0     65.0   0.3391   1.6957   0.2000   2.1777  -528.837
 13   8    163.0     65.0   0.3391   1.6957   0.2000   2.1777  -528.837
 13   9    162.3     65.7   0.3999   1.9995   0.2000   2.5821  -544.276
 13  10    162.7     65.3   0.3068   1.5338   0.2000   1.9743  -524.355
 13  11    162.7     65.3   0.3068   1.5338   0.2000   1.9743  -524.355
 13  12    162.2     65.8   0.2020   1.0102   0.2000   1.3059  -500.592
 14   1    162.6     65.4   0.3575   1.7876   0.2000   2.3037  -536.040
 14   2    163.3     64.7   0.5486   2.7430   0.2000   3.5144  -561.358
 14   3    163.4     64.6   0.3036   1.5178   0.2000   1.9420  -518.172
 14   4    163.2     64.8   0.4098   2.0489   0.2000   2.6269  -539.931
 14   5    163.5     64.5   0.3931   1.9655   0.2000   2.5137  -535.398
 14   6    163.5     64.5   0.3931   1.9655   0.2000   2.5137  -535.398
 14   7    163.1     64.9   0.3647   1.8234   0.2000   2.3398  -531.649
 14   8    163.1     64.9   0.3647   1.8234   0.2000   2.3398  -531.649
 14   9    162.4     65.6   0.4308   2.1539   0.2000   2.7791  -546.537
 14  10    162.8     65.2   0.3362   1.6810   0.2000   2.1619  -527.546
 14  11    162.8     65.2   0.3362   1.6810   0.2000   2.1619  -527.546
 14  12    162.3     65.7   0.2212   1.1061   0.2000   1.4287  -502.750
 14  13    162.5     65.5   0.0174   0.0871   0.2000   0.1123  -346.791
 15   1    163.1     64.9   0.3362   1.6812   0.2000   2.1581  -531.449
 15   2    163.8     64.2   0.5194   2.5972   0.2000   3.3136  -557.273
 15   3    164.0     64.0   0.3011   1.5056   0.2000   1.9178  -515.971
 15   4    163.7     64.3   0.3900   1.9501   0.2000   2.4895  -535.967
 15   5    164.0     64.0   0.3710   1.8552   0.2000   2.3625  -530.752
 15   6    164.0     64.0   0.3710   1.8552   0.2000   2.3625  -530.752
 15   7    163.6     64.4   0.3423   1.7117   0.2000   2.1875  -526.843
 15   8    163.6     64.4   0.3423   1.7117   0.2000   2.1875  -526.843
 15   9    162.9     65.1   0.4054   2.0271   0.2000   2.6050  -542.633
 15  10    163.3     64.7   0.3171   1.5855   0.2000   2.0309  -523.156
 15  11    163.3     64.7   0.3171   1.5855   0.2000   2.0309  -523.156
 15  12    162.8     65.2   0.2163   1.0817   0.2000   1.3915  -500.711
 15  13    163.0     65.0   0.0176   0.0881   0.2000   0.1132  -344.084
 15  14    163.1     64.9   0.0108   0.0542   0.2000   0.0695  -331.317
 16   1    163.1     64.9   0.3362   1.6812   0.2000   2.1581  -531.449
 16   2    163.8     64.2   0.5194   2.5972   0.2000   3.3136  -557.273
 16   3    164.0     64.0   0.3011   1.5056   0.2000   1.9178  -515.971
 16   4    163.7     64.3   0.3900   1.9501   0.2000   2.4895  -535.967
 16   5    164.0     64.0   0.3710   1.8552   0.2000   2.3625  -530.752
 16   6    164.0     64.0   0.3710   1.8552   0.2000   2.3625  -530.752
 16   7    163.6     64.4   0.3423   1.7117   0.2000   2.1875  -526.843
 16   8    163.6     64.4   0.3423   1.7117   0.2000   2.1875  -526.843
 16   9    162.9     65.1   0.4054   2.0271   0.2000   2.6050  -542.633
 16  10    163.3     64.7   0.3171   1.5855   0.2000   2.0309  -523.156
 16  11    163.3     64.7   0.3171   1.5855   0.2000   2.0309  -523.156
 16  12    162.8     65.2   0.2163   1.0817   0.2000   1.3915  -500.711
 16  13    163.0     65.0   0.0176   0.0881   0.2000   0.1132  -344.084
 16  14    163.1     64.9   0.0108   0.0542   0.2000   0.0695  -331.317
 16  15    163.6     64.4   0.0000   0.0000   0.2000   0.0000  -306.765
 17   1    163.1     64.9   0.3362   1.6812   0.2000   2.1581  -531.449
 17   2    163.8     64.2   0.5194   2.5972   0.2000   3.3136  -557.273
 17   3    164.0     64.0   0.3011   1.5056   0.2000   1.9178  -515.971
 17   4    163.7     64.3   0.3900   1.9501   0.2000   2.4895  -535.967
 17   5    164.0     64.0   0.3710   1.8552   0.2000   2.3625  -530.752
 17   6    164.0     64.0   0.3710   1.8552   0.2000   2.3625  -530.752
 17   7    163.6     64.4   0.3423   1.7117   0.2000   2.1875  -526.843
 17   8    163.6     64.4   0.3423   1.7117   0.2000   2.1875  -526.843
 17   9    162.9     65.1   0.4054   2.0271   0.2000   2.6050  -542.633
 17  10    163.3     64.7   0.3171   1.5855   0.2000   2.0309  -523.156
 17  11    163.3     64.7   0.3171   1.5855   0.2000   2.0309  -523.156
 17  12    162.8     65.2   0.2163   1.0817   0.2000   1.3915  -500.711
 17  13    163.0     65.0   0.0176   0.0881   0.2000   0.1132  -344.084
 17  14    163.1     64.9   0.0108   0.0542   0.2000   0.0695  -331.317
 17  15    163.6     64.4   0.0000   0.0000   0.2000   0.0000  -306.765
 17  16    163.6     64.4   0.0000   0.0000   0.2000   0.0000  -306.765
 18   1    162.1     65.9   0.3549   1.7743   0.2000   2.2962  -541.079
 18   2    162.7     65.3   0.4353   2.1766   0.2000   2.8020  -550.529
 18   3    162.8     65.2   0.3267   1.6333   0.2000   2.1012  -527.458
 18   4    162.6     65.4   0.3623   1.8115   0.2000   2.3339  -537.561
 18   5    162.9     65.1   0.3302   1.6512   0.2000   2.1225  -528.823
 18   6    162.9     65.1   0.3302   1.6512   0.2000   2.1225  -528.823
 18   7    162.6     65.4   0.3035   1.5174   0.2000   1.9559  -523.527
 18   8    162.6     65.4   0.3035   1.5174   0.2000   1.9559  -523.527
 18   9    161.9     66.1   0.3233   1.6163   0.2000   2.0942  -536.241
 18  10    162.3     65.7   0.3559   1.7797   0.2000   2.2987  -534.014
 18  11    162.3     65.7   0.3559   1.7797   0.2000   2.2987  -534.014
 18  12    161.7     66.3   0.2050   1.0251   0.2000   1.3302  -486.263
 18  13    161.9     66.1   0.1899   0.9497   0.2000   1.2310  -488.088
 18  14    162.0     66.0   0.2056   1.0278   0.2000   1.3311  -490.428
 18  15    162.5     65.5   0.1928   0.9640   0.2000   1.2435  -484.756
 18  16    162.5     65.5   0.1928   0.9640   0.2000   1.2435  -484.756
 18  17    162.5     65.5   0.1928   0.9640   0.2000   1.2435  -484.756
 19   1    161.9     66.1   0.3170   1.5849   0.2000   2.0541  -535.878
 19   2    162.5     65.5   0.4670   2.3351   0.2000   3.0104  -556.824
 19   3    162.6     65.4   0.3382   1.6911   0.2000   2.1786  -532.921
 19   4    162.4     65.6   0.3393   1.6965   0.2000   2.1886  -537.387
 19   5    162.7     65.3   0.2932   1.4661   0.2000   1.8874  -526.352
 19   6    162.7     65.3   0.2932   1.4661   0.2000   1.8874  -526.352
 19   7    162.4     65.6   0.2890   1.4449   0.2000   1.8648  -522.152
 19   8    162.4     65.6   0.2890   1.4449   0.2000   1.8648  -522.152
 19   9    161.8     66.2   0.3294   1.6472   0.2000   2.1370  -539.281
 19  10    162.1     65.9   0.3137   1.5684   0.2000   2.0286  -528.891
 19  11    162.1     65.9   0.3137   1.5684   0.2000   2.0286  -528.891
 19  12    161.5     66.5   0.2078   1.0390   0.2000   1.3504  -489.365
 19  13    161.7     66.3   0.2333   1.1665   0.2000   1.5144  -502.441
 19  14    161.8     66.2   0.2348   1.1740   0.2000   1.5229  -502.707
 19  15    162.3     65.7   0.2177   1.0884   0.2000   1.4062  -497.422
 19  16    162.3     65.7   0.2177   1.0884   0.2000   1.4062  -497.422
 19  17    162.3     65.7   0.2177   1.0884   0.2000   1.4062  -497.422
 19  18    161.3     66.7   0.0753   0.3767   0.2000   0.4906  -413.129
 20   1    162.0     66.0   0.3408   1.7040   0.2000   2.2070  -543.886
 20   2    162.6     65.4   0.3658   1.8290   0.2000   2.3566  -538.839
 20   3    162.7     65.3   0.3837   1.9187   0.2000   2.4705  -537.941
 20   4    162.5     65.5   0.3844   1.9222   0.2000   2.4788  -543.507
 20   5    162.8     65.2   0.2910   1.4551   0.2000   1.8718  -528.677
 20   6    162.8     65.2   0.2910   1.4551   0.2000   1.8718  -528.677
 20   7    162.4     65.6   0.2767   1.3834   0.2000   1.7849  -524.950
 20   8    162.4     65.6   0.2767   1.3834   0.2000   1.7849  -524.950
 20   9    161.8     66.2   0.3094   1.5468   0.2000   2.0062  -535.307
 20  10    162.2     65.8   0.3040   1.5201   0.2000   1.9653  -533.337
 20  11    162.2     65.8   0.3040   1.5201   0.2000   1.9653  -533.337
 20  12    161.6     66.4   0.2809   1.4046   0.2000   1.8239  -513.722
 20  13    161.8     66.2   0.2917   1.4585   0.2000   1.8920  -523.312
 20  14    161.9     66.1   0.2959   1.4797   0.2000   1.9178  -522.548
 20  15    162.4     65.6   0.2747   1.3735   0.2000   1.7728  -517.898
 20  16    162.4     65.6   0.2747   1.3735   0.2000   1.7728  -517.898
 20  17    162.4     65.6   0.2747   1.3735   0.2000   1.7728  -517.898
 20  18    161.3     66.7   0.2159   1.0793   0.2000   1.4050  -494.332
 20  19    161.2     66.8   0.2029   1.0144   0.2000   1.3222  -494.925
 21   1    163.3     64.7   0.3511   1.7557   0.2000   2.2494  -532.579
 21   2    164.0     64.0   0.3626   1.8129   0.2000   2.3100  -535.761
 21   3    164.1     63.9   0.3841   1.9204   0.2000   2.4441  -529.544
 21   4    163.9     64.1   0.4150   2.0749   0.2000   2.6459  -540.461
 21   5    164.2     63.8   0.4125   2.0627   0.2000   2.6238  -537.327
 21   6    164.2     63.8   0.4125   2.0627   0.2000   2.6238  -537.327
 21   7    163.8     64.2   0.3605   1.8023   0.2000   2.3001  -532.166
 21   8    163.8     64.2   0.3605   1.8023   0.2000   2.3001  -532.166
 21   9    163.1     64.9   0.3808   1.9042   0.2000   2.4428  -542.322
 21  10    163.5     64.5   0.3905   1.9523   0.2000   2.4966  -537.730
 21  11    163.5     64.5   0.3905   1.9523   0.2000   2.4966  -537.730
 21  12    163.0     65.0   0.2591   1.2956   0.2000   1.6636  -506.282
 21  13    163.2     64.8   0.3510   1.7552   0.2000   2.2507  -527.763
 21  14    163.3     64.7   0.3652   1.8262   0.2000   2.3398  -529.244
 21  15    163.8     64.2   0.3553   1.7763   0.2000   2.2663  -526.277
 21  16    163.8     64.2   0.3553   1.7763   0.2000   2.2663  -526.277
 21  17    163.8     64.2   0.3553   1.7763   0.2000   2.2663  -526.277
 21  18    162.7     65.3   0.2641   1.3205   0.2000   1.6999  -508.753
 21  19    162.5     65.5   0.2696   1.3480   0.2000   1.7378  -513.458
 21  20    162.6     65.4   0.2442   1.2209   0.2000   1.5731  -507.955
 22   1    163.1     64.9   0.3948   1.9738   0.2000   2.5318  -548.688
 22   2    163.9     64.1   0.3241   1.6206   0.2000   2.0660  -527.625
 22   3    164.1     63.9   0.3100   1.5500   0.2000   1.9727  -519.643
 22   4    163.8     64.2   0.3214   1.6072   0.2000   2.0500  -523.047
 22   5    164.1     63.9   0.3081   1.5407   0.2000   1.9605  -519.452
 22   6    164.1     63.9   0.3081   1.5407   0.2000   1.9605  -519.452
 22   7    163.7     64.3   0.2823   1.4113   0.2000   1.8020  -517.526
 22   8    163.7     64.3   0.2823   1.4113   0.2000   1.8020  -517.526
 22   9    163.0     65.0   0.3320   1.6599   0.2000   2.1313  -531.127
 22  10    163.4     64.6   0.3446   1.7231   0.2000   2.2054  -528.387
 22  11    163.4     64.6   0.3446   1.7231   0.2000   2.2054  -528.387
 22  12    162.9     65.1   0.1785   0.8923   0.2000   1.1470  -483.951
 22  13    163.1     64.9   0.3014   1.5069   0.2000   1.9336  -522.912
 22  14    163.2     64.8   0.3269   1.6344   0.2000   2.0954  -525.660
 22  15    163.7     64.3   0.3083   1.5417   0.2000   1.9680  -521.244
 22  16    163.7     64.3   0.3083   1.5417   0.2000   1.9680  -521.244
 22  17    163.7     64.3   0.3083   1.5417   0.2000   1.9680  -521.244
 22  18    162.6     65.4   0.2548   1.2741   0.2000   1.6421  -509.013
 22  19    162.4     65.6   0.2718   1.3591   0.2000   1.7545  -513.112
 22  20    162.5     65.5   0.2392   1.1962   0.2000   1.5426  -505.651
 22  21    163.9     64.1   0.2119   1.0594   0.2000   1.3506  -494.193
 23   1    163.1     64.9   0.3948   1.9738   0.2000   2.5318  -548.688
 23   2    163.9     64.1   0.3241   1.6206   0.2000   2.0660  -527.625
 23   3    164.1     63.9   0.3100   1.5500   0.2000   1.9727  -519.643
 23   4    163.8     64.2   0.3214   1.6072   0.2000   2.0500  -523.047
 23   5    164.1     63.9   0.3081   1.5407   0.2000   1.9605  -519.452
 23   6    164.1     63.9   0.3081   1.5407   0.2000   1.9605  -519.452
 23   7    163.7     64.3   0.2823   1.4113   0.2000   1.8020  -517.526
 23   8    163.7     64.3   0.2823   1.4113   0.2000   1.8020  -517.526
 23   9    163.0     65.0   0.3320   1.6599   0.2000   2.1313  -531.127
 23  10    163.4     64.6   0.3446   1.7231   0.2000   2.2054  -528.387
 23  11    163.4     64.6   0.3446   1.7231   0.2000   2.2054  -528.387
 23  12    162.9     65.1   0.1785   0.8923   0.2000   1.1470  -483.951
 23  13    163.1     64.9   0.3014   1.5069   0.2000   1.9336  -522.912
 23  14    163.2     64.8   0.3269   1.6344   0.2000   2.0954  -525.660
 23  15    163.7     64.3   0.3083   1.5417   0.2000   1.9680  -521.244
 23  16    163.7     64.3   0.3083   1.5417   0.2000   1.9680  -521.244
 23  17    163.7     64.3   0.3083   1.5417   0.2000   1.9680  -521.244
 23  18    162.6     65.4   0.2548   1.2741   0.2000   1.6421  -509.013
 23  19    162.4     65.6   0.2718   1.3591   0.2000   1.7545  -513.112
 23  20    162.5     65.5   0.2392   1.1962   0.2000   1.5426  -505.651
 23  21    163.9     64.1   0.2119   1.0594   0.2000   1.3506  -494.193
 23  22    163.8     64.2   0.0000   0.0000   0.2000   0.0000  -306.459
 24   1    162.7     65.3   0.4195   2.0973   0.2000   2.6994  -549.217
 24   2    163.4     64.6   0.3053   1.5265   0.2000   1.9539  -522.410
 24   3    163.5     64.5   0.3471   1.7356   0.2000   2.2189  -526.301
 24   4    163.3     64.7   0.3839   1.9196   0.2000   2.4584  -535.455
 24   5    163.6     64.4   0.3225   1.6127   0.2000   2.0608  -521.501
 24   6    163.6     64.4   0.3225   1.6127   0.2000   2.0608  -521.501
 24   7    163.3     64.7   0.3050   1.5250   0.2000   1.9543  -520.612
 24   8    163.3     64.7   0.3050   1.5250   0.2000   1.9543  -520.612
 24   9    162.6     65.4   0.3474   1.7372   0.2000   2.2381  -533.321
 24  10    163.0     65.0   0.3151   1.5756   0.2000   2.0236  -523.745
 24  11    163.0     65.0   0.3151   1.5756   0.2000   2.0236  -523.745
 24  12    162.4     65.6   0.1894   0.9469   0.2000   1.2218  -482.727
 24  13    162.6     65.4   0.2494   1.2471   0.2000   1.6068  -511.098
 24  14    162.7     65.3   0.2676   1.3378   0.2000   1.7223  -514.816
 24  15    163.2     64.8   0.2508   1.2541   0.2000   1.6080  -509.860
 24  16    163.2     64.8   0.2508   1.2541   0.2000   1.6080  -509.860
 24  17    163.2     64.8   0.2508   1.2541   0.2000   1.6080  -509.860
 24  18    162.1     65.9   0.2330   1.1648   0.2000   1.5063  -503.138
 24  19    162.0     66.0   0.2245   1.1225   0.2000   1.4539  -502.011
 24  20    162.1     65.9   0.2344   1.1722   0.2000   1.5169  -505.061
 24  21    163.4     64.6   0.2344   1.1720   0.2000   1.5001  -498.387
 24  22    163.3     64.7   0.1502   0.7510   0.2000   0.9622  -458.711
 24  23    163.3     64.7   0.1502   0.7510   0.2000   0.9622  -458.711
 25   1    163.1     64.9   0.3743   1.8717   0.2000   2.4026  -541.929
 25   2    163.8     64.2   0.3128   1.5641   0.2000   1.9958  -526.171
 25   3    164.0     64.0   0.3087   1.5434   0.2000   1.9662  -517.538
 25   4    163.7     64.3   0.3167   1.5833   0.2000   2.0214  -520.942
 25   5    164.0     64.0   0.2522   1.2608   0.2000   1.6058  -510.992
 25   6    164.0     64.0   0.2522   1.2608   0.2000   1.6058  -510.992
 25   7    163.6     64.4   0.2371   1.1857   0.2000   1.5152  -510.001
 25   8    163.6     64.4   0.2371   1.1857   0.2000   1.5152  -510.001
 25   9    162.9     65.1   0.3244   1.6219   0.2000   2.0842  -532.992
 25  10    163.3     64.7   0.3066   1.5328   0.2000   1.9634  -521.427
 25  11    163.3     64.7   0.3066   1.5328   0.2000   1.9634  -521.427
 25  12    162.8     65.2   0.2243   1.1217   0.2000   1.4431  -496.395
 25  13    163.0     65.0   0.2988   1.4942   0.2000   1.9191  -519.361
 25  14    163.1     64.9   0.2895   1.4474   0.2000   1.8574  -515.326
 25  15    163.6     64.4   0.2892   1.4461   0.2000   1.8478  -513.770
 25  16    163.6     64.4   0.2892   1.4461   0.2000   1.8478  -513.770
 25  17    163.6     64.4   0.2892   1.4461   0.2000   1.8478  -513.770
 25  18    162.5     65.5   0.2168   1.0842   0.2000   1.3985  -492.098
 25  19    162.3     65.7   0.2277   1.1383   0.2000   1.4706  -497.916
 25  20    162.4     65.6   0.1774   0.8872   0.2000   1.1451  -489.544
 25  21    163.8     64.2   0.1940   0.9701   0.2000   1.2378  -482.525
 25  22    163.7     64.3   0.1623   0.8113   0.2000   1.0359  -466.396
 25  23    163.7     64.3   0.1623   0.8113   0.2000   1.0359  -466.396
 25  24    163.2     64.8   0.1576   0.7878   0.2000   1.0102  -467.169
 26   1    162.5     65.5   0.4589   2.2945   0.2000   2.9576  -551.750
 26   2    163.2     64.8   0.3776   1.8881   0.2000   2.4208  -532.493
 26   3    163.3     64.7   0.2843   1.4216   0.2000   1.8212  -508.895
 26   4    163.1     64.9   0.3207   1.6036   0.2000   2.0575  -520.124
 26   5    163.4     64.6   0.2509   1.2546   0.2000   1.6063  -509.304
 26   6    163.4     64.6   0.2509   1.2546   0.2000   1.6063  -509.304
 26   7    163.0     65.0   0.2426   1.2130   0.2000   1.5571  -504.349
 26   8    163.0     65.0   0.2426   1.2130   0.2000   1.5571  -504.349
 26   9    162.4     65.6   0.2894   1.4468   0.2000   1.8668  -521.117
 26  10    162.8     65.2   0.2918   1.4592   0.2000   1.8772  -516.147
 26  11    162.8     65.2   0.2918   1.4592   0.2000   1.8772  -516.147
 26  12    162.2     65.8   0.2541   1.2707   0.2000   1.6423  -504.526
 26  13    162.4     65.6   0.3263   1.6316   0.2000   2.1061  -528.707
 26  14    162.5     65.5   0.2916   1.4579   0.2000   1.8804  -521.698
 26  15    163.0     65.0   0.2918   1.4590   0.2000   1.8744  -520.181
 26  16    163.0     65.0   0.2918   1.4590   0.2000   1.8744  -520.181
 26  17    163.0     65.0   0.2918   1.4590   0.2000   1.8744  -520.181
 26  18    162.0     66.0   0.2355   1.1773   0.2000   1.5248  -504.729
 26  19    161.8     66.2   0.2502   1.2510   0.2000   1.6226  -512.165
 26  20    161.9     66.1   0.2236   1.1179   0.2000   1.4492  -505.291
 26  21    163.2     64.8   0.2378   1.1890   0.2000   1.5246  -504.662
 26  22    163.1     64.9   0.3258   1.6289   0.2000   2.0910  -520.299
 26  23    163.1     64.9   0.3258   1.6289   0.2000   2.0910  -520.299
 26  24    162.6     65.4   0.2877   1.4386   0.2000   1.8530  -517.210
 26  25    163.0     65.0   0.2036   1.0179   0.2000   1.3076  -490.744
 27   1    162.5     65.5   0.4589   2.2945   0.2000   2.9576  -551.750
 27   2    163.2     64.8   0.3776   1.8881   0.2000   2.4208  -532.493
 27   3    163.3     64.7   0.2843   1.4216   0.2000   1.8212  -508.895
 27   4    163.1     64.9   0.3207   1.6036   0.2000   2.0575  -520.124
 27   5    163.4     64.6   0.2509   1.2546   0.2000   1.6063  -509.304
 27   6    163.4     64.6   0.2509   1.2546   0.2000   1.6063  -509.304
 27   7    163.0     65.0   0.2426   1.2130   0.2000   1.5571  -504.349
 27   8    163.0     65.0   0.2426   1.2130   0.2000   1.5571  -504.349
 27   9    162.4     65.6   0.2894   1.4468   0.2000   1.8668  -521.117
 27  10    162.8     65.2   0.2918   1.4592   0.2000   1.8772  -516.147
 27  11    162.8     65.2   0.2918   1.4592   0.2000   1.8772  -516.147
 27  12    162.2     65.8   0.2541   1.2707   0.2000   1.6423  -504.526
 27  13    162.4     65.6   0.3263   1.6316   0.2000   2.1061  -528.707
 27  14    162.5     65.5   0.2916   1.4579   0.2000   1.8804  -521.698
 27  15    163.0     65.0   0.2918   1.4590   0.2000   1.8744  -520.181
 27  16    163.0     65.0   0.2918   1.4590   0.2000   1.8744  -520.181
 27  17    163.0     65.0   0.2918   1.4590   0.2000   1.8744  -520.181
 27  18    162.0     66.0   0.2355   1.1773   0.2000   1.5248  -504.729
 27  19    161.8     66.2   0.2502   1.2510   0.2000   1.6226  -512.165
 27  20    161.9     66.1   0.2236   1.1179   0.2000   1.4492  -505.291
 27  21    163.2     64.8   0.2378   1.1890   0.2000   1.5246  -504.662
 27  22    163.1     64.9   0.3258   1.6289   0.2000   2.0910  -520.299
 27  23    163.1     64.9   0.3258   1.6289   0.2000   2.0910  -520.299
 27  24    162.6     65.4   0.2877   1.4386   0.2000   1.8530  -517.210
 27  25    163.0     65.0   0.2036   1.0179   0.2000   1.3076  -490.744
 27  26    162.4     65.6   0.0000   0.0000   0.2000   0.0000  -307.863
 28   1    162.9     65.1   0.3777   1.8884   0.2000   2.4273  -545.622
 28   2    163.5     64.5   0.3979   1.9894   0.2000   2.5433  -539.784
 28   3    163.7     64.3   0.2980   1.4902   0.2000   1.9031  -519.689
 28   4    163.5     64.5   0.3359   1.6793   0.2000   2.1485  -526.361
 28   5    163.7     64.3   0.3130   1.5649   0.2000   1.9973  -520.746
 28   6    163.7     64.3   0.3130   1.5649   0.2000   1.9973  -520.746
 28   7    163.4     64.6   0.2792   1.3958   0.2000   1.7870  -515.234
 28   8    163.4     64.6   0.2792   1.3958   0.2000   1.7870  -515.234
 28   9    162.7     65.3   0.3474   1.7371   0.2000   2.2356  -532.229
 28  10    163.1     64.9   0.3060   1.5301   0.2000   1.9630  -521.008
 28  11    163.1     64.9   0.3060   1.5301   0.2000   1.9630  -521.008
 28  12    162.6     65.4   0.2465   1.2324   0.2000   1.5878  -505.332
 28  13    162.8     65.2   0.2443   1.2216   0.2000   1.5720  -503.619
 28  14    162.9     65.1   0.2412   1.2058   0.2000   1.5503  -503.370
 28  15    163.4     64.6   0.2268   1.1342   0.2000   1.4523  -498.657
 28  16    163.4     64.6   0.2268   1.1342   0.2000   1.4523  -498.657
 28  17    163.4     64.6   0.2268   1.1342   0.2000   1.4523  -498.657
 28  18    162.3     65.7   0.2341   1.1703   0.2000   1.5117  -504.128
 28  19    162.1     65.9   0.2369   1.1847   0.2000   1.5324  -506.239
 28  20    162.2     65.8   0.2165   1.0826   0.2000   1.3996  -499.013
 28  21    163.5     64.5   0.2548   1.2739   0.2000   1.6285  -510.486
 28  22    163.5     64.5   0.1957   0.9786   0.2000   1.2520  -482.729
 28  23    163.5     64.5   0.1957   0.9786   0.2000   1.2520  -482.729
 28  24    163.0     65.0   0.1801   0.9004   0.2000   1.1563  -476.787
 28  25    163.4     64.6   0.2186   1.0929   0.2000   1.3994  -493.371
 28  26    162.8     65.2   0.2151   1.0757   0.2000   1.3838  -495.710
 28  27    162.8     65.2   0.2151   1.0757   0.2000   1.3838  -495.710
 29   1    163.1     64.9   0.4044   2.0222   0.2000   2.5947  -546.500
 29   2    163.8     64.2   0.4004   2.0020   0.2000   2.5545  -539.752
 29   3    163.9     64.1   0.2806   1.4031   0.2000   1.7882  -512.911
 29   4    163.7     64.3   0.3194   1.5968   0.2000   2.0388  -522.550
 29   5    164.0     64.0   0.2918   1.4588   0.2000   1.8584  -514.447
 29   6    164.0     64.0   0.2918   1.4588   0.2000   1.8584  -514.447
 29   7    163.6     64.4   0.2404   1.2020   0.2000   1.5359  -505.794
 29   8    163.6     64.4   0.2404   1.2020   0.2000   1.5359  -505.794
 29   9    163.0     65.0   0.3101   1.5506   0.2000   1.9918  -523.125
 29  10    163.4     64.6   0.2814   1.4072   0.2000   1.8019  -514.075
 29  11    163.4     64.6   0.2814   1.4072   0.2000   1.8019  -514.075
 29  12    162.8     65.2   0.2283   1.1415   0.2000   1.4681  -502.642
 29  13    163.0     65.0   0.2553   1.2765   0.2000   1.6394  -508.835
 29  14    163.1     64.9   0.2622   1.3110   0.2000   1.6823  -508.639
 29  15    163.6     64.4   0.2604   1.3021   0.2000   1.6641  -506.929
 29  16    163.6     64.4   0.2604   1.3021   0.2000   1.6641  -506.929
 29  17    163.6     64.4   0.2604   1.3021   0.2000   1.6641  -506.929
 29  18    162.5     65.5   0.2554   1.2772   0.2000   1.6466  -511.308
 29  19    162.3     65.7   0.2624   1.3121   0.2000   1.6940  -508.508
 29  20    162.4     65.6   0.2071   1.0353   0.2000   1.3358  -496.406
 29  21    163.8     64.2   0.2031   1.0153   0.2000   1.2956  -495.749
 29  22    163.7     64.3   0.1856   0.9280   0.2000   1.1850  -489.400
 29  23    163.7     64.3   0.1856   0.9280   0.2000   1.1850  -489.400
 29  24    163.2     64.8   0.2168   1.0838   0.2000   1.3894  -493.576
 29  25    163.6     64.4   0.2254   1.1268   0.2000   1.4402  -497.657
 29  26    163.0     65.0   0.1968   0.9838   0.2000   1.2633  -488.841
 29  27    163.0     65.0   0.1968   0.9838   0.2000   1.2633  -488.841
 29  28    163.4     64.6   0.1159   0.5796   0.2000   0.7420  -443.727
 30   1    163.1     64.9   0.4044   2.0222   0.2000   2.5947  -546.500
 30   2    163.8     64.2   0.4004   2.0020   0.2000   2.5545  -539.752
 30   3    163.9     64.1   0.2806   1.4031   0.2000   1.7882  -512.911
 30   4    163.7     64.3   0.3194   1.5968   0.2000   2.0388  -522.550
 30   5    164.0     64.0   0.2918   1.4588   0.2000   1.8584  -514.447
 30   6    164.0     64.0   0.2918   1.4588   0.2000   1.8584  -514.447
 30   7    163.6     64.4   0.2404   1.2020   0.2000   1.5359  -505.794
 30   8    163.6     64.4   0.2404   1.2020   0.2000   1.5359  -505.794
 30   9    163.0     65.0   0.3101   1.5506   0.2000   1.9918  -523.125
 30  10    163.4     64.6   0.2814   1.4072   0.2000   1.8019  -514.075
 30  11    163.4     64.6   0.2814   1.4072   0.2000   1.8019  -514.075
 30  12    162.8     65.2   0.2283   1.1415   0.2000   1.4681  -502.642
 30  13    163.0     65.0   0.2553   1.2765   0.2000   1.6394  -508.835
 30  14    163.1     64.9   0.2622   1.3110   0.2000   1.6823  -508.639
 30  15    163.6     64.4   0.2604   1.3021   0.2000   1.6641  -506.929
 30  16    163.6     64.4   0.2604   1.3021   0.2000   1.6641  -506.929
 30  17    163.6     64.4   0.2604   1.3021   0.2000   1.6641  -506.929
 30  18    162.5     65.5   0.2554   1.2772   0.2000   1.6466  -511.308
 30  19    162.3     65.7   0.2624   1.3121   0.2000   1.6940  -508.508
 30  20    162.4     65.6   0.2071   1.0353   0.2000   1.3358  -496.406
 30  21    163.8     64.2   0.2031   1.0153   0.2000   1.2956  -495.749
 30  22    163.7     64.3   0.1856   0.9280   0.2000   1.1850  -489.400
 30  23    163.7     64.3   0.1856   0.9280   0.2000   1.1850  -489.400
 30  24    163.2     64.8   0.2168   1.0838   0.2000   1.3894  -493.576
 30  25    163.6     64.4   0.2254   1.1268   0.2000   1.4402  -497.657
 30  26    163.0     65.0   0.1968   0.9838   0.2000   1.2633  -488.841
 30  27    163.0     65.0   0.1968   0.9838   0.2000   1.2633  -488.841
 30  28    163.4     64.6   0.1159   0.5796   0.2000   0.7420  -443.727
 30  29    163.6     64.4   0.0000   0.0000   0.2000   0.0000  -306.145
 31   1    162.7     65.3   0.3413   1.7064   0.2000   2.1968  -535.305
 31   2    163.3     64.7   0.4010   2.0051   0.2000   2.5677  -540.464
 31   3    163.5     64.5   0.2158   1.0792   0.2000   1.3807  -501.468
 31   4    163.3     64.7   0.3014   1.5068   0.2000   1.9309  -520.441
 31   5    163.5     64.5   0.2610   1.3052   0.2000   1.6688  -507.696
 31   6    163.5     64.5   0.2610   1.3052   0.2000   1.6688  -507.696
 31   7    163.2     64.8   0.2343   1.1717   0.2000   1.5023  -501.430
 31   8    163.2     64.8   0.2343   1.1717   0.2000   1.5023  -501.430
 31   9    162.6     65.4   0.3004   1.5021   0.2000   1.9360  -524.079
 31  10    162.9     65.1   0.2316   1.1580   0.2000   1.4879  -501.164
 31  11    162.9     65.1   0.2316   1.1580   0.2000   1.4879  -501.164
 31  12    162.4     65.6   0.2262   1.1308   0.2000   1.4596  -497.370
 31  13    162.5     65.5   0.2123   1.0613   0.2000   1.3681  -497.509
 31  14    162.6     65.4   0.2041   1.0204   0.2000   1.3143  -490.763
 31  15    163.1     64.9   0.2065   1.0324   0.2000   1.3246  -490.887
 31  16    163.1     64.9   0.2065   1.0324   0.2000   1.3246  -490.887
 31  17    163.1     64.9   0.2065   1.0324   0.2000   1.3246  -490.887
 31  18    162.1     65.9   0.2174   1.0868   0.2000   1.4058  -501.840
 31  19    161.9     66.1   0.2254   1.1268   0.2000   1.4597  -506.024
 31  20    162.0     66.0   0.2119   1.0593   0.2000   1.3715  -491.898
 31  21    163.3     64.7   0.2278   1.1392   0.2000   1.4588  -497.514
 31  22    163.2     64.8   0.2013   1.0066   0.2000   1.2904  -485.186
 31  23    163.2     64.8   0.2013   1.0066   0.2000   1.2904  -485.186
 31  24    162.8     65.2   0.2138   1.0690   0.2000   1.3752  -494.412
 31  25    163.1     64.9   0.2295   1.1476   0.2000   1.4724  -491.251
 31  26    162.6     65.4   0.1958   0.9790   0.2000   1.2614  -490.132
 31  27    162.6     65.4   0.1958   0.9790   0.2000   1.2614  -490.132
 31  28    162.9     65.1   0.1223   0.6114   0.2000   0.7855  -446.844
 31  29    163.2     64.8   0.0983   0.4913   0.2000   0.6300  -426.138
 31  30    163.2     64.8   0.0983   0.4913   0.2000   0.6300  -426.138
 32   1    162.6     65.4   0.4012   2.0061   0.2000   2.5848  -551.015
 32   2    163.2     64.8   0.3963   1.9817   0.2000   2.5403  -542.471
 32   3    163.3     64.7   0.2187   1.0933   0.2000   1.4005  -510.058
 32   4    163.1     64.9   0.2855   1.4277   0.2000   1.8315  -523.168
 32   5    163.4     64.6   0.2527   1.2633   0.2000   1.6170  -515.537
 32   6    163.4     64.6   0.2527   1.2633   0.2000   1.6170  -515.537
 32   7    163.1     64.9   0.2033   1.0163   0.2000   1.3044  -505.865
 32   8    163.1     64.9   0.2033   1.0163   0.2000   1.3044  -505.865
 32   9    162.4     65.6   0.3182   1.5911   0.2000   2.0526  -533.467
 32  10    162.8     65.2   0.2352   1.1762   0.2000   1.5126  -513.274
 32  11    162.8     65.2   0.2352   1.1762   0.2000   1.5126  -513.274
 32  12    162.3     65.7   0.2304   1.1520   0.2000   1.4883  -509.372
 32  13    162.4     65.6   0.2669   1.3346   0.2000   1.7223  -519.798
 32  14    162.5     65.5   0.2730   1.3651   0.2000   1.7602  -517.714
 32  15    163.0     65.0   0.2773   1.3867   0.2000   1.7809  -517.482
 32  16    163.0     65.0   0.2773   1.3867   0.2000   1.7809  -517.482
 32  17    163.0     65.0   0.2773   1.3867   0.2000   1.7809  -517.482
 32  18    162.0     66.0   0.2264   1.1320   0.2000   1.4656  -504.762
 32  19    161.8     66.2   0.2302   1.1509   0.2000   1.4922  -505.022
 32  20    161.9     66.1   0.2125   1.0625   0.2000   1.3769  -501.378
 32  21    163.2     64.8   0.2742   1.3708   0.2000   1.7572  -513.569
 32  22    163.1     64.9   0.1963   0.9814   0.2000   1.2595  -491.942
 32  23    163.1     64.9   0.1963   0.9814   0.2000   1.2595  -491.942
 32  24    162.7     65.3   0.2129   1.0647   0.2000   1.3709  -495.522
 32  25    163.0     65.0   0.2043   1.0214   0.2000   1.3118  -493.385
 32  26    162.5     65.5   0.1941   0.9703   0.2000   1.2512  -492.259
 32  27    162.5     65.5   0.1941   0.9703   0.2000   1.2512  -492.259
 32  28    162.8     65.2   0.1313   0.6567   0.2000   0.8446  -449.564
 32  29    163.1     64.9   0.0942   0.4708   0.2000   0.6044  -433.080
 32  30    163.1     64.9   0.0942   0.4708   0.2000   0.6044  -433.080
 32  31    162.6     65.4   0.1131   0.5655   0.2000   0.7284  -444.878
 33   1    162.0     66.0   0.3651   1.8255   0.2000   2.3644  -542.918
 33   2    162.6     65.4   0.4136   2.0678   0.2000   2.6643  -546.224
 33   3    162.7     65.3   0.2781   1.3906   0.2000   1.7905  -515.431
 33   4    162.5     65.5   0.2989   1.4945   0.2000   1.9272  -526.375
 33   5    162.8     65.2   0.3172   1.5858   0.2000   2.0400  -525.640
 33   6    162.8     65.2   0.3172   1.5858   0.2000   2.0400  -525.640
 33   7    162.4     65.6   0.2902   1.4511   0.2000   1.8722  -519.636
 33   8    162.4     65.6   0.2902   1.4511   0.2000   1.8722  -519.636
 33   9    161.8     66.2   0.3055   1.5273   0.2000   1.9810  -529.265
 33  10    162.2     65.8   0.2923   1.4613   0.2000   1.8892  -522.110
 33  11    162.2     65.8   0.2923   1.4613   0.2000   1.8892  -522.110
 33  12    161.6     66.4   0.2082   1.0409   0.2000   1.3516  -496.266
 33  13    161.8     66.2   0.2482   1.2408   0.2000   1.6096  -507.064
 33  14    161.9     66.1   0.2886   1.4428   0.2000   1.8701  -515.369
 33  15    162.4     65.6   0.2827   1.4137   0.2000   1.8247  -512.184
 33  16    162.4     65.6   0.2827   1.4137   0.2000   1.8247  -512.184
 33  17    162.4     65.6   0.2827   1.4137   0.2000   1.8247  -512.184
 33  18    161.3     66.7   0.2284   1.1421   0.2000   1.4867  -501.929
 33  19    161.2     66.8   0.2064   1.0319   0.2000   1.3451  -499.774
 33  20    161.2     66.8   0.2151   1.0754   0.2000   1.4014  -500.443
 33  21    162.6     65.4   0.1994   0.9970   0.2000   1.2846  -492.076
 33  22    162.5     65.5   0.1856   0.9281   0.2000   1.1969  -485.244
 33  23    162.5     65.5   0.1856   0.9281   0.2000   1.1969  -485.244
 33  24    162.1     65.9   0.1878   0.9391   0.2000   1.2153  -484.701
 33  25    162.4     65.6   0.2053   1.0266   0.2000   1.3251  -490.127
 33  26    161.9     66.1   0.2277   1.1383   0.2000   1.4756  -503.217
 33  27    161.9     66.1   0.2277   1.1383   0.2000   1.4756  -503.217
 33  28    162.2     65.8   0.1876   0.9378   0.2000   1.2123  -484.053
 33  29    162.4     65.6   0.1989   0.9943   0.2000   1.2828  -483.245
 33  30    162.4     65.6   0.1989   0.9943   0.2000   1.2828  -483.245
 33  31    162.0     66.0   0.1981   0.9905   0.2000   1.2825  -485.172
 33  32    161.9     66.1   0.1568   0.7839   0.2000   1.0159  -477.654
 34   1    162.0     66.0   0.3651   1.8255   0.2000   2.3644  -542.918
 34   2    162.6     65.4   0.4136   2.0678   0.2000   2.6643  -546.224
 34   3    162.7     65.3   0.2781   1.3906   0.2000   1.7905  -515.431
 34   4    162.5     65.5   0.2989   1.4945   0.2000   1.9272  -526.375
 34   5    162.8     65.2   0.3172   1.5858   0.2000   2.0400  -525.640
 34   6    162.8     65.2   0.3172   1.5858   0.2000   2.0400  -525.640
 34   7    162.4     65.6   0.2902   1.4511   0.2000   1.8722  -519.636
 34   8    162.4     65.6   0.2902   1.4511   0.2000   1.8722  -519.636
 34   9    161.8     66.2   0.3055   1.5273   0.2000   1.9810  -529.265
 34  10    162.2     65.8   0.2923   1.4613   0.2000   1.8892  -522.110
 34  11    162.2     65.8   0.2923   1.4613   0.2000   1.8892  -522.110
 34  12    161.6     66.4   0.2082   1.0409   0.2000   1.3516  -496.266
 34  13    161.8     66.2   0.2482   1.2408   0.2000   1.6096  -507.064
 34  14    161.9     66.1   0.2886   1.4428   0.2000   1.8701  -515.369
 34  15    162.4     65.6   0.2827   1.4137   0.2000   1.8247  -512.184
 34  16    162.4     65.6   0.2827   1.4137   0.2000   1.8247  -512.184
 34  17    162.4     65.6   0.2827   1.4137   0.2000   1.8247  -512.184
 34  18    161.3     66.7   0.2284   1.1421   0.2000   1.4867  -501.929
 34  19    161.2     66.8   0.2064   1.0319   0.2000   1.3451  -499.774
 34  20    161.2     66.8   0.2151   1.0754   0.2000   1.4014  -500.443
 34  21    162.6     65.4   0.1994   0.9970   0.2000   1.2846  -492.076
 34  22    162.5     65.5   0.1856   0.9281   0.2000   1.1969  -485.244
 34  23    162.5     65.5   0.1856   0.9281   0.2000   1.1969  -485.244
 34  24    162.1     65.9   0.1878   0.9391   0.2000   1.2153  -484.701
 34  25    162.4     65.6   0.2053   1.0266   0.2000   1.3251  -490.127
 34  26    161.9     66.1   0.2277   1.1383   0.2000   1.4756  -503.217
 34  27    161.9     66.1   0.2277   1.1383   0.2000   1.4756  -503.217
 34  28    162.2     65.8   0.1876   0.9378   0.2000   1.2123  -484.053
 34  29    162.4     65.6   0.1989   0.9943   0.2000   1.2828  -483.245
 34  30    162.4     65.6   0.1989   0.9943   0.2000   1.2828  -483.245
 34  31    162.0     66.0   0.1981   0.9905   0.2000   1.2825  -485.172
 34  32    161.9     66.1   0.1568   0.7839   0.2000   1.0159  -477.654
 34  33    161.2     66.8   0.0000   0.0000   0.2000   0.0000  -308.944
 35   1    162.5     65.5   0.4328   2.1639   0.2000   2.7896  -549.594
 35   2    163.3     64.7   0.4299   2.1495   0.2000   2.7545  -543.716
 35   3    163.4     64.6   0.2725   1.3623   0.2000   1.7432  -510.978
 35   4    163.2     64.8   0.3168   1.5838   0.2000   2.0308  -526.533
 35   5    163.5     64.5   0.2655   1.3276   0.2000   1.6982  -515.036
 35   6    163.5     64.5   0.2655   1.3276   0.2000   1.6982  -515.036
 35   7    163.1     64.9   0.2314   1.1569   0.2000   1.4847  -507.714
 35   8    163.1     64.9   0.2314   1.1569   0.2000   1.4847  -507.714
 35   9    162.4     65.6   0.3039   1.5193   0.2000   1.9608  -532.567
 35  10    162.8     65.2   0.2560   1.2799   0.2000   1.6465  -515.545
 35  11    162.8     65.2   0.2560   1.2799   0.2000   1.6465  -515.545
 35  12    162.2     65.8   0.1639   0.8196   0.2000   1.0591  -477.094
 35  13    162.4     65.6   0.2593   1.2964   0.2000   1.6724  -511.667
 35  14    162.5     65.5   0.2781   1.3906   0.2000   1.7925  -513.211
 35  15    163.1     64.9   0.2762   1.3809   0.2000   1.7723  -511.575
 35  16    163.1     64.9   0.2762   1.3809   0.2000   1.7723  -511.575
 35  17    163.1     64.9   0.2762   1.3809   0.2000   1.7723  -511.575
 35  18    161.9     66.1   0.2401   1.2003   0.2000   1.5549  -501.594
 35  19    161.7     66.3   0.2064   1.0322   0.2000   1.3394  -498.518
 35  20    161.8     66.2   0.2112   1.0558   0.2000   1.3687  -500.126
 35  21    163.3     64.7   0.2372   1.1859   0.2000   1.5196  -504.671
 35  22    163.2     64.8   0.2135   1.0674   0.2000   1.3688  -498.217
 35  23    163.2     64.8   0.2135   1.0674   0.2000   1.3688  -498.217
 35  24    162.7     65.3   0.2087   1.0436   0.2000   1.3440  -493.020
 35  25    163.1     64.9   0.1826   0.9131   0.2000   1.1720  -483.552
 35  26    162.4     65.6   0.2177   1.0885   0.2000   1.4044  -488.803
 35  27    162.4     65.6   0.2177   1.0885   0.2000   1.4044  -488.803
 35  28    162.8     65.2   0.2138   1.0688   0.2000   1.3745  -491.101
 35  29    163.1     64.9   0.2000   0.9999   0.2000   1.2834  -488.499
 35  30    163.1     64.9   0.2000   0.9999   0.2000   1.2834  -488.499
 35  31    162.6     65.4   0.2194   1.0969   0.2000   1.4133  -495.465
 35  32    162.5     65.5   0.1523   0.7613   0.2000   0.9819  -468.133
 35  33    161.8     66.2   0.1484   0.7421   0.2000   0.9621  -467.001
 35  34    161.8     66.2   0.1484   0.7421   0.2000   0.9621  -467.001
 36   1    163.4     64.6   0.3330   1.6648   0.2000   2.1313  -532.903
 36   2    164.1     63.9   0.3935   1.9673   0.2000   2.5044  -536.965
 36   3    164.2     63.8   0.3249   1.6243   0.2000   2.0649  -519.803
 36   4    164.0     64.0   0.3209   1.6046   0.2000   2.0438  -525.970
 36   5    164.3     63.7   0.3276   1.6379   0.2000   2.0815  -523.826
 36   6    164.3     63.7   0.3276   1.6379   0.2000   2.0815  -523.826
 36   7    163.9     64.1   0.2790   1.3948   0.2000   1.7781  -517.036
 36   8    163.9     64.1   0.2790   1.3948   0.2000   1.7781  -517.036
 36   9    163.3     64.7   0.3821   1.9107   0.2000   2.4486  -540.801
 36  10    163.6     64.4   0.3099   1.5497   0.2000   1.9799  -520.659
 36  11    163.6     64.4   0.3099   1.5497   0.2000   1.9799  -520.659
 36  12    163.1     64.9   0.1932   0.9662   0.2000   1.2398  -483.037
 36  13    163.3     64.7   0.2354   1.1772   0.2000   1.5081  -499.275
 36  14    163.4     64.6   0.2423   1.2117   0.2000   1.5511  -498.941
 36  15    163.9     64.1   0.2403   1.2017   0.2000   1.5320  -497.554
 36  16    163.9     64.1   0.2403   1.2017   0.2000   1.5320  -497.554
 36  17    163.9     64.1   0.2403   1.2017   0.2000   1.5320  -497.554
 36  18    162.8     65.2   0.2224   1.1120   0.2000   1.4303  -491.875
 36  19    162.6     65.4   0.2132   1.0659   0.2000   1.3731  -493.913
 36  20    162.7     65.3   0.2380   1.1900   0.2000   1.5316  -500.258
 36  21    164.1     63.9   0.1638   0.8188   0.2000   1.0424  -476.754
 36  22    164.0     64.0   0.1811   0.9056   0.2000   1.1536  -481.355
 36  23    164.0     64.0   0.1811   0.9056   0.2000   1.1536  -481.355
 36  24    163.5     64.5   0.1886   0.9429   0.2000   1.2061  -484.033
 36  25    163.9     64.1   0.1750   0.8748   0.2000   1.1154  -473.782
 36  26    163.3     64.7   0.2156   1.0782   0.2000   1.3814  -484.609
 36  27    163.3     64.7   0.2156   1.0782   0.2000   1.3814  -484.609
 36  28    163.7     64.3   0.1569   0.7847   0.2000   1.0023  -471.446
 36  29    163.9     64.1   0.2080   1.0398   0.2000   1.3257  -493.042
 36  30    163.9     64.1   0.2080   1.0398   0.2000   1.3257  -493.042
 36  31    163.4     64.6   0.1989   0.9946   0.2000   1.2726  -478.671
 36  32    163.3     64.7   0.1838   0.9191   0.2000   1.1771  -484.410
 36  33    162.7     65.3   0.1146   0.5729   0.2000   0.7374  -447.620
 36  34    162.7     65.3   0.1146   0.5729   0.2000   0.7374  -447.620
 36  35    163.4     64.6   0.1383   0.6915   0.2000   0.8854  -461.590
 37   1    163.1     64.9   0.3986   1.9928   0.2000   2.5566  -543.608
 37   2    163.9     64.1   0.4182   2.0909   0.2000   2.6658  -537.659
 37   3    164.1     63.9   0.2810   1.4048   0.2000   1.7880  -513.806
 37   4    163.8     64.2   0.3080   1.5398   0.2000   1.9644  -524.066
 37   5    164.1     63.9   0.3129   1.5644   0.2000   1.9907  -522.917
 37   6    164.1     63.9   0.3129   1.5644   0.2000   1.9907  -522.917
 37   7    163.7     64.3   0.2815   1.4074   0.2000   1.7975  -518.926
 37   8    163.7     64.3   0.2815   1.4074   0.2000   1.7975  -518.926
 37   9    163.0     65.0   0.3653   1.8267   0.2000   2.3462  -538.437
 37  10    163.4     64.6   0.3294   1.6472   0.2000   2.1087  -527.554
 37  11    163.4     64.6   0.3294   1.6472   0.2000   2.1087  -527.554
 37  12    162.9     65.1   0.2069   1.0346   0.2000   1.3299  -499.323
 37  13    163.1     64.9   0.2484   1.2422   0.2000   1.5941  -506.097
 37  14    163.2     64.8   0.2572   1.2859   0.2000   1.6487  -508.797
 37  15    163.7     64.3   0.2604   1.3019   0.2000   1.6617  -508.518
 37  16    163.7     64.3   0.2604   1.3019   0.2000   1.6617  -508.518
 37  17    163.7     64.3   0.2604   1.3019   0.2000   1.6617  -508.518
 37  18    162.5     65.5   0.2356   1.1778   0.2000   1.5185  -500.942
 37  19    162.3     65.7   0.2421   1.2107   0.2000   1.5634  -507.451
 37  20    162.4     65.6   0.2633   1.3163   0.2000   1.6981  -503.910
 37  21    163.9     64.1   0.1835   0.9175   0.2000   1.1698  -479.908
 37  22    163.8     64.2   0.2472   1.2359   0.2000   1.5763  -497.870
 37  23    163.8     64.2   0.2472   1.2359   0.2000   1.5763  -497.870
 37  24    163.3     64.7   0.2113   1.0566   0.2000   1.3539  -489.367
 37  25    163.7     64.3   0.1466   0.7330   0.2000   0.9358  -463.033
 37  26    163.0     65.0   0.2207   1.1036   0.2000   1.4169  -490.733
 37  27    163.0     65.0   0.2207   1.1036   0.2000   1.4169  -490.733
 37  28    163.4     64.6   0.2178   1.0892   0.2000   1.3937  -485.999
 37  29    163.7     64.3   0.2382   1.1911   0.2000   1.5211  -496.106
 37  30    163.7     64.3   0.2382   1.1911   0.2000   1.5211  -496.106
 37  31    163.2     64.8   0.2373   1.1867   0.2000   1.5215  -495.138
 37  32    163.1     64.9   0.1750   0.8748   0.2000   1.1229  -480.838
 37  33    162.4     65.6   0.1062   0.5311   0.2000   0.6851  -443.843
 37  34    162.4     65.6   0.1062   0.5311   0.2000   0.6851  -443.843
 37  35    163.2     64.8   0.1399   0.6995   0.2000   0.8970  -458.585
 37  36    164.0     64.0   0.0800   0.4001   0.2000   0.5096  -411.676
 38   1    163.2     64.8   0.4003   2.0015   0.2000   2.5654  -544.243
 38   2    163.9     64.1   0.3923   1.9615   0.2000   2.4997  -531.624
 38   3    164.1     63.9   0.3045   1.5226   0.2000   1.9377  -514.504
 38   4    163.8     64.2   0.3463   1.7315   0.2000   2.2084  -525.244
 38   5    164.2     63.8   0.3268   1.6340   0.2000   2.0784  -521.434
 38   6    164.2     63.8   0.3268   1.6340   0.2000   2.0784  -521.434
 38   7    163.7     64.3   0.3162   1.5811   0.2000   2.0187  -518.487
 38   8    163.7     64.3   0.3162   1.5811   0.2000   2.0187  -518.487
 38   9    163.1     64.9   0.3743   1.8715   0.2000   2.4023  -536.389
 38  10    163.5     64.5   0.3338   1.6689   0.2000   2.1351  -524.413
 38  11    163.5     64.5   0.3338   1.6689   0.2000   2.1351  -524.413
 38  12    163.0     65.0   0.1859   0.9297   0.2000   1.1938  -481.262
 38  13    163.2     64.8   0.2445   1.2223   0.2000   1.5676  -503.371
 38  14    163.3     64.7   0.2738   1.3688   0.2000   1.7539  -510.951
 38  15    163.8     64.2   0.2643   1.3216   0.2000   1.6858  -507.171
 38  16    163.8     64.2   0.2643   1.3216   0.2000   1.6858  -507.171
 38  17    163.8     64.2   0.2643   1.3216   0.2000   1.6858  -507.171
 38  18    162.6     65.4   0.2155   1.0776   0.2000   1.3881  -495.365
 38  19    162.5     65.5   0.1984   0.9922   0.2000   1.2798  -494.469
 38  20    162.5     65.5   0.2139   1.0695   0.2000   1.3788  -489.107
 38  21    163.9     64.1   0.1801   0.9005   0.2000   1.1476  -480.269
 38  22    163.9     64.1   0.1819   0.9093   0.2000   1.1589  -480.793
 38  23    163.9     64.1   0.1819   0.9093   0.2000   1.1589  -480.793
 38  24    163.4     64.6   0.1950   0.9750   0.2000   1.2482  -479.334
 38  25    163.8     64.2   0.1876   0.9378   0.2000   1.1965  -479.794
 38  26    163.1     64.9   0.1914   0.9568   0.2000   1.2273  -484.135
 38  27    163.1     64.9   0.1914   0.9568   0.2000   1.2273  -484.135
 38  28    163.5     64.5   0.2009   1.0045   0.2000   1.2846  -479.604
 38  29    163.8     64.2   0.2064   1.0321   0.2000   1.3171  -486.036
 38  30    163.8     64.2   0.2064   1.0321   0.2000   1.3171  -486.036
 38  31    163.3     64.7   0.2098   1.0488   0.2000   1.3436  -486.099
 38  32    163.2     64.8   0.1811   0.9057   0.2000   1.1616  -480.259
 38  33    162.5     65.5   0.1006   0.5032   0.2000   0.6488  -439.310
 38  34    162.5     65.5   0.1006   0.5032   0.2000   0.6488  -439.310
 38  35    163.3     64.7   0.1557   0.7784   0.2000   0.9974  -459.673
 38  36    164.1     63.9   0.0783   0.3915   0.2000   0.4984  -414.240
 38  37    163.9     64.1   0.0517   0.2584   0.2000   0.3294  -389.965

