Supplemental results for CODEML (seqf: /gpfs/scratch/cltucker/EBH381-Group-Project/SIV_aligned_GAG.fas  treef: )


pairwise comparison (Goldman & Yang 1994)
seq seq        N       S       dN       dS     dN/dS   Paras.
  2   1    570.7    230.3   0.2863  57.2576   0.0050  50.0000 -1860.416
  3   1    571.0    230.0   0.2866  57.3217   0.0050  50.0000 -1901.542
  3   2    571.2    229.8   0.2869  57.3824   0.0050  50.0000 -1852.582
  4   1    570.3    230.7   0.2858  57.1555   0.0050  50.0000 -1888.751
  4   2    570.5    230.5   0.2861  57.2172   0.0050  50.0000 -1830.450
  4   3    570.8    230.2   0.2290  45.8099   0.0050  39.9874 -1750.433
  5   1    571.6    229.4   0.2875  57.4906   0.0050  50.0000 -1884.100
  5   2    571.9    229.1   0.2878  57.5500   0.0050  50.0000 -1852.760
  5   3    572.2    228.8   0.2482  49.6400   0.0050  43.0721 -1761.758
  5   4    571.5    229.5   0.2150  42.9917   0.0050  37.4178 -1726.005
  6   1    571.6    229.4   0.2875  57.4906   0.0050  50.0000 -1884.100
  6   2    571.9    229.1   0.2878  57.5500   0.0050  50.0000 -1852.760
  6   3    572.2    228.8   0.2482  49.6400   0.0050  43.0721 -1761.758
  6   4    571.5    229.5   0.2150  42.9917   0.0050  37.4178 -1726.005
  6   5    572.9    228.1   0.0000   0.0000   0.0050   0.0000 -1069.542
  7   1    571.8    229.2   0.2876  57.5293   0.0050  50.0000 -1863.646
  7   2    572.0    229.0   0.2879  57.5886   0.0050  50.0000 -1848.333
  7   3    572.3    228.7   0.2244  44.8842   0.0050  38.9194 -1743.641
  7   4    571.6    229.4   0.2143  42.8597   0.0050  37.2778 -1726.030
  7   5    573.1    227.9   0.0010   0.1915   0.0050   0.1655 -1367.253
  7   6    573.1    227.9   0.0010   0.1915   0.0050   0.1655 -1367.253
  8   1    571.8    229.2   0.2876  57.5293   0.0050  50.0000 -1863.646
  8   2    572.0    229.0   0.2879  57.5886   0.0050  50.0000 -1848.333
  8   3    572.3    228.7   0.2244  44.8842   0.0050  38.9194 -1743.641
  8   4    571.6    229.4   0.2143  42.8597   0.0050  37.2778 -1726.030
  8   5    573.1    227.9   0.0010   0.1915   0.0050   0.1655 -1367.253
  8   6    573.1    227.9   0.0010   0.1915   0.0050   0.1655 -1367.253
  8   7    573.2    227.8   0.0000   0.0000   0.0050   0.0000 -1069.482
  9   1    571.7    229.3   0.2875  57.4926   0.0050  50.0000 -1882.860
  9   2    571.9    229.1   0.2878  57.5531   0.0050  50.0000 -1846.094
  9   3    572.2    228.8   0.2187  43.7309   0.0050  37.9465 -1726.306
  9   4    571.5    229.5   0.2125  42.4902   0.0050  36.9793 -1721.022
  9   5    572.9    228.1   0.1374  27.4730   0.0050  23.7667 -1630.990
  9   6    572.9    228.1   0.1374  27.4730   0.0050  23.7667 -1630.990
  9   7    573.0    228.0   0.1318  26.3675   0.0050  22.7951 -1619.475
  9   8    573.0    228.0   0.1318  26.3675   0.0050  22.7951 -1619.475
 10   1    571.2    229.8   0.2869  57.3759   0.0050  50.0000 -1884.754
 10   2    571.4    229.6   0.2872  57.4368   0.0050  50.0000 -1840.833
 10   3    571.7    229.3   0.2038  40.7616   0.0050  35.4417 -1711.215
 10   4    571.0    230.0   0.1900  37.9941   0.0050  33.1336 -1704.900
 10   5    572.4    228.6   0.0028   0.5581   0.0050   0.4838 -1594.221
 10   6    572.4    228.6   0.0028   0.5581   0.0050   0.4838 -1594.221
 10   7    572.6    228.4   0.0027   0.5324   0.0050   0.4612 -1572.498
 10   8    572.6    228.4   0.0027   0.5324   0.0050   0.4612 -1572.498
 10   9    572.4    228.6   0.0025   0.5071   0.0050   0.4396 -1592.674
 11   1    571.1    229.9   0.2868  57.3662   0.0050  50.0000 -1882.711
 11   2    571.4    229.6   0.2871  57.4270   0.0050  50.0000 -1836.761
 11   3    571.7    229.3   0.2037  40.7483   0.0050  35.4356 -1711.235
 11   4    571.0    230.0   0.1896  37.9124   0.0050  33.0681 -1703.549
 11   5    572.4    228.6   0.0030   0.5927   0.0050   0.5138 -1605.034
 11   6    572.4    228.6   0.0030   0.5927   0.0050   0.5138 -1605.034
 11   7    572.5    228.5   0.0027   0.5333   0.0050   0.4620 -1571.423
 11   8    572.5    228.5   0.0027   0.5333   0.0050   0.4620 -1571.423
 11   9    572.4    228.6   0.0025   0.5083   0.0050   0.4407 -1591.048
 11  10    571.9    229.1   0.0001   0.0172   0.0050   0.0150 -1104.112
 12   1    570.5    230.5   0.2861  57.2178   0.0050  50.0000 -1932.451
 12   2    570.8    230.2   0.2864  57.2800   0.0050  50.0000 -1904.372
 12   3    571.0    230.0   0.2867  57.3430   0.0050  50.0000 -1977.631
 12   4    570.4    230.6   0.2859  57.1775   0.0050  50.0000 -1953.386
 12   5    571.7    229.3   0.2875  57.5081   0.0050  50.0000 -1973.014
 12   6    571.7    229.3   0.2875  57.5081   0.0050  50.0000 -1973.014
 12   7    571.9    229.1   0.2877  57.5478   0.0050  50.0000 -1987.811
 12   8    571.9    229.1   0.2877  57.5478   0.0050  50.0000 -1987.811
 12   9    571.7    229.3   0.2876  57.5113   0.0050  50.0000 -1962.797
 12  10    571.2    229.8   0.2870  57.3917   0.0050  50.0000 -1954.761
 12  11    571.2    229.8   0.2869  57.3815   0.0050  50.0000 -1957.726
 13   1    570.0    231.0   0.2854  57.0801   0.0050  50.0000 -1922.305
 13   2    570.2    230.8   0.2857  57.1420   0.0050  50.0000 -1937.300
 13   3    570.5    230.5   0.2860  57.2058   0.0050  50.0000 -1964.162
 13   4    569.8    231.2   0.2852  57.0395   0.0050  50.0000 -1958.661
 13   5    571.2    229.8   0.2869  57.3733   0.0050  50.0000 -1962.464
 13   6    571.2    229.8   0.2869  57.3733   0.0050  50.0000 -1962.464
 13   7    571.3    229.7   0.2871  57.4126   0.0050  50.0000 -1960.648
 13   8    571.3    229.7   0.2871  57.4126   0.0050  50.0000 -1960.648
 13   9    571.2    229.8   0.2869  57.3759   0.0050  50.0000 -1945.177
 13  10    570.7    230.3   0.2863  57.2576   0.0050  50.0000 -1937.968
 13  11    570.7    230.3   0.2862  57.2477   0.0050  50.0000 -1940.851
 13  12    570.0    231.0   0.2649  52.9848   0.0050  46.3972 -1800.582
 14   1    569.7    231.3   0.2851  57.0263   0.0050  50.0000 -1915.434
 14   2    570.0    231.0   0.2854  57.0878   0.0050  50.0000 -1931.050
 14   3    570.3    230.7   0.2858  57.1549   0.0050  50.0000 -1954.964
 14   4    569.6    231.4   0.2849  56.9851   0.0050  50.0000 -1951.992
 14   5    571.0    230.0   0.2866  57.3278   0.0050  50.0000 -1959.143
 14   6    571.0    230.0   0.2866  57.3278   0.0050  50.0000 -1959.143
 14   7    571.1    229.9   0.2868  57.3673   0.0050  50.0000 -1954.816
 14   8    571.1    229.9   0.2868  57.3673   0.0050  50.0000 -1954.816
 14   9    571.0    230.0   0.2866  57.3262   0.0050  50.0000 -1935.270
 14  10    570.5    230.5   0.2860  57.2072   0.0050  50.0000 -1930.105
 14  11    570.5    230.5   0.2860  57.1979   0.0050  50.0000 -1932.970
 14  12    569.8    231.2   0.2852  57.0442   0.0050  50.0000 -1816.284
 14  13    569.3    231.7   0.0005   0.1081   0.0050   0.0949 -1267.024
 15   1    569.8    231.2   0.2852  57.0373   0.0050  50.0000 -1920.642
 15   2    570.0    231.0   0.2855  57.0987   0.0050  50.0000 -1925.993
 15   3    570.3    230.7   0.2858  57.1653   0.0050  50.0000 -1957.473
 15   4    569.6    231.4   0.2850  56.9962   0.0050  50.0000 -1960.271
 15   5    571.0    230.0   0.2867  57.3379   0.0050  50.0000 -1961.962
 15   6    571.0    230.0   0.2867  57.3379   0.0050  50.0000 -1961.962
 15   7    571.2    229.8   0.2869  57.3771   0.0050  50.0000 -1959.347
 15   8    571.2    229.8   0.2869  57.3771   0.0050  50.0000 -1959.347
 15   9    571.0    230.0   0.2867  57.3371   0.0050  50.0000 -1944.602
 15  10    570.5    230.5   0.2861  57.2191   0.0050  50.0000 -1943.135
 15  11    570.5    230.5   0.2860  57.2097   0.0050  50.0000 -1945.991
 15  12    569.9    231.1   0.2853  57.0572   0.0050  50.0000 -1821.117
 15  13    569.3    231.7   0.0006   0.1138   0.0050   0.0999 -1268.873
 15  14    569.1    231.9   0.0003   0.0682   0.0050   0.0600 -1204.660
 16   1    569.8    231.2   0.2852  57.0498   0.0050  50.0000 -1915.092
 16   2    570.1    230.9   0.2856  57.1112   0.0050  50.0000 -1920.196
 16   3    570.4    230.6   0.2859  57.1777   0.0050  50.0000 -1955.794
 16   4    569.7    231.3   0.2850  57.0087   0.0050  50.0000 -1954.490
 16   5    571.1    229.9   0.2867  57.3498   0.0050  50.0000 -1960.515
 16   6    571.1    229.9   0.2867  57.3498   0.0050  50.0000 -1960.515
 16   7    571.2    229.8   0.2869  57.3891   0.0050  50.0000 -1957.900
 16   8    571.2    229.8   0.2869  57.3891   0.0050  50.0000 -1957.900
 16   9    571.1    229.9   0.2867  57.3491   0.0050  50.0000 -1939.078
 16  10    570.6    230.4   0.2862  57.2308   0.0050  50.0000 -1937.580
 16  11    570.5    230.5   0.2861  57.2214   0.0050  50.0000 -1940.443
 16  12    569.9    231.1   0.2853  57.0689   0.0050  50.0000 -1815.253
 16  13    569.4    231.6   0.0005   0.1034   0.0050   0.0908 -1250.779
 16  14    569.1    231.9   0.0003   0.0587   0.0050   0.0516 -1185.528
 16  15    569.2    231.8   0.0000   0.0087   0.0050   0.0076 -1096.593
 17   1    569.8    231.2   0.2852  57.0498   0.0050  50.0000 -1915.092
 17   2    570.1    230.9   0.2856  57.1112   0.0050  50.0000 -1920.196
 17   3    570.4    230.6   0.2859  57.1777   0.0050  50.0000 -1955.794
 17   4    569.7    231.3   0.2850  57.0087   0.0050  50.0000 -1954.490
 17   5    571.1    229.9   0.2867  57.3498   0.0050  50.0000 -1960.515
 17   6    571.1    229.9   0.2867  57.3498   0.0050  50.0000 -1960.515
 17   7    571.2    229.8   0.2869  57.3891   0.0050  50.0000 -1957.900
 17   8    571.2    229.8   0.2869  57.3891   0.0050  50.0000 -1957.900
 17   9    571.1    229.9   0.2867  57.3491   0.0050  50.0000 -1939.078
 17  10    570.6    230.4   0.2862  57.2308   0.0050  50.0000 -1937.580
 17  11    570.5    230.5   0.2861  57.2214   0.0050  50.0000 -1940.443
 17  12    569.9    231.1   0.2853  57.0689   0.0050  50.0000 -1815.253
 17  13    569.4    231.6   0.0005   0.1034   0.0050   0.0908 -1250.779
 17  14    569.1    231.9   0.0003   0.0587   0.0050   0.0516 -1185.528
 17  15    569.2    231.8   0.0000   0.0087   0.0050   0.0076 -1096.593
 17  16    569.2    231.8   0.0000   0.0000   0.0050   0.0000 -1071.450
 18   1    570.4    230.6   0.2860  57.1928   0.0050  50.0000 -1915.880
 18   2    570.7    230.3   0.2863  57.2540   0.0050  50.0000 -1932.042
 18   3    570.9    230.1   0.2866  57.3179   0.0050  50.0000 -1987.793
 18   4    570.3    230.7   0.2858  57.1522   0.0050  50.0000 -1986.766
 18   5    571.6    229.4   0.2874  57.4878   0.0050  50.0000 -1974.157
 18   6    571.6    229.4   0.2874  57.4878   0.0050  50.0000 -1974.157
 18   7    571.8    229.2   0.2876  57.5257   0.0050  50.0000 -1981.734
 18   8    571.8    229.2   0.2876  57.5257   0.0050  50.0000 -1981.734
 18   9    571.6    229.4   0.2875  57.4902   0.0050  50.0000 -1971.991
 18  10    571.2    229.8   0.2869  57.3756   0.0050  50.0000 -1972.602
 18  11    571.1    229.9   0.2868  57.3660   0.0050  50.0000 -1972.925
 18  12    570.5    230.5   0.2656  53.1211   0.0050  46.4193 -1801.565
 18  13    570.0    231.0   0.2384  47.6801   0.0050  41.7669 -1773.045
 18  14    569.7    231.3   0.2447  48.9360   0.0050  42.9074 -1771.183
 18  15    569.8    231.2   0.2410  48.2054   0.0050  42.2596 -1771.619
 18  16    569.8    231.2   0.2354  47.0848   0.0050  41.2678 -1765.624
 18  17    569.8    231.2   0.2354  47.0848   0.0050  41.2678 -1765.624
 19   1    569.5    231.5   0.2848  56.9595   0.0050  50.0000 -1917.721
 19   2    569.7    231.3   0.2851  57.0217   0.0050  50.0000 -1910.399
 19   3    570.0    231.0   0.2854  57.0836   0.0050  50.0000 -1967.404
 19   4    569.3    231.7   0.2846  56.9193   0.0050  50.0000 -1974.209
 19   5    570.7    230.3   0.2862  57.2493   0.0050  50.0000 -1979.710
 19   6    570.7    230.3   0.2862  57.2493   0.0050  50.0000 -1979.710
 19   7    570.8    230.2   0.2864  57.2880   0.0050  50.0000 -1983.863
 19   8    570.8    230.2   0.2864  57.2880   0.0050  50.0000 -1983.863
 19   9    570.7    230.3   0.2863  57.2546   0.0050  50.0000 -1962.700
 19  10    570.2    230.8   0.2857  57.1378   0.0050  50.0000 -1975.870
 19  11    570.2    230.8   0.2856  57.1277   0.0050  50.0000 -1976.208
 19  12    569.6    231.4   0.2713  54.2607   0.0050  47.6118 -1807.553
 19  13    569.0    232.0   0.2647  52.9499   0.0050  46.5750 -1794.214
 19  14    568.8    232.2   0.2612  52.2392   0.0050  45.9949 -1787.330
 19  15    568.8    232.2   0.2623  52.4674   0.0050  46.1868 -1790.359
 19  16    568.9    232.1   0.2565  51.2924   0.0050  45.1424 -1784.531
 19  17    568.9    232.1   0.2565  51.2924   0.0050  45.1424 -1784.531
 19  18    569.5    231.5   0.1594  31.8752   0.0050  27.9823 -1672.223
 20   1    570.0    231.0   0.2854  57.0776   0.0050  50.0000 -1926.013
 20   2    570.2    230.8   0.2857  57.1389   0.0050  50.0000 -1932.693
 20   3    570.5    230.5   0.2860  57.2030   0.0050  50.0000 -1990.533
 20   4    569.8    231.2   0.2852  57.0370   0.0050  50.0000 -1963.879
 20   5    571.2    229.8   0.2869  57.3734   0.0050  50.0000 -1957.415
 20   6    571.2    229.8   0.2869  57.3734   0.0050  50.0000 -1957.415
 20   7    571.3    229.7   0.2871  57.4114   0.0050  50.0000 -1959.478
 20   8    571.3    229.7   0.2871  57.4114   0.0050  50.0000 -1959.478
 20   9    571.2    229.8   0.2869  57.3758   0.0050  50.0000 -1962.695
 20  10    570.7    230.3   0.2863  57.2610   0.0050  50.0000 -1965.810
 20  11    570.7    230.3   0.2863  57.2515   0.0050  50.0000 -1968.743
 20  12    570.1    230.9   0.2855  57.1040   0.0050  50.0000 -1878.383
 20  13    569.5    231.5   0.2848  56.9636   0.0050  50.0000 -1882.646
 20  14    569.3    231.7   0.2845  56.9099   0.0050  50.0000 -1882.462
 20  15    569.3    231.7   0.2846  56.9196   0.0050  50.0000 -1881.837
 20  16    569.4    231.6   0.2847  56.9326   0.0050  50.0000 -1880.090
 20  17    569.4    231.6   0.2847  56.9326   0.0050  50.0000 -1880.090
 20  18    569.9    231.1   0.2854  57.0713   0.0050  50.0000 -1873.178
 20  19    569.0    232.0   0.2842  56.8406   0.0050  50.0000 -1880.580
 21   1    570.3    230.7   0.2859  57.1703   0.0050  50.0000 -1909.646
 21   2    570.6    230.4   0.2862  57.2314   0.0050  50.0000 -1936.118
 21   3    570.9    230.1   0.2865  57.2994   0.0050  50.0000 -1959.394
 21   4    570.2    230.8   0.2856  57.1289   0.0050  50.0000 -1964.594
 21   5    571.6    229.4   0.2874  57.4736   0.0050  50.0000 -1965.466
 21   6    571.6    229.4   0.2874  57.4736   0.0050  50.0000 -1965.466
 21   7    571.7    229.3   0.2876  57.5129   0.0050  50.0000 -1979.331
 21   8    571.7    229.3   0.2876  57.5129   0.0050  50.0000 -1979.331
 21   9    571.6    229.4   0.2874  57.4707   0.0050  50.0000 -1961.066
 21  10    571.1    229.9   0.2868  57.3520   0.0050  50.0000 -1969.861
 21  11    571.0    230.0   0.2867  57.3430   0.0050  50.0000 -1968.557
 21  12    570.4    230.6   0.2859  57.1882   0.0050  50.0000 -1855.856
 21  13    569.9    231.1   0.2853  57.0525   0.0050  50.0000 -1889.258
 21  14    569.6    231.4   0.2850  57.0015   0.0050  50.0000 -1894.405
 21  15    569.7    231.3   0.2851  57.0129   0.0050  50.0000 -1894.875
 21  16    569.7    231.3   0.2851  57.0249   0.0050  50.0000 -1893.170
 21  17    569.7    231.3   0.2851  57.0249   0.0050  50.0000 -1893.170
 21  18    570.3    230.7   0.2858  57.1688   0.0050  50.0000 -1891.863
 21  19    569.4    231.6   0.2847  56.9317   0.0050  50.0000 -1895.615
 21  20    569.9    231.1   0.2853  57.0537   0.0050  50.0000 -1839.204
 22   1    569.9    231.1   0.2853  57.0580   0.0050  50.0000 -1919.268
 22   2    570.1    230.9   0.2856  57.1195   0.0050  50.0000 -1907.194
 22   3    570.4    230.6   0.2859  57.1847   0.0050  50.0000 -1945.926
 22   4    569.7    231.3   0.2851  57.0172   0.0050  50.0000 -1942.155
 22   5    571.1    229.9   0.2868  57.3557   0.0050  50.0000 -1964.749
 22   6    571.1    229.9   0.2868  57.3557   0.0050  50.0000 -1964.749
 22   7    571.3    229.7   0.2870  57.3945   0.0050  50.0000 -1953.960
 22   8    571.3    229.7   0.2870  57.3945   0.0050  50.0000 -1953.960
 22   9    571.1    229.9   0.2868  57.3566   0.0050  50.0000 -1939.803
 22  10    570.6    230.4   0.2862  57.2399   0.0050  50.0000 -1949.540
 22  11    570.6    230.4   0.2862  57.2304   0.0050  50.0000 -1947.758
 22  12    570.0    231.0   0.2854  57.0803   0.0050  50.0000 -1844.294
 22  13    569.4    231.6   0.2847  56.9421   0.0050  50.0000 -1862.174
 22  14    569.2    231.8   0.2844  56.8890   0.0050  50.0000 -1856.125
 22  15    569.2    231.8   0.2845  56.8997   0.0050  50.0000 -1858.920
 22  16    569.3    231.7   0.2846  56.9122   0.0050  50.0000 -1853.177
 22  17    569.3    231.7   0.2846  56.9122   0.0050  50.0000 -1853.177
 22  18    569.9    231.1   0.2853  57.0542   0.0050  50.0000 -1847.815
 22  19    568.9    232.1   0.2841  56.8205   0.0050  50.0000 -1854.194
 22  20    569.4    231.6   0.2847  56.9388   0.0050  50.0000 -1876.193
 22  21    569.8    231.2   0.2852  57.0334   0.0050  50.0000 -1817.146
 23   1    569.8    231.2   0.2852  57.0451   0.0050  50.0000 -1924.420
 23   2    570.1    230.9   0.2855  57.1067   0.0050  50.0000 -1906.110
 23   3    570.3    230.7   0.2859  57.1718   0.0050  50.0000 -1941.245
 23   4    569.7    231.3   0.2850  57.0043   0.0050  50.0000 -1943.592
 23   5    571.0    230.0   0.2867  57.3424   0.0050  50.0000 -1967.252
 23   6    571.0    230.0   0.2867  57.3424   0.0050  50.0000 -1967.252
 23   7    571.2    229.8   0.2869  57.3813   0.0050  50.0000 -1957.617
 23   8    571.2    229.8   0.2869  57.3813   0.0050  50.0000 -1957.617
 23   9    571.0    230.0   0.2867  57.3434   0.0050  50.0000 -1939.682
 23  10    570.6    230.4   0.2861  57.2262   0.0050  50.0000 -1951.848
 23  11    570.5    230.5   0.2861  57.2167   0.0050  50.0000 -1950.074
 23  12    569.9    231.1   0.2853  57.0667   0.0050  50.0000 -1840.534
 23  13    569.3    231.7   0.2846  56.9288   0.0050  50.0000 -1866.219
 23  14    569.1    231.9   0.2844  56.8756   0.0050  50.0000 -1862.881
 23  15    569.2    231.8   0.2844  56.8865   0.0050  50.0000 -1865.643
 23  16    569.2    231.8   0.2845  56.8990   0.0050  50.0000 -1859.901
 23  17    569.2    231.8   0.2845  56.8990   0.0050  50.0000 -1859.901
 23  18    569.8    231.2   0.2852  57.0419   0.0050  50.0000 -1850.788
 23  19    568.8    232.2   0.2840  56.8077   0.0050  50.0000 -1857.726
 23  20    569.3    231.7   0.2846  56.9266   0.0050  50.0000 -1875.765
 23  21    569.7    231.3   0.2851  57.0200   0.0050  50.0000 -1820.421
 23  22    569.3    231.7   0.0003   0.0530   0.0050   0.0465 -1170.432
 24   1    569.4    231.6   0.2848  56.9510   0.0050  50.0000 -1914.425
 24   2    569.7    231.3   0.2851  57.0122   0.0050  50.0000 -1959.855
 24   3    569.9    231.1   0.2854  57.0747   0.0050  50.0000 -1963.442
 24   4    569.3    231.7   0.2846  56.9106   0.0050  50.0000 -1966.294
 24   5    570.6    230.4   0.2862  57.2439   0.0050  50.0000 -1963.195
 24   6    570.6    230.4   0.2862  57.2439   0.0050  50.0000 -1963.195
 24   7    570.8    230.2   0.2864  57.2811   0.0050  50.0000 -1969.667
 24   8    570.8    230.2   0.2864  57.2811   0.0050  50.0000 -1969.667
 24   9    570.7    230.3   0.2862  57.2487   0.0050  50.0000 -1952.135
 24  10    570.2    230.8   0.2857  57.1363   0.0050  50.0000 -1959.384
 24  11    570.2    230.8   0.2856  57.1266   0.0050  50.0000 -1957.011
 24  12    569.6    231.4   0.2849  56.9826   0.0050  50.0000 -1884.427
 24  13    569.0    232.0   0.2842  56.8392   0.0050  50.0000 -1893.930
 24  14    568.7    232.3   0.2839  56.7844   0.0050  50.0000 -1888.898
 24  15    568.8    232.2   0.2840  56.7929   0.0050  50.0000 -1895.591
 24  16    568.8    232.2   0.2840  56.8065   0.0050  50.0000 -1889.901
 24  17    568.8    232.2   0.2840  56.8065   0.0050  50.0000 -1889.901
 24  18    569.4    231.6   0.2847  56.9415   0.0050  50.0000 -1881.812
 24  19    568.5    232.5   0.2836  56.7144   0.0050  50.0000 -1886.050
 24  20    568.9    232.1   0.2841  56.8258   0.0050  50.0000 -1869.609
 24  21    569.3    231.7   0.2846  56.9277   0.0050  50.0000 -1878.604
 24  22    568.9    232.1   0.2622  52.4315   0.0050  46.1454 -1790.669
 24  23    568.8    232.2   0.2680  53.5976   0.0050  47.1814 -1796.283
 25   1    568.6    232.4   0.2838  56.7568   0.0050  50.0000 -1912.400
 25   2    568.9    232.1   0.2841  56.8187   0.0050  50.0000 -1952.196
 25   3    569.1    231.9   0.2844  56.8795   0.0050  50.0000 -1949.909
 25   4    568.5    232.5   0.2836  56.7167   0.0050  50.0000 -1951.969
 25   5    569.8    231.2   0.2852  57.0457   0.0050  50.0000 -1944.769
 25   6    569.8    231.2   0.2852  57.0457   0.0050  50.0000 -1944.769
 25   7    570.0    231.0   0.2854  57.0833   0.0050  50.0000 -1951.627
 25   8    570.0    231.0   0.2854  57.0833   0.0050  50.0000 -1951.627
 25   9    569.9    231.1   0.2853  57.0530   0.0050  50.0000 -1936.697
 25  10    569.4    231.6   0.2847  56.9397   0.0050  50.0000 -1940.896
 25  11    569.3    231.7   0.2846  56.9296   0.0050  50.0000 -1936.394
 25  12    568.8    232.2   0.2839  56.7876   0.0050  50.0000 -1905.054
 25  13    568.2    232.8   0.2832  56.6444   0.0050  50.0000 -1921.438
 25  14    567.9    233.1   0.2829  56.5879   0.0050  50.0000 -1909.803
 25  15    568.0    233.0   0.2830  56.5971   0.0050  50.0000 -1911.170
 25  16    568.0    233.0   0.2831  56.6107   0.0050  50.0000 -1909.456
 25  17    568.0    233.0   0.2831  56.6107   0.0050  50.0000 -1909.456
 25  18    568.6    232.4   0.2837  56.7484   0.0050  50.0000 -1920.723
 25  19    567.6    233.4   0.2826  56.5210   0.0050  50.0000 -1912.187
 25  20    568.1    232.9   0.2832  56.6325   0.0050  50.0000 -1896.760
 25  21    568.5    232.5   0.2837  56.7312   0.0050  50.0000 -1853.638
 25  22    568.0    233.0   0.2323  46.4532   0.0050  41.0245 -1776.550
 25  23    568.0    233.0   0.2432  48.6337   0.0050  42.9590 -1786.097
 25  24    567.6    233.4   0.2045  40.9032   0.0050  36.1967 -1732.146
 26   1    571.0    230.0   0.2866  57.3229   0.0050  50.0000 -1907.148
 26   2    571.2    229.8   0.2869  57.3839   0.0050  50.0000 -1900.325
 26   3    571.5    229.5   0.2872  57.4484   0.0050  50.0000 -1966.086
 26   4    570.8    230.2   0.2864  57.2823   0.0050  50.0000 -1935.041
 26   5    572.2    228.8   0.2881  57.6189   0.0050  50.0000 -1941.062
 26   6    572.2    228.8   0.2881  57.6189   0.0050  50.0000 -1941.062
 26   7    572.3    228.7   0.2883  57.6569   0.0050  50.0000 -1933.391
 26   8    572.3    228.7   0.2883  57.6569   0.0050  50.0000 -1933.391
 26   9    572.2    228.8   0.2881  57.6203   0.0050  50.0000 -1942.678
 26  10    571.7    229.3   0.2875  57.5058   0.0050  50.0000 -1934.931
 26  11    571.7    229.3   0.2875  57.4964   0.0050  50.0000 -1933.190
 26  12    571.1    229.9   0.2867  57.3483   0.0050  50.0000 -1862.692
 26  13    570.5    230.5   0.2860  57.2089   0.0050  50.0000 -1897.250
 26  14    570.3    230.7   0.2858  57.1559   0.0050  50.0000 -1895.437
 26  15    570.3    230.7   0.2858  57.1657   0.0050  50.0000 -1894.774
 26  16    570.4    230.6   0.2859  57.1785   0.0050  50.0000 -1888.930
 26  17    570.4    230.6   0.2859  57.1785   0.0050  50.0000 -1888.930
 26  18    570.9    230.1   0.2866  57.3169   0.0050  50.0000 -1881.692
 26  19    570.0    231.0   0.2854  57.0863   0.0050  50.0000 -1883.255
 26  20    570.5    230.5   0.2860  57.2019   0.0050  50.0000 -1825.249
 26  21    570.9    230.1   0.2865  57.2995   0.0050  50.0000 -1824.688
 26  22    570.4    230.6   0.2859  57.1848   0.0050  50.0000 -1835.881
 26  23    570.3    230.7   0.2859  57.1725   0.0050  50.0000 -1844.247
 26  24    569.9    231.1   0.2854  57.0722   0.0050  50.0000 -1868.939
 26  25    569.1    231.9   0.2844  56.8790   0.0050  50.0000 -1862.267
 27   1    571.0    230.0   0.2866  57.3229   0.0050  50.0000 -1907.148
 27   2    571.2    229.8   0.2869  57.3839   0.0050  50.0000 -1900.325
 27   3    571.5    229.5   0.2872  57.4484   0.0050  50.0000 -1966.086
 27   4    570.8    230.2   0.2864  57.2823   0.0050  50.0000 -1935.041
 27   5    572.2    228.8   0.2881  57.6189   0.0050  50.0000 -1941.062
 27   6    572.2    228.8   0.2881  57.6189   0.0050  50.0000 -1941.062
 27   7    572.3    228.7   0.2883  57.6569   0.0050  50.0000 -1933.391
 27   8    572.3    228.7   0.2883  57.6569   0.0050  50.0000 -1933.391
 27   9    572.2    228.8   0.2881  57.6203   0.0050  50.0000 -1942.678
 27  10    571.7    229.3   0.2875  57.5058   0.0050  50.0000 -1934.931
 27  11    571.7    229.3   0.2875  57.4964   0.0050  50.0000 -1933.190
 27  12    571.1    229.9   0.2867  57.3483   0.0050  50.0000 -1862.692
 27  13    570.5    230.5   0.2860  57.2089   0.0050  50.0000 -1897.250
 27  14    570.3    230.7   0.2858  57.1559   0.0050  50.0000 -1895.437
 27  15    570.3    230.7   0.2858  57.1657   0.0050  50.0000 -1894.774
 27  16    570.4    230.6   0.2859  57.1785   0.0050  50.0000 -1888.930
 27  17    570.4    230.6   0.2859  57.1785   0.0050  50.0000 -1888.930
 27  18    570.9    230.1   0.2866  57.3169   0.0050  50.0000 -1881.692
 27  19    570.0    231.0   0.2854  57.0863   0.0050  50.0000 -1883.255
 27  20    570.5    230.5   0.2860  57.2019   0.0050  50.0000 -1825.249
 27  21    570.9    230.1   0.2865  57.2995   0.0050  50.0000 -1824.688
 27  22    570.4    230.6   0.2859  57.1848   0.0050  50.0000 -1835.881
 27  23    570.3    230.7   0.2859  57.1725   0.0050  50.0000 -1844.247
 27  24    569.9    231.1   0.2854  57.0722   0.0050  50.0000 -1868.939
 27  25    569.1    231.9   0.2844  56.8790   0.0050  50.0000 -1862.267
 27  26    571.5    229.5   0.0000   0.0000   0.0050   0.0000 -1069.894
 28   1    570.9    230.1   0.2865  57.2968   0.0050  50.0000 -1897.846
 28   2    571.1    229.9   0.2868  57.3586   0.0050  50.0000 -1890.040
 28   3    571.4    229.6   0.2871  57.4182   0.0050  50.0000 -1938.238
 28   4    570.7    230.3   0.2863  57.2570   0.0050  50.0000 -1919.612
 28   5    572.0    229.0   0.2879  57.5818   0.0050  50.0000 -1933.832
 28   6    572.0    229.0   0.2879  57.5818   0.0050  50.0000 -1933.832
 28   7    572.2    228.8   0.2881  57.6192   0.0050  50.0000 -1923.990
 28   8    572.2    228.8   0.2881  57.6192   0.0050  50.0000 -1923.990
 28   9    572.0    229.0   0.2879  57.5895   0.0050  50.0000 -1937.537
 28  10    571.6    229.4   0.2874  57.4763   0.0050  50.0000 -1928.124
 28  11    571.5    229.5   0.2873  57.4660   0.0050  50.0000 -1929.090
 28  12    571.0    230.0   0.2866  57.3254   0.0050  50.0000 -1874.115
 28  13    570.4    230.6   0.2859  57.1841   0.0050  50.0000 -1887.741
 28  14    570.2    230.8   0.2856  57.1274   0.0050  50.0000 -1887.171
 28  15    570.2    230.8   0.2857  57.1372   0.0050  50.0000 -1888.992
 28  16    570.3    230.7   0.2858  57.1505   0.0050  50.0000 -1887.233
 28  17    570.3    230.7   0.2858  57.1505   0.0050  50.0000 -1887.233
 28  18    570.8    230.2   0.2864  57.2896   0.0050  50.0000 -1885.937
 28  19    569.9    231.1   0.2853  57.0625   0.0050  50.0000 -1888.033
 28  20    570.4    230.6   0.2859  57.1743   0.0050  50.0000 -1884.479
 28  21    570.7    230.3   0.2863  57.2699   0.0050  50.0000 -1836.182
 28  22    570.3    230.7   0.2858  57.1572   0.0050  50.0000 -1851.556
 28  23    570.2    230.8   0.2857  57.1453   0.0050  50.0000 -1853.730
 28  24    569.8    231.2   0.2852  57.0450   0.0050  50.0000 -1869.961
 28  25    569.0    232.0   0.2843  56.8542   0.0050  50.0000 -1845.020
 28  26    571.4    229.6   0.2871  57.4191   0.0050  50.0000 -1827.120
 28  27    571.4    229.6   0.2871  57.4191   0.0050  50.0000 -1827.120
 29   1    571.1    229.9   0.2868  57.3584   0.0050  50.0000 -1899.501
 29   2    571.4    229.6   0.2871  57.4219   0.0050  50.0000 -1905.949
 29   3    571.6    229.4   0.2874  57.4711   0.0050  50.0000 -1933.012
 29   4    571.0    230.0   0.2866  57.3205   0.0050  50.0000 -1923.862
 29   5    572.2    228.8   0.2881  57.6202   0.0050  50.0000 -1924.404
 29   6    572.2    228.8   0.2881  57.6202   0.0050  50.0000 -1924.404
 29   7    572.3    228.7   0.2883  57.6563   0.0050  50.0000 -1938.565
 29   8    572.3    228.7   0.2883  57.6563   0.0050  50.0000 -1938.565
 29   9    572.3    228.7   0.2882  57.6414   0.0050  50.0000 -1914.423
 29  10    571.8    229.2   0.2877  57.5318   0.0050  50.0000 -1908.348
 29  11    571.8    229.2   0.2876  57.5197   0.0050  50.0000 -1909.377
 29  12    571.3    229.7   0.2870  57.3953   0.0050  50.0000 -1858.693
 29  13    570.7    230.3   0.2862  57.2491   0.0050  50.0000 -1869.047
 29  14    570.4    230.6   0.2859  57.1845   0.0050  50.0000 -1881.426
 29  15    570.4    230.6   0.2860  57.1940   0.0050  50.0000 -1878.305
 29  16    570.5    230.5   0.2860  57.2082   0.0050  50.0000 -1872.456
 29  17    570.5    230.5   0.2860  57.2082   0.0050  50.0000 -1872.456
 29  18    571.1    229.9   0.2867  57.3478   0.0050  50.0000 -1875.273
 29  19    570.2    230.8   0.2856  57.1290   0.0050  50.0000 -1898.351
 29  20    570.6    230.4   0.2862  57.2319   0.0050  50.0000 -1897.326
 29  21    571.0    230.0   0.2866  57.3247   0.0050  50.0000 -1828.210
 29  22    570.5    230.5   0.2861  57.2154   0.0050  50.0000 -1866.110
 29  23    570.5    230.5   0.2860  57.2045   0.0050  50.0000 -1864.167
 29  24    570.1    230.9   0.2855  57.1022   0.0050  50.0000 -1880.018
 29  25    569.3    231.7   0.2846  56.9166   0.0050  50.0000 -1856.071
 29  26    571.6    229.4   0.2874  57.4762   0.0050  50.0000 -1815.810
 29  27    571.6    229.4   0.2874  57.4762   0.0050  50.0000 -1815.810
 29  28    571.5    229.5   0.2130  42.5911   0.0050  37.0594 -1738.576
 30   1    571.1    229.9   0.2868  57.3584   0.0050  50.0000 -1899.501
 30   2    571.4    229.6   0.2871  57.4219   0.0050  50.0000 -1905.949
 30   3    571.6    229.4   0.2874  57.4711   0.0050  50.0000 -1933.012
 30   4    571.0    230.0   0.2866  57.3205   0.0050  50.0000 -1923.862
 30   5    572.2    228.8   0.2881  57.6202   0.0050  50.0000 -1924.404
 30   6    572.2    228.8   0.2881  57.6202   0.0050  50.0000 -1924.404
 30   7    572.3    228.7   0.2883  57.6563   0.0050  50.0000 -1938.565
 30   8    572.3    228.7   0.2883  57.6563   0.0050  50.0000 -1938.565
 30   9    572.3    228.7   0.2882  57.6414   0.0050  50.0000 -1914.423
 30  10    571.8    229.2   0.2877  57.5318   0.0050  50.0000 -1908.348
 30  11    571.8    229.2   0.2876  57.5197   0.0050  50.0000 -1909.377
 30  12    571.3    229.7   0.2870  57.3953   0.0050  50.0000 -1858.693
 30  13    570.7    230.3   0.2862  57.2491   0.0050  50.0000 -1869.047
 30  14    570.4    230.6   0.2859  57.1845   0.0050  50.0000 -1881.426
 30  15    570.4    230.6   0.2860  57.1940   0.0050  50.0000 -1878.305
 30  16    570.5    230.5   0.2860  57.2082   0.0050  50.0000 -1872.456
 30  17    570.5    230.5   0.2860  57.2082   0.0050  50.0000 -1872.456
 30  18    571.1    229.9   0.2867  57.3478   0.0050  50.0000 -1875.273
 30  19    570.2    230.8   0.2856  57.1290   0.0050  50.0000 -1898.351
 30  20    570.6    230.4   0.2862  57.2319   0.0050  50.0000 -1897.326
 30  21    571.0    230.0   0.2866  57.3247   0.0050  50.0000 -1828.210
 30  22    570.5    230.5   0.2861  57.2154   0.0050  50.0000 -1866.110
 30  23    570.5    230.5   0.2860  57.2045   0.0050  50.0000 -1864.167
 30  24    570.1    230.9   0.2855  57.1022   0.0050  50.0000 -1880.018
 30  25    569.3    231.7   0.2846  56.9166   0.0050  50.0000 -1856.071
 30  26    571.6    229.4   0.2874  57.4762   0.0050  50.0000 -1815.810
 30  27    571.6    229.4   0.2874  57.4762   0.0050  50.0000 -1815.810
 30  28    571.5    229.5   0.2130  42.5911   0.0050  37.0594 -1738.576
 30  29    571.9    229.1   0.0000   0.0000   0.0050   0.0000 -1062.111
 31   1    570.4    230.6   0.2859  57.1788   0.0050  50.0000 -1926.028
 31   2    570.6    230.4   0.2862  57.2423   0.0050  50.0000 -1904.556
 31   3    570.9    230.1   0.2865  57.2958   0.0050  50.0000 -1950.810
 31   4    570.2    230.8   0.2857  57.1402   0.0050  50.0000 -1939.396
 31   5    571.5    229.5   0.2872  57.4487   0.0050  50.0000 -1946.302
 31   6    571.5    229.5   0.2872  57.4487   0.0050  50.0000 -1946.302
 31   7    571.6    229.4   0.2874  57.4867   0.0050  50.0000 -1943.251
 31   8    571.6    229.4   0.2874  57.4867   0.0050  50.0000 -1943.251
 31   9    571.5    229.5   0.2873  57.4644   0.0050  50.0000 -1917.816
 31  10    571.1    229.9   0.2867  57.3495   0.0050  50.0000 -1938.788
 31  11    571.0    230.0   0.2867  57.3378   0.0050  50.0000 -1937.267
 31  12    570.5    230.5   0.2860  57.2052   0.0050  50.0000 -1903.785
 31  13    569.9    231.1   0.2853  57.0645   0.0050  50.0000 -1903.304
 31  14    569.6    231.4   0.2850  57.0026   0.0050  50.0000 -1912.819
 31  15    569.7    231.3   0.2851  57.0143   0.0050  50.0000 -1907.526
 31  16    569.8    231.2   0.2851  57.0273   0.0050  50.0000 -1905.744
 31  17    569.8    231.2   0.2851  57.0273   0.0050  50.0000 -1905.744
 31  18    570.4    230.6   0.2859  57.1746   0.0050  50.0000 -1878.999
 31  19    569.4    231.6   0.2847  56.9476   0.0050  50.0000 -1876.028
 31  20    569.9    231.1   0.2853  57.0589   0.0050  50.0000 -1888.753
 31  21    570.2    230.8   0.2857  57.1443   0.0050  50.0000 -1838.030
 31  22    569.8    231.2   0.2852  57.0377   0.0050  50.0000 -1881.580
 31  23    569.7    231.3   0.2851  57.0254   0.0050  50.0000 -1887.157
 31  24    569.4    231.6   0.2847  56.9349   0.0050  50.0000 -1894.949
 31  25    568.6    232.4   0.2837  56.7452   0.0050  50.0000 -1885.265
 31  26    570.9    230.1   0.2865  57.3033   0.0050  50.0000 -1846.996
 31  27    570.9    230.1   0.2865  57.3033   0.0050  50.0000 -1846.996
 31  28    570.8    230.2   0.2530  50.6013   0.0050  44.1634 -1772.793
 31  29    571.2    229.8   0.2608  52.1678   0.0050  45.4625 -1781.362
 31  30    571.2    229.8   0.2608  52.1678   0.0050  45.4625 -1781.362
 32   1    570.7    230.3   0.2862  57.2488   0.0050  50.0000 -1885.432
 32   2    570.9    230.1   0.2866  57.3115   0.0050  50.0000 -1903.292
 32   3    571.2    229.8   0.2869  57.3702   0.0050  50.0000 -1953.735
 32   4    570.5    230.5   0.2860  57.2093   0.0050  50.0000 -1919.715
 32   5    571.8    229.2   0.2877  57.5303   0.0050  50.0000 -1939.752
 32   6    571.8    229.2   0.2877  57.5303   0.0050  50.0000 -1939.752
 32   7    572.0    229.0   0.2878  57.5689   0.0050  50.0000 -1940.042
 32   8    572.0    229.0   0.2878  57.5689   0.0050  50.0000 -1940.042
 32   9    571.8    229.2   0.2877  57.5391   0.0050  50.0000 -1920.802
 32  10    571.4    229.6   0.2871  57.4226   0.0050  50.0000 -1919.396
 32  11    571.3    229.7   0.2871  57.4118   0.0050  50.0000 -1917.834
 32  12    570.8    230.2   0.2864  57.2710   0.0050  50.0000 -1889.868
 32  13    570.2    230.8   0.2857  57.1330   0.0050  50.0000 -1901.808
 32  14    569.9    231.1   0.2854  57.0752   0.0050  50.0000 -1900.780
 32  15    570.0    231.0   0.2854  57.0871   0.0050  50.0000 -1894.318
 32  16    570.0    231.0   0.2855  57.0995   0.0050  50.0000 -1888.469
 32  17    570.0    231.0   0.2855  57.0995   0.0050  50.0000 -1888.469
 32  18    570.7    230.3   0.2862  57.2463   0.0050  50.0000 -1880.671
 32  19    569.7    231.3   0.2851  57.0153   0.0050  50.0000 -1889.359
 32  20    570.2    230.8   0.2857  57.1311   0.0050  50.0000 -1891.428
 32  21    570.5    230.5   0.2861  57.2179   0.0050  50.0000 -1819.316
 32  22    570.1    230.9   0.2855  57.1097   0.0050  50.0000 -1862.291
 32  23    570.0    231.0   0.2855  57.0969   0.0050  50.0000 -1870.318
 32  24    569.7    231.3   0.2850  57.0072   0.0050  50.0000 -1880.829
 32  25    568.9    232.1   0.2841  56.8151   0.0050  50.0000 -1868.877
 32  26    571.2    229.8   0.2746  54.9271   0.0050  47.8663 -1791.089
 32  27    571.2    229.8   0.2746  54.9271   0.0050  47.8663 -1791.089
 32  28    571.1    229.9   0.2203  44.0565   0.0050  38.4063 -1733.769
 32  29    571.4    229.6   0.2245  44.8971   0.0050  39.0877 -1743.311
 32  30    571.4    229.6   0.2245  44.8970   0.0050  39.0877 -1743.311
 32  31    570.6    230.4   0.1907  38.1459   0.0050  33.3180 -1698.115
 33   1    572.1    228.9   0.2880  57.5925   0.0050  50.0000 -1916.203
 33   2    572.3    228.7   0.2883  57.6521   0.0050  50.0000 -1913.371
 33   3    572.6    228.4   0.2886  57.7264   0.0050  50.0000 -1946.469
 33   4    571.9    229.1   0.2878  57.5502   0.0050  50.0000 -1936.666
 33   5    573.3    227.7   0.2895  57.9094   0.0050  50.0000 -1947.744
 33   6    573.3    227.7   0.2895  57.9094   0.0050  50.0000 -1947.744
 33   7    573.5    227.5   0.2897  57.9491   0.0050  50.0000 -1946.737
 33   8    573.5    227.5   0.2897  57.9491   0.0050  50.0000 -1946.737
 33   9    573.3    227.7   0.2895  57.8975   0.0050  50.0000 -1941.872
 33  10    572.8    228.2   0.2889  57.7779   0.0050  50.0000 -1944.239
 33  11    572.8    228.2   0.2889  57.7701   0.0050  50.0000 -1942.454
 33  12    572.1    228.9   0.2880  57.6058   0.0050  50.0000 -1861.968
 33  13    571.6    229.4   0.2874  57.4736   0.0050  50.0000 -1892.821
 33  14    571.4    229.6   0.2871  57.4282   0.0050  50.0000 -1887.855
 33  15    571.4    229.6   0.2872  57.4395   0.0050  50.0000 -1891.503
 33  16    571.5    229.5   0.2873  57.4509   0.0050  50.0000 -1885.994
 33  17    571.5    229.5   0.2873  57.4509   0.0050  50.0000 -1885.994
 33  18    572.1    228.9   0.2880  57.5924   0.0050  50.0000 -1862.875
 33  19    571.1    229.9   0.2868  57.3518   0.0050  50.0000 -1863.151
 33  20    571.6    229.4   0.2874  57.4784   0.0050  50.0000 -1872.514
 33  21    572.0    229.0   0.2879  57.5740   0.0050  50.0000 -1820.835
 33  22    571.5    229.5   0.2873  57.4585   0.0050  50.0000 -1810.243
 33  23    571.5    229.5   0.2872  57.4446   0.0050  50.0000 -1813.827
 33  24    571.1    229.9   0.2868  57.3520   0.0050  50.0000 -1868.754
 33  25    570.3    230.7   0.2858  57.1533   0.0050  50.0000 -1860.911
 33  26    572.6    228.4   0.2886  57.7231   0.0050  50.0000 -1809.210
 33  27    572.6    228.4   0.2886  57.7231   0.0050  50.0000 -1809.210
 33  28    572.4    228.6   0.2884  57.6870   0.0050  50.0000 -1823.183
 33  29    572.6    228.4   0.2886  57.7286   0.0050  50.0000 -1803.049
 33  30    572.6    228.4   0.2886  57.7286   0.0050  50.0000 -1803.049
 33  31    571.9    229.1   0.2878  57.5514   0.0050  50.0000 -1836.384
 33  32    572.2    228.8   0.2844  56.8708   0.0050  49.3402 -1796.016
 34   1    572.1    228.9   0.2880  57.5925   0.0050  50.0000 -1916.203
 34   2    572.3    228.7   0.2883  57.6521   0.0050  50.0000 -1913.371
 34   3    572.6    228.4   0.2886  57.7264   0.0050  50.0000 -1946.469
 34   4    571.9    229.1   0.2878  57.5502   0.0050  50.0000 -1936.666
 34   5    573.3    227.7   0.2895  57.9094   0.0050  50.0000 -1947.744
 34   6    573.3    227.7   0.2895  57.9094   0.0050  50.0000 -1947.744
 34   7    573.5    227.5   0.2897  57.9491   0.0050  50.0000 -1946.737
 34   8    573.5    227.5   0.2897  57.9491   0.0050  50.0000 -1946.737
 34   9    573.3    227.7   0.2895  57.8975   0.0050  50.0000 -1941.872
 34  10    572.8    228.2   0.2889  57.7779   0.0050  50.0000 -1944.239
 34  11    572.8    228.2   0.2889  57.7701   0.0050  50.0000 -1942.454
 34  12    572.1    228.9   0.2880  57.6058   0.0050  50.0000 -1861.968
 34  13    571.6    229.4   0.2874  57.4736   0.0050  50.0000 -1892.821
 34  14    571.4    229.6   0.2871  57.4282   0.0050  50.0000 -1887.855
 34  15    571.4    229.6   0.2872  57.4395   0.0050  50.0000 -1891.503
 34  16    571.5    229.5   0.2873  57.4509   0.0050  50.0000 -1885.994
 34  17    571.5    229.5   0.2873  57.4509   0.0050  50.0000 -1885.994
 34  18    572.1    228.9   0.2880  57.5924   0.0050  50.0000 -1862.875
 34  19    571.1    229.9   0.2868  57.3518   0.0050  50.0000 -1863.151
 34  20    571.6    229.4   0.2874  57.4784   0.0050  50.0000 -1872.514
 34  21    572.0    229.0   0.2879  57.5740   0.0050  50.0000 -1820.835
 34  22    571.5    229.5   0.2873  57.4585   0.0050  50.0000 -1810.243
 34  23    571.5    229.5   0.2872  57.4446   0.0050  50.0000 -1813.827
 34  24    571.1    229.9   0.2868  57.3520   0.0050  50.0000 -1868.754
 34  25    570.3    230.7   0.2858  57.1533   0.0050  50.0000 -1860.911
 34  26    572.6    228.4   0.2886  57.7231   0.0050  50.0000 -1809.210
 34  27    572.6    228.4   0.2886  57.7231   0.0050  50.0000 -1809.210
 34  28    572.4    228.6   0.2884  57.6870   0.0050  50.0000 -1823.183
 34  29    572.6    228.4   0.2886  57.7286   0.0050  50.0000 -1803.049
 34  30    572.6    228.4   0.2886  57.7286   0.0050  50.0000 -1803.049
 34  31    571.9    229.1   0.2878  57.5514   0.0050  50.0000 -1836.384
 34  32    572.2    228.8   0.2844  56.8708   0.0050  49.3402 -1796.016
 34  33    573.7    227.3   0.0000   0.0000   0.0050   0.0000 -1065.968
 35   1    569.2    231.8   0.2845  56.8982   0.0050  50.0000 -1913.106
 35   2    569.5    231.5   0.2848  56.9606   0.0050  50.0000 -1911.769
 35   3    569.7    231.3   0.2851  57.0192   0.0050  50.0000 -1957.538
 35   4    569.1    231.9   0.2843  56.8585   0.0050  50.0000 -1947.820
 35   5    570.4    230.6   0.2859  57.1811   0.0050  50.0000 -1945.878
 35   6    570.4    230.6   0.2859  57.1811   0.0050  50.0000 -1945.878
 35   7    570.5    230.5   0.2861  57.2190   0.0050  50.0000 -1930.658
 35   8    570.5    230.5   0.2861  57.2190   0.0050  50.0000 -1930.658
 35   9    570.4    230.6   0.2860  57.1908   0.0050  50.0000 -1944.551
 35  10    570.0    231.0   0.2854  57.0767   0.0050  50.0000 -1931.697
 35  11    569.9    231.1   0.2853  57.0660   0.0050  50.0000 -1933.383
 35  12    569.3    231.7   0.2846  56.9266   0.0050  50.0000 -1881.882
 35  13    568.7    232.3   0.2839  56.7848   0.0050  50.0000 -1863.123
 35  14    568.5    232.5   0.2836  56.7267   0.0050  50.0000 -1859.396
 35  15    568.5    232.5   0.2837  56.7369   0.0050  50.0000 -1866.324
 35  16    568.6    232.4   0.2838  56.7502   0.0050  50.0000 -1860.598
 35  17    568.6    232.4   0.2838  56.7502   0.0050  50.0000 -1860.598
 35  18    569.2    231.8   0.2845  56.8917   0.0050  50.0000 -1869.026
 35  19    568.2    232.8   0.2833  56.6639   0.0050  50.0000 -1884.046
 35  20    568.7    232.3   0.2839  56.7760   0.0050  50.0000 -1876.984
 35  21    569.1    231.9   0.2843  56.8695   0.0050  50.0000 -1856.512
 35  22    568.6    232.4   0.2838  56.7578   0.0050  50.0000 -1843.664
 35  23    568.6    232.4   0.2837  56.7457   0.0050  50.0000 -1841.198
 35  24    568.2    232.8   0.2832  56.6476   0.0050  50.0000 -1857.666
 35  25    567.4    233.6   0.2823  56.4565   0.0050  50.0000 -1890.632
 35  26    569.7    231.3   0.2851  57.0217   0.0050  50.0000 -1862.963
 35  27    569.7    231.3   0.2851  57.0217   0.0050  50.0000 -1862.963
 35  28    569.6    231.4   0.2850  57.0002   0.0050  50.0000 -1853.976
 35  29    569.9    231.1   0.2854  57.0704   0.0050  50.0000 -1888.868
 35  30    569.9    231.1   0.2854  57.0704   0.0050  50.0000 -1888.868
 35  31    569.2    231.8   0.2845  56.8929   0.0050  50.0000 -1879.038
 35  32    569.5    231.5   0.2848  56.9587   0.0050  50.0000 -1874.722
 35  33    570.8    230.2   0.2864  57.2865   0.0050  50.0000 -1846.366
 35  34    570.8    230.2   0.2864  57.2865   0.0050  50.0000 -1846.366
 36   1    570.0    231.0   0.2854  57.0879   0.0050  50.0000 -1907.908
 36   2    570.3    230.7   0.2857  57.1496   0.0050  50.0000 -1913.409
 36   3    570.5    230.5   0.2861  57.2167   0.0050  50.0000 -1968.405
 36   4    569.8    231.2   0.2852  57.0468   0.0050  50.0000 -1943.660
 36   5    571.2    229.8   0.2869  57.3880   0.0050  50.0000 -1955.727
 36   6    571.2    229.8   0.2869  57.3880   0.0050  50.0000 -1955.727
 36   7    571.4    229.6   0.2871  57.4282   0.0050  50.0000 -1956.871
 36   8    571.4    229.6   0.2871  57.4282   0.0050  50.0000 -1956.871
 36   9    571.2    229.8   0.2869  57.3861   0.0050  50.0000 -1938.126
 36  10    570.7    230.3   0.2863  57.2651   0.0050  50.0000 -1960.153
 36  11    570.7    230.3   0.2863  57.2556   0.0050  50.0000 -1958.316
 36  12    570.1    230.9   0.2855  57.1010   0.0050  50.0000 -1858.342
 36  13    569.5    231.5   0.2848  56.9679   0.0050  50.0000 -1885.885
 36  14    569.3    231.7   0.2846  56.9159   0.0050  50.0000 -1890.346
 36  15    569.3    231.7   0.2846  56.9289   0.0050  50.0000 -1889.766
 36  16    569.4    231.6   0.2847  56.9403   0.0050  50.0000 -1884.017
 36  17    569.4    231.6   0.2847  56.9403   0.0050  50.0000 -1884.017
 36  18    570.0    231.0   0.2854  57.0899   0.0050  50.0000 -1888.303
 36  19    569.0    232.0   0.2843  56.8501   0.0050  50.0000 -1875.044
 36  20    569.5    231.5   0.2849  56.9750   0.0050  50.0000 -1855.192
 36  21    569.9    231.1   0.2853  57.0611   0.0050  50.0000 -1825.911
 36  22    569.4    231.6   0.2848  56.9514   0.0050  50.0000 -1871.416
 36  23    569.4    231.6   0.2847  56.9373   0.0050  50.0000 -1878.505
 36  24    569.0    232.0   0.2843  56.8531   0.0050  50.0000 -1859.221
 36  25    568.2    232.8   0.2833  56.6559   0.0050  50.0000 -1885.997
 36  26    570.5    230.5   0.2861  57.2202   0.0050  50.0000 -1834.804
 36  27    570.5    230.5   0.2861  57.2202   0.0050  50.0000 -1834.804
 36  28    570.4    230.6   0.2860  57.1932   0.0050  50.0000 -1856.408
 36  29    570.7    230.3   0.2863  57.2545   0.0050  50.0000 -1863.651
 36  30    570.7    230.3   0.2863  57.2545   0.0050  50.0000 -1863.651
 36  31    569.9    231.1   0.2853  57.0656   0.0050  50.0000 -1841.695
 36  32    570.2    230.8   0.2857  57.1360   0.0050  50.0000 -1837.397
 36  33    571.6    229.4   0.2874  57.4852   0.0050  50.0000 -1847.060
 36  34    571.6    229.4   0.2874  57.4852   0.0050  50.0000 -1847.060
 36  35    568.8    232.2   0.2786  55.7100   0.0050  49.0471 -1813.028
 37   1    569.0    232.0   0.2842  56.8341   0.0050  50.0000 -1910.985
 37   2    569.2    231.8   0.2845  56.8965   0.0050  50.0000 -1931.356
 37   3    569.5    231.5   0.2848  56.9594   0.0050  50.0000 -1967.516
 37   4    568.8    232.2   0.2840  56.7937   0.0050  50.0000 -1942.475
 37   5    570.2    230.8   0.2856  57.1256   0.0050  50.0000 -1955.480
 37   6    570.2    230.8   0.2856  57.1256   0.0050  50.0000 -1955.480
 37   7    570.3    230.7   0.2858  57.1651   0.0050  50.0000 -1952.912
 37   8    570.3    230.7   0.2858  57.1651   0.0050  50.0000 -1952.912
 37   9    570.2    230.8   0.2856  57.1296   0.0050  50.0000 -1934.158
 37  10    569.7    231.3   0.2851  57.0107   0.0050  50.0000 -1948.590
 37  11    569.6    231.4   0.2850  57.0005   0.0050  50.0000 -1949.339
 37  12    569.0    232.0   0.2843  56.8528   0.0050  50.0000 -1855.427
 37  13    568.5    232.5   0.2836  56.7163   0.0050  50.0000 -1862.193
 37  14    568.2    232.8   0.2833  56.6610   0.0050  50.0000 -1868.614
 37  15    568.3    232.7   0.2834  56.6732   0.0050  50.0000 -1871.335
 37  16    568.3    232.7   0.2834  56.6853   0.0050  50.0000 -1865.605
 37  17    568.3    232.7   0.2834  56.6853   0.0050  50.0000 -1865.605
 37  18    568.9    232.1   0.2842  56.8334   0.0050  50.0000 -1899.040
 37  19    568.0    233.0   0.2830  56.5979   0.0050  50.0000 -1882.401
 37  20    568.5    232.5   0.2836  56.7179   0.0050  50.0000 -1861.883
 37  21    568.8    232.2   0.2840  56.8053   0.0050  50.0000 -1824.436
 37  22    568.4    232.6   0.2835  56.6957   0.0050  50.0000 -1841.181
 37  23    568.3    232.7   0.2834  56.6823   0.0050  50.0000 -1848.536
 37  24    568.0    233.0   0.2830  56.5944   0.0050  50.0000 -1878.951
 37  25    567.1    233.9   0.2820  56.3996   0.0050  50.0000 -1862.631
 37  26    569.5    231.5   0.2848  56.9636   0.0050  50.0000 -1821.431
 37  27    569.5    231.5   0.2848  56.9636   0.0050  50.0000 -1821.431
 37  28    569.4    231.6   0.2847  56.9400   0.0050  50.0000 -1871.698
 37  29    569.7    231.3   0.2850  57.0074   0.0050  50.0000 -1864.046
 37  30    569.7    231.3   0.2850  57.0074   0.0050  50.0000 -1864.046
 37  31    568.9    232.1   0.2841  56.8207   0.0050  50.0000 -1862.543
 37  32    569.2    231.8   0.2844  56.8882   0.0050  50.0000 -1841.066
 37  33    570.6    230.4   0.2861  57.2259   0.0050  50.0000 -1859.381
 37  34    570.6    230.4   0.2861  57.2259   0.0050  50.0000 -1859.381
 37  35    567.7    233.3   0.2752  55.0373   0.0050  48.6709 -1800.154
 37  36    568.5    232.5   0.1660  33.2097   0.0050  29.2750 -1677.353
 38   1    569.0    232.0   0.2842  56.8443   0.0050  50.0000 -1885.406
 38   2    569.2    231.8   0.2845  56.9060   0.0050  50.0000 -1944.333
 38   3    569.5    231.5   0.2849  56.9724   0.0050  50.0000 -1964.547
 38   4    568.8    232.2   0.2840  56.8032   0.0050  50.0000 -1951.452
 38   5    570.2    230.8   0.2857  57.1443   0.0050  50.0000 -1949.086
 38   6    570.2    230.8   0.2857  57.1443   0.0050  50.0000 -1949.086
 38   7    570.4    230.6   0.2859  57.1839   0.0050  50.0000 -1945.664
 38   8    570.4    230.6   0.2859  57.1839   0.0050  50.0000 -1945.664
 38   9    570.2    230.8   0.2857  57.1440   0.0050  50.0000 -1939.957
 38  10    569.7    231.3   0.2851  57.0250   0.0050  50.0000 -1937.275
 38  11    569.7    231.3   0.2851  57.0155   0.0050  50.0000 -1935.399
 38  12    569.1    231.9   0.2843  56.8629   0.0050  50.0000 -1872.910
 38  13    568.5    232.5   0.2836  56.7264   0.0050  50.0000 -1901.561
 38  14    568.3    232.7   0.2834  56.6737   0.0050  50.0000 -1901.568
 38  15    568.3    232.7   0.2834  56.6853   0.0050  50.0000 -1902.529
 38  16    568.4    232.6   0.2835  56.6974   0.0050  50.0000 -1896.853
 38  17    568.4    232.6   0.2835  56.6974   0.0050  50.0000 -1896.853
 38  18    569.0    232.0   0.2842  56.8430   0.0050  50.0000 -1891.792
 38  19    568.0    233.0   0.2830  56.6060   0.0050  50.0000 -1874.696
 38  20    568.5    232.5   0.2836  56.7275   0.0050  50.0000 -1872.321
 38  21    568.9    232.1   0.2841  56.8188   0.0050  50.0000 -1828.625
 38  22    568.4    232.6   0.2835  56.7065   0.0050  50.0000 -1851.882
 38  23    568.4    232.6   0.2835  56.6931   0.0050  50.0000 -1853.487
 38  24    568.0    233.0   0.2830  56.6020   0.0050  50.0000 -1878.609
 38  25    567.2    233.8   0.2820  56.4058   0.0050  50.0000 -1868.630
 38  26    569.5    231.5   0.2849  56.9739   0.0050  50.0000 -1832.030
 38  27    569.5    231.5   0.2849  56.9739   0.0050  50.0000 -1832.030
 38  28    569.4    231.6   0.2847  56.9462   0.0050  50.0000 -1857.047
 38  29    569.7    231.3   0.2850  57.0048   0.0050  50.0000 -1895.273
 38  30    569.7    231.3   0.2850  57.0048   0.0050  50.0000 -1895.273
 38  31    568.9    232.1   0.2841  56.8223   0.0050  50.0000 -1856.984
 38  32    569.2    231.8   0.2845  56.8943   0.0050  50.0000 -1852.874
 38  33    570.6    230.4   0.2862  57.2453   0.0050  50.0000 -1855.416
 38  34    570.6    230.4   0.2862  57.2453   0.0050  50.0000 -1855.416
 38  35    567.7    233.3   0.2638  52.7534   0.0050  46.6472 -1795.356
 38  36    568.5    232.5   0.1633  32.6509   0.0050  28.7757 -1676.135
 38  37    567.5    233.5   0.0030   0.5933   0.0050   0.5252 -1638.121

