Supplemental results for CODEML (seqf: /gpfs/scratch/cltucker/EBH381-Group-Project/SIV_aligned_ENV.fas  treef: )


pairwise comparison (Goldman & Yang 1994)
seq seq        N       S       dN       dS     dN/dS   Paras.
  2   1    934.6    304.4   0.3244   6.4887   0.0500   5.5172 -2857.214
  3   1    928.9    310.1   0.2970   5.9393   0.0500   5.1269 -2846.338
  3   2    930.6    308.4   0.1821   3.6426   0.0500   3.1305 -2714.248
  4   1    931.3    307.7   0.2974   5.9486   0.0500   5.1025 -2838.257
  4   2    933.0    306.0   0.1970   3.9397   0.0500   3.3640 -2720.085
  4   3    927.3    311.7   0.0870   1.7390   0.0500   1.5077 -2584.844
  5   1    932.5    306.5   0.2850   5.6996   0.0500   4.8737 -2822.174
  5   2    934.2    304.8   0.1645   3.2909   0.0500   2.8006 -2669.477
  5   3    928.5    310.5   0.0835   1.6704   0.0500   1.4435 -2576.879
  5   4    931.0    308.0   0.0770   1.5399   0.0500   1.3220 -2538.858
  6   1    932.5    306.5   0.2850   5.6996   0.0500   4.8737 -2822.174
  6   2    934.2    304.8   0.1645   3.2909   0.0500   2.8006 -2669.477
  6   3    928.5    310.5   0.0835   1.6704   0.0500   1.4435 -2576.879
  6   4    931.0    308.0   0.0770   1.5399   0.0500   1.3220 -2538.858
  6   5    932.3    306.7   0.0000   0.0000   0.0500   0.0000 -1656.102
  7   1    931.8    307.2   0.2868   5.7367   0.0500   4.9138 -2825.386
  7   2    933.6    305.4   0.1605   3.2105   0.0500   2.7369 -2670.606
  7   3    927.9    311.1   0.0886   1.7722   0.0500   1.5341 -2595.332
  7   4    930.3    308.7   0.0786   1.5712   0.0500   1.3512 -2547.455
  7   5    931.6    307.4   0.0191   0.3829   0.0500   0.3281 -2149.600
  7   6    931.6    307.4   0.0191   0.3829   0.0500   0.3281 -2149.600
  8   1    931.8    307.2   0.2868   5.7367   0.0500   4.9138 -2825.386
  8   2    933.6    305.4   0.1605   3.2105   0.0500   2.7369 -2670.606
  8   3    927.9    311.1   0.0886   1.7722   0.0500   1.5341 -2595.332
  8   4    930.3    308.7   0.0786   1.5712   0.0500   1.3512 -2547.455
  8   5    931.6    307.4   0.0191   0.3829   0.0500   0.3281 -2149.600
  8   6    931.6    307.4   0.0191   0.3829   0.0500   0.3281 -2149.600
  8   7    931.0    308.0   0.0000   0.0000   0.0500   0.0000 -1658.130
  9   1    931.1    307.9   0.2754   5.5090   0.0500   4.7281 -2813.884
  9   2    932.8    306.2   0.1674   3.3472   0.0500   2.8595 -2668.999
  9   3    927.1    311.9   0.0893   1.7866   0.0500   1.5498 -2594.858
  9   4    929.5    309.5   0.0679   1.3578   0.0500   1.1702 -2506.903
  9   5    930.8    308.2   0.0391   0.7815   0.0500   0.6712 -2360.565
  9   6    930.8    308.2   0.0391   0.7815   0.0500   0.6712 -2360.565
  9   7    930.2    308.8   0.0389   0.7773   0.0500   0.6688 -2363.634
  9   8    930.2    308.8   0.0389   0.7773   0.0500   0.6688 -2363.634
 10   1    930.6    308.4   0.2811   5.6213   0.0500   4.8305 -2822.624
 10   2    932.4    306.6   0.1735   3.4695   0.0500   2.9677 -2690.915
 10   3    926.6    312.4   0.0879   1.7584   0.0500   1.5272 -2595.234
 10   4    929.1    309.9   0.0789   1.5773   0.0500   1.3611 -2542.468
 10   5    930.3    308.7   0.0379   0.7579   0.0500   0.6518 -2352.072
 10   6    930.3    308.7   0.0379   0.7579   0.0500   0.6518 -2352.072
 10   7    929.7    309.3   0.0389   0.7788   0.0500   0.6709 -2358.892
 10   8    929.7    309.3   0.0389   0.7788   0.0500   0.6709 -2358.892
 10   9    928.9    310.1   0.0376   0.7528   0.0500   0.6499 -2372.078
 11   1    930.6    308.4   0.2794   5.5886   0.0500   4.8024 -2820.788
 11   2    932.4    306.6   0.1721   3.4421   0.0500   2.9443 -2688.651
 11   3    926.6    312.4   0.0860   1.7195   0.0500   1.4934 -2591.900
 11   4    929.1    309.9   0.0786   1.5713   0.0500   1.3559 -2539.800
 11   5    930.3    308.7   0.0378   0.7568   0.0500   0.6508 -2349.227
 11   6    930.3    308.7   0.0378   0.7568   0.0500   0.6508 -2349.227
 11   7    929.7    309.3   0.0389   0.7776   0.0500   0.6699 -2356.049
 11   8    929.7    309.3   0.0389   0.7776   0.0500   0.6699 -2356.049
 11   9    928.9    310.1   0.0376   0.7516   0.0500   0.6489 -2369.238
 11  10    928.4    310.6   0.0003   0.0060   0.0500   0.0052 -1678.647
 12   1    929.9    309.1   0.4035   8.0707   0.0500   6.9484 -2951.463
 12   2    931.4    307.6   0.4128   8.2565   0.0500   7.0800 -2958.760
 12   3    925.9    313.1   0.4118   8.2351   0.0500   7.1671 -2974.816
 12   4    928.2    310.8   0.4103   8.2055   0.0500   7.0973 -2958.930
 12   5    929.4    309.6   0.4008   8.0167   0.0500   6.9123 -2950.073
 12   6    929.4    309.6   0.4008   8.0167   0.0500   6.9123 -2950.073
 12   7    928.7    310.3   0.4146   8.2913   0.0500   7.1615 -2965.035
 12   8    928.7    310.3   0.4146   8.2913   0.0500   7.1615 -2965.035
 12   9    928.0    311.0   0.4000   7.9993   0.0500   6.9218 -2948.547
 12  10    927.6    311.4   0.3790   7.5803   0.0500   6.5676 -2933.878
 12  11    927.6    311.4   0.3773   7.5454   0.0500   6.5373 -2932.299
 13   1    925.5    313.5   0.4023   8.0460   0.0500   7.0087 -2967.297
 13   2    926.9    312.1   0.4192   8.3838   0.0500   7.2759 -2982.222
 13   3    921.4    317.6   0.3886   7.7727   0.0500   6.8447 -2974.827
 13   4    923.7    315.3   0.4005   8.0103   0.0500   7.0117 -2974.226
 13   5    924.8    314.2   0.3691   7.3824   0.0500   6.4429 -2943.272
 13   6    924.8    314.2   0.3691   7.3824   0.0500   6.4429 -2943.272
 13   7    924.1    314.9   0.4011   8.0227   0.0500   7.0137 -2973.288
 13   8    924.1    314.9   0.4011   8.0227   0.0500   7.0137 -2973.288
 13   9    923.5    315.5   0.3609   7.2174   0.0500   6.3200 -2938.036
 13  10    923.0    316.0   0.3779   7.5582   0.0500   6.6269 -2951.082
 13  11    923.0    316.0   0.3761   7.5225   0.0500   6.5956 -2949.504
 13  12    922.2    316.8   0.1385   2.7709   0.0500   2.4351 -2665.827
 14   1    927.2    311.8   0.4088   8.1755   0.0500   7.0891 -2967.779
 14   2    928.7    310.3   0.4191   8.3823   0.0500   7.2402 -2978.455
 14   3    923.1    315.9   0.3941   7.8828   0.0500   6.9098 -2973.460
 14   4    925.5    313.5   0.4127   8.2545   0.0500   7.1915 -2978.288
 14   5    926.6    312.4   0.3925   7.8498   0.0500   6.8179 -2957.242
 14   6    926.6    312.4   0.3925   7.8498   0.0500   6.8179 -2957.242
 14   7    926.0    313.0   0.4244   8.4879   0.0500   7.3848 -2985.314
 14   8    926.0    313.0   0.4244   8.4879   0.0500   7.3848 -2985.314
 14   9    925.3    313.7   0.3814   7.6284   0.0500   6.6486 -2950.731
 14  10    924.8    314.2   0.3918   7.8356   0.0500   6.8379 -2954.854
 14  11    924.8    314.2   0.3900   7.7995   0.0500   6.8064 -2953.303
 14  12    923.9    315.1   0.1432   2.8647   0.0500   2.5060 -2664.375
 14  13    919.5    319.5   0.0105   0.2110   0.0500   0.1867 -2049.347
 15   1    926.3    312.7   0.4059   8.1188   0.0500   7.0575 -2968.419
 15   2    927.7    311.3   0.4249   8.4975   0.0500   7.3585 -2986.649
 15   3    922.2    316.8   0.3960   7.9200   0.0500   6.9598 -2977.260
 15   4    924.5    314.5   0.3990   7.9799   0.0500   6.9700 -2969.183
 15   5    925.6    313.4   0.3981   7.9619   0.0500   6.9333 -2967.065
 15   6    925.6    313.4   0.3981   7.9619   0.0500   6.9333 -2967.065
 15   7    925.0    314.0   0.4103   8.2056   0.0500   7.1577 -2978.742
 15   8    925.0    314.0   0.4103   8.2056   0.0500   7.1577 -2978.742
 15   9    924.3    314.7   0.3789   7.5777   0.0500   6.6213 -2952.304
 15  10    923.9    315.1   0.3793   7.5861   0.0500   6.6370 -2950.874
 15  11    923.9    315.1   0.3775   7.5502   0.0500   6.6057 -2949.294
 15  12    923.0    316.0   0.1281   2.5628   0.0500   2.2475 -2649.937
 15  13    918.5    320.5   0.0106   0.2130   0.0500   0.1889 -2053.301
 15  14    920.2    318.8   0.0056   0.1120   0.0500   0.0989 -1903.733
 16   1    926.2    312.8   0.4040   8.0802   0.0500   7.0268 -2966.890
 16   2    927.6    311.4   0.4226   8.4512   0.0500   7.3215 -2984.971
 16   3    922.0    317.0   0.3941   7.8811   0.0500   6.9285 -2975.771
 16   4    924.3    314.7   0.3988   7.9761   0.0500   6.9696 -2969.554
 16   5    925.5    313.5   0.3962   7.9238   0.0500   6.9031 -2965.555
 16   6    925.5    313.5   0.3962   7.9238   0.0500   6.9031 -2965.555
 16   7    924.8    314.2   0.4093   8.1870   0.0500   7.1446 -2978.856
 16   8    924.8    314.2   0.4093   8.1870   0.0500   7.1446 -2978.856
 16   9    924.2    314.8   0.3770   7.5406   0.0500   6.5917 -2950.750
 16  10    923.7    315.3   0.3775   7.5493   0.0500   6.6076 -2949.313
 16  11    923.7    315.3   0.3757   7.5135   0.0500   6.5763 -2947.730
 16  12    922.8    316.2   0.1271   2.5412   0.0500   2.2295 -2650.013
 16  13    918.4    320.6   0.0105   0.2094   0.0500   0.1858 -2048.152
 16  14    920.1    318.9   0.0054   0.1088   0.0500   0.0961 -1897.937
 16  15    919.2    319.8   0.0001   0.0029   0.0500   0.0025 -1686.504
 17   1    926.2    312.8   0.4040   8.0802   0.0500   7.0268 -2966.890
 17   2    927.6    311.4   0.4226   8.4512   0.0500   7.3215 -2984.971
 17   3    922.0    317.0   0.3941   7.8811   0.0500   6.9285 -2975.771
 17   4    924.3    314.7   0.3988   7.9761   0.0500   6.9696 -2969.554
 17   5    925.5    313.5   0.3962   7.9238   0.0500   6.9031 -2965.555
 17   6    925.5    313.5   0.3962   7.9238   0.0500   6.9031 -2965.555
 17   7    924.8    314.2   0.4093   8.1870   0.0500   7.1446 -2978.856
 17   8    924.8    314.2   0.4093   8.1870   0.0500   7.1446 -2978.856
 17   9    924.2    314.8   0.3770   7.5406   0.0500   6.5917 -2950.750
 17  10    923.7    315.3   0.3775   7.5493   0.0500   6.6076 -2949.313
 17  11    923.7    315.3   0.3757   7.5135   0.0500   6.5763 -2947.730
 17  12    922.8    316.2   0.1271   2.5412   0.0500   2.2295 -2650.013
 17  13    918.4    320.6   0.0105   0.2094   0.0500   0.1858 -2048.152
 17  14    920.1    318.9   0.0054   0.1088   0.0500   0.0961 -1897.937
 17  15    919.2    319.8   0.0001   0.0029   0.0500   0.0025 -1686.504
 17  16    919.0    320.0   0.0000   0.0000   0.0500   0.0000 -1676.045
 18   1    928.9    310.1   0.3954   7.9081   0.0500   6.8276 -2946.972
 18   2    930.5    308.5   0.4438   8.8751   0.0500   7.6301 -2991.281
 18   3    924.8    314.2   0.4100   8.1998   0.0500   7.1558 -2982.024
 18   4    927.2    311.8   0.4141   8.2810   0.0500   7.1813 -2971.513
 18   5    928.4    310.6   0.4171   8.3419   0.0500   7.2106 -2971.531
 18   6    928.4    310.6   0.4171   8.3419   0.0500   7.2106 -2971.531
 18   7    927.8    311.2   0.4233   8.4668   0.0500   7.3313 -2977.479
 18   8    927.8    311.2   0.4233   8.4668   0.0500   7.3313 -2977.479
 18   9    927.0    312.0   0.4132   8.2643   0.0500   7.1698 -2971.590
 18  10    926.6    312.4   0.4106   8.2123   0.0500   7.1337 -2969.246
 18  11    926.6    312.4   0.4088   8.1751   0.0500   7.1014 -2967.722
 18  12    925.6    313.4   0.1665   3.3293   0.0500   2.8994 -2697.766
 18  13    921.1    317.9   0.1492   2.9847   0.0500   2.6303 -2705.249
 18  14    922.9    316.1   0.1633   3.2660   0.0500   2.8648 -2708.375
 18  15    921.9    317.1   0.1480   2.9594   0.0500   2.6024 -2698.203
 18  16    921.8    317.2   0.1455   2.9092   0.0500   2.5593 -2695.737
 18  17    921.8    317.2   0.1455   2.9092   0.0500   2.5593 -2695.737
 19   1    932.6    306.4   0.4205   8.4090   0.0500   7.1874 -2954.376
 19   2    934.2    304.8   0.4170   8.3401   0.0500   7.0991 -2953.740
 19   3    928.6    310.4   0.4258   8.5153   0.0500   7.3574 -2975.252
 19   4    930.9    308.1   0.4308   8.6163   0.0500   7.3983 -2968.642
 19   5    932.1    306.9   0.4070   8.1394   0.0500   6.9669 -2943.468
 19   6    932.1    306.9   0.4070   8.1394   0.0500   6.9669 -2943.468
 19   7    931.5    307.5   0.4237   8.4746   0.0500   7.2663 -2965.462
 19   8    931.5    307.5   0.4237   8.4746   0.0500   7.2663 -2965.462
 19   9    930.8    308.2   0.4000   7.9998   0.0500   6.8722 -2941.454
 19  10    930.3    308.7   0.3806   7.6113   0.0500   6.5467 -2926.768
 19  11    930.3    308.7   0.3788   7.5756   0.0500   6.5160 -2925.211
 19  12    929.4    309.6   0.1708   3.4155   0.0500   2.9444 -2687.632
 19  13    925.0    314.0   0.1729   3.4572   0.0500   3.0155 -2721.357
 19  14    926.7    312.3   0.1594   3.1871   0.0500   2.7673 -2700.960
 19  15    925.8    313.2   0.1301   2.6021   0.0500   2.2649 -2679.788
 19  16    925.6    313.4   0.1275   2.5508   0.0500   2.2212 -2677.186
 19  17    925.6    313.4   0.1275   2.5508   0.0500   2.2212 -2677.186
 19  18    928.4    310.6   0.0747   1.4946   0.0500   1.2920 -2575.513
 20   1    931.9    307.1   0.3845   7.6898   0.0500   6.5848 -2932.535
 20   2    933.5    305.5   0.3989   7.9790   0.0500   6.8037 -2946.798
 20   3    927.9    311.1   0.3726   7.4511   0.0500   6.4496 -2940.714
 20   4    930.3    308.7   0.3503   7.0064   0.0500   6.0266 -2907.627
 20   5    931.5    307.5   0.3784   7.5678   0.0500   6.4888 -2926.056
 20   6    931.5    307.5   0.3784   7.5678   0.0500   6.4888 -2926.056
 20   7    930.8    308.2   0.3815   7.6309   0.0500   6.5542 -2933.046
 20   8    930.8    308.2   0.3815   7.6309   0.0500   6.5542 -2933.046
 20   9    930.1    308.9   0.3544   7.0872   0.0500   6.0990 -2910.941
 20  10    929.6    309.4   0.3688   7.3765   0.0500   6.3559 -2926.883
 20  11    929.6    309.4   0.3671   7.3411   0.0500   6.3255 -2925.282
 20  12    928.7    310.3   0.2777   5.5538   0.0500   4.7966 -2833.995
 20  13    924.3    314.7   0.2942   5.8831   0.0500   5.1413 -2868.429
 20  14    926.0    313.0   0.2868   5.7364   0.0500   4.9900 -2855.474
 20  15    925.1    313.9   0.2749   5.4980   0.0500   4.7946 -2845.753
 20  16    924.9    314.1   0.2731   5.4610   0.0500   4.7644 -2843.875
 20  17    924.9    314.1   0.2731   5.4610   0.0500   4.7644 -2843.875
 20  18    927.7    311.3   0.2618   5.2369   0.0500   4.5351 -2824.330
 20  19    931.5    307.5   0.2788   5.5764   0.0500   4.7806 -2832.474
 21   1    929.8    309.2   0.4090   8.1804   0.0500   7.0453 -2949.570
 21   2    931.3    307.7   0.3934   7.8678   0.0500   6.7495 -2940.366
 21   3    925.7    313.3   0.4151   8.3014   0.0500   7.2278 -2982.211
 21   4    928.0    311.0   0.4019   8.0386   0.0500   6.9562 -2962.849
 21   5    929.1    309.9   0.3875   7.7504   0.0500   6.6866 -2939.533
 21   6    929.1    309.9   0.3875   7.7504   0.0500   6.6866 -2939.533
 21   7    928.5    310.5   0.3923   7.8457   0.0500   6.7804 -2948.532
 21   8    928.5    310.5   0.3923   7.8457   0.0500   6.7804 -2948.532
 21   9    927.8    311.2   0.3805   7.6099   0.0500   6.5884 -2941.011
 21  10    927.4    311.6   0.3908   7.8169   0.0500   6.7762 -2953.918
 21  11    927.4    311.6   0.3892   7.7830   0.0500   6.7468 -2952.466
 21  12    926.6    312.4   0.3281   6.5627   0.0500   5.7003 -2893.363
 21  13    922.2    316.8   0.3320   6.6398   0.0500   5.8345 -2920.519
 21  14    923.9    315.1   0.3308   6.6170   0.0500   5.7885 -2915.926
 21  15    923.0    316.0   0.3281   6.5610   0.0500   5.7536 -2916.461
 21  16    922.8    316.2   0.3262   6.5232   0.0500   5.7227 -2914.786
 21  17    922.8    316.2   0.3262   6.5232   0.0500   5.7227 -2914.786
 21  18    925.5    313.5   0.3341   6.6814   0.0500   5.8200 -2906.966
 21  19    929.4    309.6   0.3203   6.4051   0.0500   5.5226 -2881.250
 21  20    928.7    310.3   0.1548   3.0964   0.0500   2.6748 -2696.625
 22   1    932.8    306.2   0.3822   7.6439   0.0500   6.5303 -2928.239
 22   2    934.3    304.7   0.3823   7.6458   0.0500   6.5063 -2928.948
 22   3    928.8    310.2   0.3806   7.6111   0.0500   6.5729 -2946.998
 22   4    931.1    307.9   0.3717   7.4348   0.0500   6.3813 -2928.391
 22   5    932.3    306.7   0.3677   7.3548   0.0500   6.2927 -2917.788
 22   6    932.3    306.7   0.3677   7.3548   0.0500   6.2927 -2917.788
 22   7    931.6    307.4   0.3603   7.2051   0.0500   6.1754 -2917.589
 22   8    931.6    307.4   0.3603   7.2051   0.0500   6.1754 -2917.589
 22   9    930.9    308.1   0.3674   7.3480   0.0500   6.3089 -2920.392
 22  10    930.5    308.5   0.3666   7.3325   0.0500   6.3037 -2922.100
 22  11    930.5    308.5   0.3650   7.3000   0.0500   6.2758 -2920.569
 22  12    929.5    309.5   0.3019   6.0387   0.0500   5.2055 -2857.410
 22  13    925.0    314.0   0.2920   5.8392   0.0500   5.0931 -2863.138
 22  14    926.8    312.2   0.3031   6.0614   0.0500   5.2625 -2870.047
 22  15    925.8    313.2   0.2923   5.8452   0.0500   5.0875 -2861.734
 22  16    925.7    313.3   0.2904   5.8090   0.0500   5.0580 -2859.906
 22  17    925.7    313.3   0.2904   5.8090   0.0500   5.0580 -2859.906
 22  18    928.5    310.5   0.2892   5.7834   0.0500   4.9985 -2852.937
 22  19    932.3    306.7   0.3069   6.1375   0.0500   5.2509 -2859.550
 22  20    931.6    307.4   0.1001   2.0013   0.0500   1.7154 -2614.755
 22  21    929.5    309.5   0.2020   4.0401   0.0500   3.4825 -2740.693
 23   1    932.7    306.3   0.3952   7.9048   0.0500   6.7559 -2939.670
 23   2    934.1    304.9   0.3783   7.5668   0.0500   6.4416 -2925.454
 23   3    928.6    310.4   0.3748   7.4968   0.0500   6.4769 -2941.615
 23   4    930.9    308.1   0.3758   7.5159   0.0500   6.4535 -2932.688
 23   5    932.1    306.9   0.3713   7.4264   0.0500   6.3567 -2920.334
 23   6    932.1    306.9   0.3713   7.4264   0.0500   6.3567 -2920.334
 23   7    931.4    307.6   0.3681   7.3627   0.0500   6.3132 -2922.032
 23   8    931.4    307.6   0.3681   7.3627   0.0500   6.3132 -2922.032
 23   9    930.8    308.2   0.3666   7.3325   0.0500   6.2985 -2919.931
 23  10    930.3    308.7   0.3750   7.5003   0.0500   6.4509 -2929.277
 23  11    930.3    308.7   0.3734   7.4674   0.0500   6.4226 -2927.771
 23  12    929.3    309.7   0.3090   6.1804   0.0500   5.3293 -2867.273
 23  13    924.9    314.1   0.2957   5.9145   0.0500   5.1602 -2868.128
 23  14    926.7    312.3   0.2943   5.8866   0.0500   5.1123 -2863.638
 23  15    925.7    313.3   0.2907   5.8134   0.0500   5.0614 -2862.430
 23  16    925.6    313.4   0.2889   5.7771   0.0500   5.0318 -2860.602
 23  17    925.6    313.4   0.2889   5.7771   0.0500   5.0318 -2860.602
 23  18    928.3    310.7   0.2943   5.8863   0.0500   5.0893 -2857.931
 23  19    932.1    306.9   0.3019   6.0379   0.0500   5.1675 -2854.559
 23  20    931.5    307.5   0.1078   2.1557   0.0500   1.8483 -2622.861
 23  21    929.3    309.7   0.1976   3.9510   0.0500   3.4069 -2739.343
 23  22    932.1    306.9   0.0038   0.0762   0.0500   0.0652 -1823.505
 24   1    933.1    305.9   0.3919   7.8370   0.0500   6.6909 -2932.574
 24   2    934.5    304.5   0.3723   7.4460   0.0500   6.3320 -2921.570
 24   3    929.0    310.0   0.3546   7.0916   0.0500   6.1205 -2923.737
 24   4    931.3    307.7   0.3655   7.3099   0.0500   6.2701 -2922.703
 24   5    932.5    306.5   0.3611   7.2221   0.0500   6.1756 -2915.025
 24   6    932.5    306.5   0.3611   7.2221   0.0500   6.1756 -2915.025
 24   7    931.8    307.2   0.3789   7.5770   0.0500   6.4903 -2933.702
 24   8    931.8    307.2   0.3789   7.5770   0.0500   6.4903 -2933.702
 24   9    931.2    307.8   0.3488   6.9766   0.0500   5.9867 -2908.946
 24  10    930.7    308.3   0.3724   7.4474   0.0500   6.3988 -2930.305
 24  11    930.7    308.3   0.3707   7.4145   0.0500   6.3705 -2928.805
 24  12    929.8    309.2   0.2838   5.6757   0.0500   4.8884 -2837.143
 24  13    925.4    313.6   0.2831   5.6623   0.0500   4.9343 -2852.823
 24  14    927.1    311.9   0.3028   6.0554   0.0500   5.2528 -2868.691
 24  15    926.2    312.8   0.2915   5.8295   0.0500   5.0695 -2861.151
 24  16    926.0    313.0   0.2897   5.7938   0.0500   5.0405 -2859.293
 24  17    926.0    313.0   0.2897   5.7938   0.0500   5.0405 -2859.293
 24  18    928.8    310.2   0.3003   6.0050   0.0500   5.1861 -2856.185
 24  19    932.6    306.4   0.3065   6.1310   0.0500   5.2413 -2854.267
 24  20    931.9    307.1   0.1598   3.1967   0.0500   2.7378 -2683.187
 24  21    929.8    309.2   0.2106   4.2121   0.0500   3.6280 -2750.556
 24  22    932.6    306.4   0.0915   1.8302   0.0500   1.5646 -2577.726
 24  23    932.5    306.5   0.0999   1.9979   0.0500   1.7085 -2590.400
 25   1    932.3    306.7   0.3792   7.5840   0.0500   6.4880 -2919.219
 25   2    933.9    305.1   0.3727   7.4546   0.0500   6.3500 -2919.611
 25   3    928.3    310.7   0.3825   7.6494   0.0500   6.6146 -2949.732
 25   4    930.7    308.3   0.3934   7.8688   0.0500   6.7612 -2948.933
 25   5    931.9    307.1   0.3500   7.0008   0.0500   5.9953 -2903.825
 25   6    931.9    307.1   0.3500   7.0008   0.0500   5.9953 -2903.825
 25   7    931.3    307.7   0.3653   7.3059   0.0500   6.2676 -2920.124
 25   8    931.3    307.7   0.3653   7.3059   0.0500   6.2676 -2920.124
 25   9    930.5    308.5   0.3451   6.9028   0.0500   5.9335 -2901.623
 25  10    930.0    309.0   0.3534   7.0674   0.0500   6.0827 -2914.531
 25  11    930.0    309.0   0.3517   7.0349   0.0500   6.0547 -2912.935
 25  12    929.0    310.0   0.3323   6.6464   0.0500   5.7362 -2892.448
 25  13    924.5    314.5   0.3117   6.2331   0.0500   5.4443 -2884.503
 25  14    926.3    312.7   0.3092   6.1848   0.0500   5.3765 -2878.115
 25  15    925.3    313.7   0.3027   6.0539   0.0500   5.2763 -2876.353
 25  16    925.2    313.8   0.3009   6.0171   0.0500   5.2464 -2874.567
 25  17    925.2    313.8   0.3009   6.0171   0.0500   5.2464 -2874.567
 25  18    928.1    310.9   0.3134   6.2673   0.0500   5.4228 -2874.965
 25  19    931.8    307.2   0.2881   5.7622   0.0500   4.9360 -2837.767
 25  20    931.2    307.8   0.1792   3.5838   0.0500   3.0754 -2704.592
 25  21    928.9    310.1   0.1915   3.8293   0.0500   3.3056 -2737.242
 25  22    931.8    307.2   0.0963   1.9270   0.0500   1.6506 -2605.401
 25  23    931.7    307.3   0.0982   1.9643   0.0500   1.6831 -2607.862
 25  24    932.1    306.9   0.0489   0.9773   0.0500   0.8365 -2434.398
 26   1    931.3    307.7   0.4007   8.0149   0.0500   6.8755 -2935.530
 26   2    932.7    306.3   0.3413   6.8264   0.0500   5.8337 -2890.873
 26   3    927.2    311.8   0.3710   7.4192   0.0500   6.4344 -2932.377
 26   4    929.5    309.5   0.3917   7.8331   0.0500   6.7522 -2943.633
 26   5    930.6    308.4   0.3526   7.0524   0.0500   6.0614 -2909.297
 26   6    930.6    308.4   0.3526   7.0524   0.0500   6.0614 -2909.297
 26   7    929.9    309.1   0.3739   7.4775   0.0500   6.4377 -2933.250
 26   8    929.9    309.1   0.3739   7.4775   0.0500   6.4377 -2933.250
 26   9    929.3    309.7   0.3705   7.4090   0.0500   6.3897 -2925.562
 26  10    928.8    310.2   0.3583   7.1654   0.0500   6.1874 -2917.996
 26  11    928.8    310.2   0.3567   7.1330   0.0500   6.1595 -2916.488
 26  12    928.1    310.9   0.2711   5.4230   0.0500   4.6920 -2820.460
 26  13    923.7    315.3   0.3000   5.9995   0.0500   5.2510 -2868.085
 26  14    925.4    313.6   0.3054   6.1080   0.0500   5.3223 -2864.074
 26  15    924.5    314.5   0.2900   5.7997   0.0500   5.0660 -2851.747
 26  16    924.3    314.7   0.2882   5.7648   0.0500   5.0374 -2849.940
 26  17    924.3    314.7   0.2882   5.7648   0.0500   5.0374 -2849.940
 26  18    927.0    312.0   0.2858   5.7153   0.0500   4.9592 -2846.154
 26  19    930.8    308.2   0.2775   5.5504   0.0500   4.7670 -2822.309
 26  20    930.1    308.9   0.1837   3.6747   0.0500   3.1621 -2714.687
 26  21    928.1    310.9   0.1731   3.4626   0.0500   2.9959 -2704.117
 26  22    930.9    308.1   0.1542   3.0839   0.0500   2.6481 -2673.461
 26  23    930.8    308.2   0.1671   3.3416   0.0500   2.8703 -2687.962
 26  24    931.2    307.8   0.1618   3.2366   0.0500   2.7770 -2674.500
 26  25    930.4    308.6   0.1609   3.2182   0.0500   2.7675 -2684.295
 27   1    931.3    307.7   0.4007   8.0149   0.0500   6.8755 -2935.530
 27   2    932.7    306.3   0.3413   6.8264   0.0500   5.8337 -2890.873
 27   3    927.2    311.8   0.3710   7.4192   0.0500   6.4344 -2932.377
 27   4    929.5    309.5   0.3917   7.8331   0.0500   6.7522 -2943.633
 27   5    930.6    308.4   0.3526   7.0524   0.0500   6.0614 -2909.297
 27   6    930.6    308.4   0.3526   7.0524   0.0500   6.0614 -2909.297
 27   7    929.9    309.1   0.3739   7.4775   0.0500   6.4377 -2933.250
 27   8    929.9    309.1   0.3739   7.4775   0.0500   6.4377 -2933.250
 27   9    929.3    309.7   0.3705   7.4090   0.0500   6.3897 -2925.562
 27  10    928.8    310.2   0.3583   7.1654   0.0500   6.1874 -2917.996
 27  11    928.8    310.2   0.3567   7.1330   0.0500   6.1595 -2916.488
 27  12    928.1    310.9   0.2711   5.4230   0.0500   4.6920 -2820.460
 27  13    923.7    315.3   0.3000   5.9995   0.0500   5.2510 -2868.085
 27  14    925.4    313.6   0.3054   6.1080   0.0500   5.3223 -2864.074
 27  15    924.5    314.5   0.2900   5.7997   0.0500   5.0660 -2851.747
 27  16    924.3    314.7   0.2882   5.7648   0.0500   5.0374 -2849.940
 27  17    924.3    314.7   0.2882   5.7648   0.0500   5.0374 -2849.940
 27  18    927.0    312.0   0.2858   5.7153   0.0500   4.9592 -2846.154
 27  19    930.8    308.2   0.2775   5.5504   0.0500   4.7670 -2822.309
 27  20    930.1    308.9   0.1837   3.6747   0.0500   3.1621 -2714.687
 27  21    928.1    310.9   0.1731   3.4626   0.0500   2.9959 -2704.117
 27  22    930.9    308.1   0.1542   3.0839   0.0500   2.6481 -2673.461
 27  23    930.8    308.2   0.1671   3.3416   0.0500   2.8703 -2687.962
 27  24    931.2    307.8   0.1618   3.2366   0.0500   2.7770 -2674.500
 27  25    930.4    308.6   0.1609   3.2182   0.0500   2.7675 -2684.295
 27  26    929.6    309.4   0.0000   0.0000   0.0500   0.0000 -1662.231
 28   1    930.0    309.0   0.4127   8.2550   0.0500   7.1056 -2956.402
 28   2    931.5    307.5   0.3797   7.5933   0.0500   6.5091 -2935.336
 28   3    925.9    313.1   0.3851   7.7017   0.0500   6.7015 -2952.955
 28   4    928.3    310.7   0.3767   7.5349   0.0500   6.5157 -2938.103
 28   5    929.4    309.6   0.3808   7.6159   0.0500   6.5654 -2932.789
 28   6    929.4    309.6   0.3808   7.6159   0.0500   6.5654 -2932.789
 28   7    928.8    310.2   0.3774   7.5486   0.0500   6.5185 -2934.909
 28   8    928.8    310.2   0.3774   7.5486   0.0500   6.5185 -2934.909
 28   9    928.1    310.9   0.3502   7.0049   0.0500   6.0605 -2909.650
 28  10    927.6    311.4   0.3591   7.1812   0.0500   6.2208 -2923.376
 28  11    927.6    311.4   0.3574   7.1484   0.0500   6.1924 -2921.839
 28  12    926.9    312.1   0.2926   5.8520   0.0500   5.0794 -2854.019
 28  13    922.4    316.6   0.3236   6.4723   0.0500   5.6838 -2903.325
 28  14    924.2    314.8   0.3179   6.3582   0.0500   5.5583 -2890.276
 28  15    923.2    315.8   0.3111   6.2214   0.0500   5.4522 -2886.722
 28  16    923.1    315.9   0.3118   6.2365   0.0500   5.4676 -2887.529
 28  17    923.1    315.9   0.3118   6.2365   0.0500   5.4676 -2887.529
 28  18    925.8    313.2   0.3269   6.5375   0.0500   5.6904 -2891.116
 28  19    929.6    309.4   0.3169   6.3383   0.0500   5.4615 -2872.395
 28  20    928.9    310.1   0.2164   4.3284   0.0500   3.7366 -2774.288
 28  21    926.8    312.2   0.2410   4.8195   0.0500   4.1843 -2806.065
 28  22    929.8    309.2   0.2160   4.3207   0.0500   3.7216 -2768.212
 28  23    929.6    309.4   0.2222   4.4447   0.0500   3.8298 -2775.133
 28  24    930.0    309.0   0.2274   4.5486   0.0500   3.9151 -2771.761
 28  25    929.2    309.8   0.2201   4.4025   0.0500   3.7973 -2770.814
 28  26    928.3    310.7   0.2217   4.4342   0.0500   3.8345 -2763.930
 28  27    928.3    310.7   0.2217   4.4342   0.0500   3.8345 -2763.930
 29   1    930.9    308.1   0.4257   8.5138   0.0500   7.3099 -2968.023
 29   2    932.5    306.5   0.3811   7.6227   0.0500   6.5181 -2936.688
 29   3    926.9    312.1   0.4090   8.1793   0.0500   7.0992 -2977.660
 29   4    929.2    309.8   0.4049   8.0977   0.0500   6.9848 -2964.209
 29   5    930.4    308.6   0.3856   7.7111   0.0500   6.6309 -2940.414
 29   6    930.4    308.6   0.3856   7.7111   0.0500   6.6309 -2940.414
 29   7    929.7    309.3   0.4030   8.0591   0.0500   6.9420 -2957.265
 29   8    929.7    309.3   0.4030   8.0591   0.0500   6.9420 -2957.265
 29   9    929.0    310.0   0.3705   7.4108   0.0500   6.3955 -2929.646
 29  10    928.6    310.4   0.3861   7.7222   0.0500   6.6726 -2947.615
 29  11    928.6    310.4   0.3844   7.6879   0.0500   6.6430 -2946.145
 29  12    927.8    311.2   0.3256   6.5130   0.0500   5.6396 -2885.883
 29  13    923.3    315.7   0.3412   6.8247   0.0500   5.9789 -2921.039
 29  14    925.1    313.9   0.3605   7.2101   0.0500   6.2880 -2932.793
 29  15    924.1    314.9   0.3548   7.0968   0.0500   6.2046 -2930.058
 29  16    924.0    315.0   0.3547   7.0932   0.0500   6.2039 -2930.349
 29  17    924.0    315.0   0.3547   7.0932   0.0500   6.2039 -2930.349
 29  18    926.7    312.3   0.3420   6.8405   0.0500   5.9397 -2910.514
 29  19    930.5    308.5   0.3202   6.4047   0.0500   5.5052 -2873.676
 29  20    929.8    309.2   0.2256   4.5119   0.0500   3.8855 -2771.558
 29  21    927.7    311.3   0.2324   4.6489   0.0500   4.0262 -2780.988
 29  22    930.6    308.4   0.1753   3.5057   0.0500   3.0125 -2717.245
 29  23    930.5    308.5   0.1945   3.8910   0.0500   3.3448 -2739.922
 29  24    930.9    308.1   0.2252   4.5045   0.0500   3.8679 -2768.264
 29  25    930.1    308.9   0.2082   4.1634   0.0500   3.5825 -2752.448
 29  26    929.2    309.8   0.2007   4.0135   0.0500   3.4622 -2739.048
 29  27    929.2    309.8   0.2007   4.0135   0.0500   3.4622 -2739.048
 29  28    927.9    311.1   0.0829   1.6582   0.0500   1.4352 -2584.782
 30   1    930.9    308.1   0.4257   8.5138   0.0500   7.3099 -2968.023
 30   2    932.5    306.5   0.3811   7.6227   0.0500   6.5181 -2936.688
 30   3    926.9    312.1   0.4090   8.1793   0.0500   7.0992 -2977.660
 30   4    929.2    309.8   0.4049   8.0977   0.0500   6.9848 -2964.209
 30   5    930.4    308.6   0.3856   7.7111   0.0500   6.6309 -2940.414
 30   6    930.4    308.6   0.3856   7.7111   0.0500   6.6309 -2940.414
 30   7    929.7    309.3   0.4030   8.0591   0.0500   6.9420 -2957.265
 30   8    929.7    309.3   0.4030   8.0591   0.0500   6.9420 -2957.265
 30   9    929.0    310.0   0.3705   7.4108   0.0500   6.3955 -2929.646
 30  10    928.6    310.4   0.3861   7.7222   0.0500   6.6726 -2947.615
 30  11    928.6    310.4   0.3844   7.6879   0.0500   6.6430 -2946.145
 30  12    927.8    311.2   0.3256   6.5130   0.0500   5.6396 -2885.883
 30  13    923.3    315.7   0.3412   6.8247   0.0500   5.9789 -2921.039
 30  14    925.1    313.9   0.3605   7.2101   0.0500   6.2880 -2932.793
 30  15    924.1    314.9   0.3548   7.0968   0.0500   6.2046 -2930.058
 30  16    924.0    315.0   0.3547   7.0932   0.0500   6.2039 -2930.349
 30  17    924.0    315.0   0.3547   7.0932   0.0500   6.2039 -2930.349
 30  18    926.7    312.3   0.3420   6.8405   0.0500   5.9397 -2910.514
 30  19    930.5    308.5   0.3202   6.4047   0.0500   5.5052 -2873.676
 30  20    929.8    309.2   0.2256   4.5119   0.0500   3.8855 -2771.558
 30  21    927.7    311.3   0.2324   4.6489   0.0500   4.0262 -2780.988
 30  22    930.6    308.4   0.1753   3.5057   0.0500   3.0125 -2717.245
 30  23    930.5    308.5   0.1945   3.8910   0.0500   3.3448 -2739.922
 30  24    930.9    308.1   0.2252   4.5045   0.0500   3.8679 -2768.264
 30  25    930.1    308.9   0.2082   4.1634   0.0500   3.5825 -2752.448
 30  26    929.2    309.8   0.2007   4.0135   0.0500   3.4622 -2739.048
 30  27    929.2    309.8   0.2007   4.0135   0.0500   3.4622 -2739.048
 30  28    927.9    311.1   0.0829   1.6582   0.0500   1.4352 -2584.782
 30  29    928.9    310.1   0.0000   0.0000   0.0500   0.0000 -1663.439
 31   1    931.2    307.8   0.4660   9.3193   0.0500   7.9955 -2993.739
 31   2    932.7    306.3   0.4117   8.2334   0.0500   7.0355 -2957.655
 31   3    927.2    311.8   0.4159   8.3181   0.0500   7.2144 -2977.320
 31   4    929.5    309.5   0.4344   8.6879   0.0500   7.4885 -2979.402
 31   5    930.6    308.4   0.4380   8.7592   0.0500   7.5267 -2974.629
 31   6    930.6    308.4   0.4380   8.7592   0.0500   7.5267 -2974.629
 31   7    930.0    309.0   0.4357   8.7147   0.0500   7.5013 -2977.971
 31   8    930.0    309.0   0.4357   8.7147   0.0500   7.5013 -2977.971
 31   9    929.3    309.7   0.4113   8.2269   0.0500   7.0944 -2959.728
 31  10    928.8    310.2   0.4338   8.6766   0.0500   7.4917 -2978.938
 31  11    928.8    310.2   0.4320   8.6405   0.0500   7.4605 -2977.573
 31  12    928.0    311.0   0.3268   6.5366   0.0500   5.6565 -2881.761
 31  13    923.6    315.4   0.3329   6.6571   0.0500   5.8286 -2905.694
 31  14    925.3    313.7   0.3259   6.5178   0.0500   5.6807 -2890.415
 31  15    924.4    314.6   0.3238   6.4767   0.0500   5.6589 -2892.094
 31  16    924.2    314.8   0.3220   6.4399   0.0500   5.6290 -2890.376
 31  17    924.2    314.8   0.3220   6.4399   0.0500   5.6290 -2890.376
 31  18    927.0    312.0   0.3224   6.4473   0.0500   5.5947 -2881.467
 31  19    930.8    308.2   0.3118   6.2358   0.0500   5.3565 -2859.920
 31  20    930.1    308.9   0.2355   4.7099   0.0500   4.0533 -2778.671
 31  21    928.0    311.0   0.2325   4.6508   0.0500   4.0251 -2782.605
 31  22    930.8    308.2   0.2397   4.7938   0.0500   4.1170 -2778.631
 31  23    930.7    308.3   0.2436   4.8729   0.0500   4.1864 -2784.998
 31  24    931.1    307.9   0.2634   5.2684   0.0500   4.5211 -2801.751
 31  25    930.4    308.6   0.2587   5.1739   0.0500   4.4492 -2806.072
 31  26    929.4    309.6   0.2039   4.0779   0.0500   3.5154 -2730.404
 31  27    929.4    309.6   0.2039   4.0779   0.0500   3.5154 -2730.404
 31  28    928.2    310.8   0.0981   1.9620   0.0500   1.6970 -2621.115
 31  29    929.1    309.9   0.1162   2.3244   0.0500   2.0055 -2640.755
 31  30    929.1    309.9   0.1162   2.3244   0.0500   2.0055 -2640.755
 32   1    933.8    305.2   0.4407   8.8140   0.0500   7.5092 -2971.068
 32   2    935.4    303.6   0.3953   7.9064   0.0500   6.7075 -2937.184
 32   3    929.8    309.2   0.4233   8.4669   0.0500   7.2913 -2978.073
 32   4    932.2    306.8   0.4162   8.3241   0.0500   7.1232 -2961.075
 32   5    933.4    305.6   0.4375   8.7495   0.0500   7.4625 -2970.766
 32   6    933.4    305.6   0.4375   8.7495   0.0500   7.4625 -2970.766
 32   7    932.8    306.2   0.4467   8.9340   0.0500   7.6333 -2979.637
 32   8    932.8    306.2   0.4467   8.9340   0.0500   7.6333 -2979.637
 32   9    932.1    306.9   0.4060   8.1209   0.0500   6.9519 -2949.333
 32  10    931.6    307.4   0.4248   8.4956   0.0500   7.2820 -2966.969
 32  11    931.6    307.4   0.4230   8.4599   0.0500   7.2514 -2965.554
 32  12    930.5    308.5   0.3163   6.3260   0.0500   5.4375 -2871.178
 32  13    926.0    313.0   0.3126   6.2518   0.0500   5.4383 -2882.329
 32  14    927.8    311.2   0.3090   6.1796   0.0500   5.3502 -2868.274
 32  15    926.9    312.1   0.3187   6.3736   0.0500   5.5323 -2880.739
 32  16    926.7    312.3   0.3168   6.3366   0.0500   5.5024 -2878.970
 32  17    926.7    312.3   0.3168   6.3366   0.0500   5.5024 -2878.970
 32  18    929.6    309.4   0.3332   6.6634   0.0500   5.7421 -2886.115
 32  19    933.3    305.7   0.3231   6.4618   0.0500   5.5127 -2870.401
 32  20    932.7    306.3   0.2475   4.9507   0.0500   4.2311 -2795.383
 32  21    930.5    308.5   0.2566   5.1318   0.0500   4.4117 -2812.353
 32  22    933.3    305.7   0.2031   4.0611   0.0500   3.4646 -2741.294
 32  23    933.2    305.8   0.2077   4.1536   0.0500   3.5447 -2749.413
 32  24    933.6    305.4   0.2347   4.6934   0.0500   4.0008 -2766.910
 32  25    933.0    306.0   0.2313   4.6260   0.0500   3.9503 -2774.693
 32  26    931.9    307.1   0.2022   4.0444   0.0500   3.4637 -2722.816
 32  27    931.9    307.1   0.2022   4.0444   0.0500   3.4637 -2722.816
 32  28    930.8    308.2   0.0877   1.7548   0.0500   1.5074 -2611.070
 32  29    931.7    307.3   0.0886   1.7724   0.0500   1.5188 -2602.914
 32  30    931.7    307.3   0.0886   1.7724   0.0500   1.5188 -2602.914
 32  31    931.9    307.1   0.0666   1.3325   0.0500   1.1412 -2527.432
 33   1    930.9    308.1   0.3758   7.5160   0.0500   6.4542 -2922.418
 33   2    932.3    306.7   0.3705   7.4104   0.0500   6.3390 -2922.131
 33   3    926.8    312.2   0.3739   7.4778   0.0500   6.4920 -2946.229
 33   4    929.1    309.9   0.3756   7.5117   0.0500   6.4818 -2935.809
 33   5    930.2    308.8   0.3585   7.1692   0.0500   6.1682 -2915.192
 33   6    930.2    308.8   0.3585   7.1692   0.0500   6.1682 -2915.192
 33   7    929.5    309.5   0.3717   7.4341   0.0500   6.4070 -2928.631
 33   8    929.5    309.5   0.3717   7.4341   0.0500   6.4070 -2928.631
 33   9    928.9    310.1   0.3584   7.1686   0.0500   6.1890 -2917.316
 33  10    928.4    310.6   0.3676   7.3513   0.0500   6.3547 -2930.759
 33  11    928.4    310.6   0.3659   7.3180   0.0500   6.3259 -2929.278
 33  12    927.7    311.3   0.3073   6.1467   0.0500   5.3230 -2868.676
 33  13    923.4    315.6   0.3069   6.1374   0.0500   5.3763 -2893.526
 33  14    925.1    313.9   0.3139   6.2775   0.0500   5.4748 -2893.102
 33  15    924.1    314.9   0.3058   6.1168   0.0500   5.3476 -2886.641
 33  16    924.0    315.0   0.3056   6.1128   0.0500   5.3461 -2886.892
 33  17    924.0    315.0   0.3056   6.1128   0.0500   5.3461 -2886.892
 33  18    926.6    312.4   0.3059   6.1179   0.0500   5.3135 -2866.539
 33  19    930.5    308.5   0.3065   6.1299   0.0500   5.2697 -2860.278
 33  20    929.8    309.2   0.1804   3.6072   0.0500   3.1070 -2706.133
 33  21    927.7    311.3   0.2075   4.1498   0.0500   3.5940 -2749.525
 33  22    930.6    308.4   0.1764   3.5281   0.0500   3.0320 -2716.329
 33  23    930.5    308.5   0.1836   3.6713   0.0500   3.1561 -2722.078
 33  24    930.9    308.1   0.1475   2.9494   0.0500   2.5327 -2665.739
 33  25    930.0    309.0   0.1388   2.7767   0.0500   2.3899 -2659.415
 33  26    929.2    309.8   0.1501   3.0023   0.0500   2.5897 -2674.313
 33  27    929.2    309.8   0.1501   3.0023   0.0500   2.5897 -2674.313
 33  28    927.9    311.1   0.2026   4.0524   0.0500   3.5079 -2737.152
 33  29    928.8    310.2   0.2158   4.3164   0.0500   3.7271 -2748.790
 33  30    928.8    310.2   0.2158   4.3164   0.0500   3.7271 -2748.790
 33  31    929.1    309.9   0.2022   4.0437   0.0500   3.4892 -2733.498
 33  32    931.6    307.4   0.2251   4.5025   0.0500   3.8594 -2766.919
 34   1    930.9    308.1   0.3758   7.5160   0.0500   6.4542 -2922.418
 34   2    932.3    306.7   0.3705   7.4104   0.0500   6.3390 -2922.131
 34   3    926.8    312.2   0.3739   7.4778   0.0500   6.4920 -2946.229
 34   4    929.1    309.9   0.3756   7.5117   0.0500   6.4818 -2935.809
 34   5    930.2    308.8   0.3585   7.1692   0.0500   6.1682 -2915.192
 34   6    930.2    308.8   0.3585   7.1692   0.0500   6.1682 -2915.192
 34   7    929.5    309.5   0.3717   7.4341   0.0500   6.4070 -2928.631
 34   8    929.5    309.5   0.3717   7.4341   0.0500   6.4070 -2928.631
 34   9    928.9    310.1   0.3584   7.1686   0.0500   6.1890 -2917.316
 34  10    928.4    310.6   0.3676   7.3513   0.0500   6.3547 -2930.759
 34  11    928.4    310.6   0.3659   7.3180   0.0500   6.3259 -2929.278
 34  12    927.7    311.3   0.3073   6.1467   0.0500   5.3230 -2868.676
 34  13    923.4    315.6   0.3069   6.1374   0.0500   5.3763 -2893.526
 34  14    925.1    313.9   0.3139   6.2775   0.0500   5.4748 -2893.102
 34  15    924.1    314.9   0.3058   6.1168   0.0500   5.3476 -2886.641
 34  16    924.0    315.0   0.3056   6.1128   0.0500   5.3461 -2886.892
 34  17    924.0    315.0   0.3056   6.1128   0.0500   5.3461 -2886.892
 34  18    926.6    312.4   0.3059   6.1179   0.0500   5.3135 -2866.539
 34  19    930.5    308.5   0.3065   6.1299   0.0500   5.2697 -2860.278
 34  20    929.8    309.2   0.1804   3.6072   0.0500   3.1070 -2706.133
 34  21    927.7    311.3   0.2075   4.1498   0.0500   3.5940 -2749.525
 34  22    930.6    308.4   0.1764   3.5281   0.0500   3.0320 -2716.329
 34  23    930.5    308.5   0.1836   3.6713   0.0500   3.1561 -2722.078
 34  24    930.9    308.1   0.1475   2.9494   0.0500   2.5327 -2665.739
 34  25    930.0    309.0   0.1388   2.7767   0.0500   2.3899 -2659.415
 34  26    929.2    309.8   0.1501   3.0023   0.0500   2.5897 -2674.313
 34  27    929.2    309.8   0.1501   3.0023   0.0500   2.5897 -2674.313
 34  28    927.9    311.1   0.2026   4.0524   0.0500   3.5079 -2737.152
 34  29    928.8    310.2   0.2158   4.3164   0.0500   3.7271 -2748.790
 34  30    928.8    310.2   0.2158   4.3164   0.0500   3.7271 -2748.790
 34  31    929.1    309.9   0.2022   4.0437   0.0500   3.4892 -2733.498
 34  32    931.6    307.4   0.2251   4.5025   0.0500   3.8594 -2766.919
 34  33    928.9    310.1   0.0000   0.0000   0.0500   0.0000 -1663.239
 35   1    931.5    307.5   0.4320   8.6410   0.0500   7.4082 -2971.558
 35   2    933.0    306.0   0.3806   7.6121   0.0500   6.5002 -2923.233
 35   3    927.4    311.6   0.3975   7.9507   0.0500   6.8910 -2962.540
 35   4    929.7    309.3   0.4232   8.4638   0.0500   7.2905 -2971.943
 35   5    930.9    308.1   0.3903   7.8052   0.0500   6.7030 -2937.515
 35   6    930.9    308.1   0.3903   7.8052   0.0500   6.7030 -2937.515
 35   7    930.2    308.8   0.4043   8.0866   0.0500   6.9565 -2953.712
 35   8    930.2    308.8   0.4043   8.0866   0.0500   6.9565 -2953.712
 35   9    929.5    309.5   0.3936   7.8727   0.0500   6.7848 -2943.631
 35  10    929.1    309.9   0.3942   7.8834   0.0500   6.8026 -2948.985
 35  11    929.1    309.9   0.3925   7.8492   0.0500   6.7731 -2947.550
 35  12    928.3    310.7   0.3128   6.2562   0.0500   5.4093 -2871.083
 35  13    923.9    315.1   0.3359   6.7178   0.0500   5.8763 -2910.751
 35  14    925.6    313.4   0.3541   7.0817   0.0500   6.1667 -2924.386
 35  15    924.7    314.3   0.3452   6.9035   0.0500   6.0264 -2918.178
 35  16    924.6    314.4   0.3433   6.8663   0.0500   5.9963 -2916.543
 35  17    924.6    314.4   0.3433   6.8663   0.0500   5.9963 -2916.543
 35  18    927.3    311.7   0.2906   5.8123   0.0500   5.0398 -2852.239
 35  19    931.1    307.9   0.3313   6.6266   0.0500   5.6876 -2881.697
 35  20    930.4    308.6   0.1852   3.7032   0.0500   3.1845 -2714.245
 35  21    928.3    310.7   0.2198   4.3960   0.0500   3.8014 -2769.306
 35  22    931.2    307.8   0.1572   3.1437   0.0500   2.6975 -2683.349
 35  23    931.0    308.0   0.1709   3.4174   0.0500   2.9334 -2699.841
 35  24    931.5    307.5   0.1707   3.4149   0.0500   2.9280 -2685.922
 35  25    930.7    308.3   0.1716   3.4320   0.0500   2.9490 -2692.706
 35  26    929.8    309.2   0.1834   3.6686   0.0500   3.1598 -2719.398
 35  27    929.8    309.2   0.1834   3.6686   0.0500   3.1598 -2719.398
 35  28    928.5    310.5   0.2321   4.6423   0.0500   4.0121 -2780.562
 35  29    929.4    309.6   0.2155   4.3097   0.0500   3.7155 -2752.568
 35  30    929.4    309.6   0.2155   4.3097   0.0500   3.7155 -2752.568
 35  31    929.7    309.3   0.2313   4.6263   0.0500   3.9857 -2767.989
 35  32    932.2    306.8   0.2317   4.6332   0.0500   3.9648 -2768.946
 35  33    929.4    309.6   0.0857   1.7133   0.0500   1.4771 -2607.849
 35  34    929.4    309.6   0.0857   1.7133   0.0500   1.4771 -2607.849
 36   1    931.8    307.2   0.3922   7.8433   0.0500   6.7183 -2930.732
 36   2    933.3    305.7   0.3736   7.4730   0.0500   6.3758 -2915.844
 36   3    927.7    311.3   0.3825   7.6507   0.0500   6.6252 -2949.440
 36   4    930.1    308.9   0.4026   8.0514   0.0500   6.9293 -2955.187
 36   5    931.2    307.8   0.3704   7.4081   0.0500   6.3567 -2922.517
 36   6    931.2    307.8   0.3704   7.4081   0.0500   6.3567 -2922.517
 36   7    930.5    308.5   0.3821   7.6421   0.0500   6.5687 -2937.152
 36   8    930.5    308.5   0.3821   7.6421   0.0500   6.5687 -2937.152
 36   9    929.9    309.1   0.3520   7.0393   0.0500   6.0615 -2906.927
 36  10    929.4    309.6   0.3653   7.3052   0.0500   6.2984 -2922.700
 36  11    929.4    309.6   0.3636   7.2730   0.0500   6.2706 -2921.208
 36  12    928.7    310.3   0.3067   6.1346   0.0500   5.2991 -2869.638
 36  13    924.3    314.7   0.3145   6.2907   0.0500   5.4972 -2895.821
 36  14    926.0    313.0   0.3338   6.6762   0.0500   5.8080 -2909.506
 36  15    925.1    313.9   0.3313   6.6265   0.0500   5.7789 -2911.489
 36  16    924.9    314.1   0.3295   6.5895   0.0500   5.7489 -2909.810
 36  17    924.9    314.1   0.3295   6.5895   0.0500   5.7489 -2909.810
 36  18    927.6    311.4   0.3176   6.3514   0.0500   5.5021 -2887.480
 36  19    931.4    307.6   0.3190   6.3791   0.0500   5.4701 -2869.810
 36  20    930.7    308.3   0.1815   3.6304   0.0500   3.1189 -2719.539
 36  21    928.6    310.4   0.1917   3.8348   0.0500   3.3130 -2730.420
 36  22    931.5    307.5   0.1716   3.4329   0.0500   2.9428 -2717.604
 36  23    931.4    307.6   0.1812   3.6238   0.0500   3.1075 -2728.235
 36  24    931.8    307.2   0.1795   3.5902   0.0500   3.0753 -2716.463
 36  25    931.0    308.0   0.1577   3.1546   0.0500   2.7081 -2706.301
 36  26    930.1    308.9   0.1942   3.8848   0.0500   3.3428 -2723.908
 36  27    930.1    308.9   0.1942   3.8848   0.0500   3.3428 -2723.908
 36  28    928.8    310.2   0.2180   4.3597   0.0500   3.7644 -2762.756
 36  29    929.8    309.2   0.2244   4.4883   0.0500   3.8659 -2764.464
 36  30    929.8    309.2   0.2244   4.4883   0.0500   3.8659 -2764.464
 36  31    930.0    309.0   0.2296   4.5915   0.0500   3.9520 -2764.569
 36  32    932.5    306.5   0.2152   4.3045   0.0500   3.6801 -2746.735
 36  33    929.8    309.2   0.0924   1.8484   0.0500   1.5920 -2610.308
 36  34    929.8    309.2   0.0924   1.8484   0.0500   1.5920 -2610.308
 36  35    930.3    308.7   0.0841   1.6826   0.0500   1.4471 -2576.203
 37   1    928.7    310.3   0.3834   7.6676   0.0500   6.6231 -2939.206
 37   2    930.2    308.8   0.3724   7.4473   0.0500   6.4077 -2929.716
 37   3    924.6    314.4   0.3583   7.1658   0.0500   6.2573 -2934.947
 37   4    926.9    312.1   0.3760   7.5198   0.0500   6.5263 -2943.142
 37   5    928.1    310.9   0.3767   7.5339   0.0500   6.5188 -2939.321
 37   6    928.1    310.9   0.3767   7.5339   0.0500   6.5188 -2939.321
 37   7    927.4    311.6   0.3906   7.8120   0.0500   6.7710 -2955.601
 37   8    927.4    311.6   0.3906   7.8120   0.0500   6.7710 -2955.601
 37   9    926.7    312.3   0.3609   7.2176   0.0500   6.2668 -2927.934
 37  10    926.3    312.7   0.3849   7.6990   0.0500   6.6932 -2954.482
 37  11    926.3    312.7   0.3833   7.6651   0.0500   6.6638 -2952.996
 37  12    925.4    313.6   0.2954   5.9074   0.0500   5.1471 -2862.500
 37  13    921.0    318.0   0.3162   6.3231   0.0500   5.5737 -2900.957
 37  14    922.7    316.3   0.3245   6.4904   0.0500   5.6954 -2906.555
 37  15    921.8    317.2   0.3060   6.1206   0.0500   5.3842 -2890.964
 37  16    921.6    317.4   0.3042   6.0840   0.0500   5.3541 -2889.205
 37  17    921.6    317.4   0.3042   6.0840   0.0500   5.3541 -2889.205
 37  18    924.4    314.6   0.3113   6.2264   0.0500   5.4402 -2889.209
 37  19    928.2    310.8   0.3150   6.3005   0.0500   5.4490 -2876.117
 37  20    927.5    311.5   0.1948   3.8957   0.0500   3.3755 -2740.084
 37  21    925.4    313.6   0.1849   3.6987   0.0500   3.2228 -2727.845
 37  22    928.3    310.7   0.1679   3.3588   0.0500   2.9045 -2710.354
 37  23    928.2    310.8   0.1781   3.5617   0.0500   3.0809 -2724.010
 37  24    928.6    310.4   0.1511   3.0214   0.0500   2.6105 -2694.345
 37  25    927.8    311.2   0.1819   3.6384   0.0500   3.1505 -2736.588
 37  26    926.9    312.1   0.1947   3.8937   0.0500   3.3793 -2726.951
 37  27    926.9    312.1   0.1947   3.8937   0.0500   3.3793 -2726.951
 37  28    925.6    313.4   0.2293   4.5857   0.0500   3.9932 -2780.636
 37  29    926.6    312.4   0.2140   4.2792   0.0500   3.7173 -2756.280
 37  30    926.6    312.4   0.2140   4.2792   0.0500   3.7173 -2756.280
 37  31    926.8    312.2   0.2210   4.4207   0.0500   3.8377 -2763.803
 37  32    929.3    309.7   0.2280   4.5592   0.0500   3.9317 -2772.591
 37  33    926.6    312.4   0.0689   1.3773   0.0500   1.1965 -2562.867
 37  34    926.6    312.4   0.0689   1.3773   0.0500   1.1965 -2562.867
 37  35    927.1    311.9   0.0858   1.7161   0.0500   1.4885 -2595.903
 37  36    927.5    311.5   0.0338   0.6768   0.0500   0.5865 -2337.746
 38   1    928.5    310.5   0.4008   8.0167   0.0500   6.9276 -2951.098
 38   2    930.0    309.0   0.3730   7.4610   0.0500   6.4225 -2929.613
 38   3    924.4    314.6   0.3557   7.1146   0.0500   6.2154 -2933.868
 38   4    926.7    312.3   0.3997   7.9937   0.0500   6.9409 -2964.209
 38   5    927.9    311.1   0.3823   7.6451   0.0500   6.6185 -2942.747
 38   6    927.9    311.1   0.3823   7.6451   0.0500   6.6185 -2942.747
 38   7    927.2    311.8   0.3849   7.6979   0.0500   6.6755 -2948.412
 38   8    927.2    311.8   0.3849   7.6979   0.0500   6.6755 -2948.412
 38   9    926.6    312.4   0.3479   6.9575   0.0500   6.0440 -2913.472
 38  10    926.1    312.9   0.3870   7.7407   0.0500   6.7328 -2952.194
 38  11    926.1    312.9   0.3853   7.7068   0.0500   6.7033 -2950.725
 38  12    925.3    313.7   0.2933   5.8651   0.0500   5.1121 -2857.562
 38  13    920.9    318.1   0.3173   6.3463   0.0500   5.5958 -2905.675
 38  14    922.6    316.4   0.3212   6.4245   0.0500   5.6395 -2903.296
 38  15    921.7    317.3   0.3216   6.4325   0.0500   5.6604 -2907.285
 38  16    921.5    317.5   0.3198   6.3952   0.0500   5.6297 -2905.532
 38  17    921.5    317.5   0.3198   6.3952   0.0500   5.6297 -2905.532
 38  18    924.2    314.8   0.2933   5.8664   0.0500   5.1278 -2870.847
 38  19    928.1    310.9   0.3026   6.0524   0.0500   5.2365 -2862.768
 38  20    927.4    311.6   0.1882   3.7640   0.0500   3.2627 -2734.565
 38  21    925.3    313.7   0.2014   4.0275   0.0500   3.5105 -2744.079
 38  22    928.2    310.8   0.1568   3.1355   0.0500   2.7123 -2700.846
 38  23    928.0    311.0   0.1711   3.4228   0.0500   2.9617 -2721.130
 38  24    928.5    310.5   0.1884   3.7676   0.0500   3.2564 -2728.403
 38  25    927.6    311.4   0.1840   3.6801   0.0500   3.1879 -2730.432
 38  26    926.8    312.2   0.1986   3.9723   0.0500   3.4486 -2732.193
 38  27    926.8    312.2   0.1986   3.9723   0.0500   3.4486 -2732.193
 38  28    925.5    313.5   0.2440   4.8798   0.0500   4.2509 -2797.515
 38  29    926.4    312.6   0.2192   4.3846   0.0500   3.8103 -2767.826
 38  30    926.4    312.6   0.2192   4.3846   0.0500   3.8103 -2767.826
 38  31    926.7    312.3   0.2144   4.2880   0.0500   3.7239 -2760.028
 38  32    929.2    309.8   0.2025   4.0502   0.0500   3.4941 -2742.530
 38  33    926.4    312.6   0.0850   1.7007   0.0500   1.4779 -2604.099
 38  34    926.4    312.6   0.0850   1.7007   0.0500   1.4779 -2604.099
 38  35    927.0    312.0   0.0815   1.6303   0.0500   1.4146 -2571.912
 38  36    927.4    311.6   0.0407   0.8132   0.0500   0.7049 -2399.212
 38  37    924.1    314.9   0.0297   0.5941   0.0500   0.5194 -2312.269

