Supplemental results for CODEML (seqf: /gpfs/scratch/cltucker/EBH381-Group-Project/SIV_aligned_ENV.fas  treef: )


pairwise comparison (Goldman & Yang 1994)
seq seq        N       S       dN       dS     dN/dS   Paras.
  2   1    934.6    304.4   0.3400  34.0045   0.0100  25.8350 -2862.442
  3   1    928.9    310.1   0.3180  31.7956   0.0100  24.5853 -2855.685
  3   2    930.6    308.4   0.2360  23.5979   0.0100  18.1535 -2733.449
  4   1    931.3    307.7   0.3209  32.0914   0.0100  24.6322 -2847.224
  4   2    933.0    306.0   0.2427  24.2725   0.0100  18.5325 -2737.028
  4   3    927.3    311.7   0.1702  17.0170   0.0100  13.2248 -2625.556
  5   1    932.5    306.5   0.3092  30.9199   0.0100  23.6469 -2831.410
  5   2    934.2    304.8   0.2178  21.7753   0.0100  16.5605 -2689.584
  5   3    928.5    310.5   0.1697  16.9746   0.0100  13.1426 -2622.001
  5   4    931.0    308.0   0.1577  15.7742   0.0100  12.1200 -2587.396
  6   1    932.5    306.5   0.3092  30.9199   0.0100  23.6469 -2831.410
  6   2    934.2    304.8   0.2178  21.7753   0.0100  16.5605 -2689.584
  6   3    928.5    310.5   0.1697  16.9746   0.0100  13.1426 -2622.001
  6   4    931.0    308.0   0.1577  15.7742   0.0100  12.1200 -2587.396
  6   5    932.3    306.7   0.0000   0.0000   0.0100   0.0000 -1656.102
  7   1    931.8    307.2   0.3121  31.2115   0.0100  23.9174 -2834.365
  7   2    933.6    305.4   0.2152  21.5195   0.0100  16.3993 -2692.000
  7   3    927.9    311.1   0.1778  17.7826   0.0100  13.7956 -2638.500
  7   4    930.3    308.7   0.1601  16.0107   0.0100  12.3266 -2593.788
  7   5    931.6    307.4   0.0047   0.4698   0.0100   0.3602 -2238.432
  7   6    931.6    307.4   0.0047   0.4698   0.0100   0.3602 -2238.432
  8   1    931.8    307.2   0.3121  31.2115   0.0100  23.9174 -2834.365
  8   2    933.6    305.4   0.2152  21.5195   0.0100  16.3993 -2692.000
  8   3    927.9    311.1   0.1778  17.7826   0.0100  13.7956 -2638.500
  8   4    930.3    308.7   0.1601  16.0107   0.0100  12.3266 -2593.788
  8   5    931.6    307.4   0.0047   0.4698   0.0100   0.3602 -2238.432
  8   6    931.6    307.4   0.0047   0.4698   0.0100   0.3602 -2238.432
  8   7    931.0    308.0   0.0000   0.0000   0.0100   0.0000 -1658.130
  9   1    931.1    307.9   0.3001  30.0075   0.0100  23.0482 -2823.350
  9   2    932.8    306.2   0.2088  20.8763   0.0100  15.9483 -2685.628
  9   3    927.1    311.9   0.1714  17.1429   0.0100  13.3310 -2635.125
  9   4    929.5    309.5   0.1389  13.8874   0.0100  10.7183 -2558.934
  9   5    930.8    308.2   0.0120   1.1974   0.0100   0.9206 -2491.057
  9   6    930.8    308.2   0.0120   1.1974   0.0100   0.9206 -2491.057
  9   7    930.2    308.8   0.0117   1.1734   0.0100   0.9039 -2490.184
  9   8    930.2    308.8   0.0117   1.1734   0.0100   0.9039 -2490.184
 10   1    930.6    308.4   0.3054  30.5358   0.0100  23.4879 -2832.034
 10   2    932.4    306.6   0.2216  22.1598   0.0100  16.9537 -2709.373
 10   3    926.6    312.4   0.1735  17.3477   0.0100  13.5097 -2636.683
 10   4    929.1    309.9   0.1565  15.6465   0.0100  12.0935 -2589.642
 10   5    930.3    308.7   0.0114   1.1363   0.0100   0.8748 -2476.312
 10   6    930.3    308.7   0.0114   1.1363   0.0100   0.8748 -2476.312
 10   7    929.7    309.3   0.0120   1.1970   0.0100   0.9235 -2481.872
 10   8    929.7    309.3   0.0120   1.1970   0.0100   0.9235 -2481.872
 10   9    928.9    310.1   0.0114   1.1355   0.0100   0.8782 -2504.327
 11   1    930.6    308.4   0.3037  30.3716   0.0100  23.3616 -2830.233
 11   2    932.4    306.6   0.2201  22.0126   0.0100  16.8411 -2707.200
 11   3    926.6    312.4   0.1721  17.2081   0.0100  13.4010 -2634.274
 11   4    929.1    309.9   0.1551  15.5095   0.0100  11.9877 -2587.112
 11   5    930.3    308.7   0.0113   1.1315   0.0100   0.8711 -2471.933
 11   6    930.3    308.7   0.0113   1.1315   0.0100   0.8711 -2471.933
 11   7    929.7    309.3   0.0119   1.1913   0.0100   0.9191 -2477.503
 11   8    929.7    309.3   0.0119   1.1913   0.0100   0.9191 -2477.503
 11   9    928.9    310.1   0.0113   1.1304   0.0100   0.8742 -2499.958
 11  10    928.4    310.6   0.0001   0.0068   0.0100   0.0053 -1680.005
 12   1    929.9    309.1   0.4151  41.5113   0.0100  32.0001 -2954.999
 12   2    931.4    307.6   0.4219  42.1860   0.0100  32.3691 -2962.115
 12   3    925.9    313.1   0.4196  41.9556   0.0100  32.7523 -2978.721
 12   4    928.2    310.8   0.4178  41.7773   0.0100  32.3795 -2961.804
 12   5    929.4    309.6   0.4092  40.9197   0.0100  31.5993 -2953.796
 12   6    929.4    309.6   0.4092  40.9197   0.0100  31.5993 -2953.796
 12   7    928.7    310.3   0.4237  42.3655   0.0100  32.7819 -2968.486
 12   8    928.7    310.3   0.4237  42.3655   0.0100  32.7819 -2968.486
 12   9    928.0    311.0   0.4076  40.7581   0.0100  31.6043 -2952.064
 12  10    927.6    311.4   0.3860  38.5958   0.0100  29.9720 -2936.719
 12  11    927.6    311.4   0.3842  38.4169   0.0100  29.8330 -2935.132
 13   1    925.5    313.5   0.4138  41.3751   0.0100  32.3321 -2971.202
 13   2    926.9    312.1   0.4285  42.8487   0.0100  33.3394 -2985.139
 13   3    921.4    317.6   0.4039  40.3872   0.0100  31.9612 -2981.803
 13   4    923.7    315.3   0.4134  41.3383   0.0100  32.4865 -2979.245
 13   5    924.8    314.2   0.3825  38.2484   0.0100  29.9550 -2949.142
 13   6    924.8    314.2   0.3825  38.2484   0.0100  29.9550 -2949.142
 13   7    924.1    314.9   0.4132  41.3171   0.0100  32.4226 -2978.307
 13   8    924.1    314.9   0.4132  41.3171   0.0100  32.4226 -2978.307
 13   9    923.5    315.5   0.3736  37.3644   0.0100  29.3767 -2943.712
 13  10    923.0    316.0   0.3878  38.7825   0.0100  30.5366 -2955.284
 13  11    923.0    316.0   0.3860  38.6019   0.0100  30.3944 -2953.710
 13  12    922.2    316.8   0.1962  19.6219   0.0100  15.4911 -2685.655
 14   1    927.2    311.8   0.4197  41.9682   0.0100  32.6226 -2971.459
 14   2    928.7    310.3   0.4300  42.9994   0.0100  33.2726 -2981.828
 14   3    923.1    315.9   0.4076  40.7612   0.0100  32.0855 -2979.587
 14   4    925.5    313.5   0.4258  42.5767   0.0100  33.2773 -2983.159
 14   5    926.6    312.4   0.4036  40.3560   0.0100  31.4290 -2961.870
 14   6    926.6    312.4   0.4036  40.3560   0.0100  31.4290 -2961.870
 14   7    926.0    313.0   0.4334  43.3393   0.0100  33.8201 -2988.816
 14   8    926.0    313.0   0.4334  43.3393   0.0100  33.8201 -2988.816
 14   9    925.3    313.7   0.3923  39.2296   0.0100  30.6753 -2955.075
 14  10    924.8    314.2   0.4001  40.0113   0.0100  31.3327 -2958.093
 14  11    924.8    314.2   0.3983  39.8285   0.0100  31.1895 -2956.541
 14  12    923.9    315.1   0.1995  19.9508   0.0100  15.6672 -2682.770
 14  13    919.5    319.5   0.0024   0.2442   0.0100   0.1944 -2117.989
 15   1    926.3    312.7   0.4180  41.8043   0.0100  32.5893 -2972.632
 15   2    927.7    311.3   0.4365  43.6503   0.0100  33.8774 -2990.465
 15   3    922.2    316.8   0.4099  40.9850   0.0100  32.3557 -2983.562
 15   4    924.5    314.5   0.4137  41.3729   0.0100  32.4325 -2974.768
 15   5    925.6    313.4   0.4095  40.9475   0.0100  31.9863 -2971.744
 15   6    925.6    313.4   0.4095  40.9475   0.0100  31.9863 -2971.744
 15   7    925.0    314.0   0.4202  42.0185   0.0100  32.8885 -2982.643
 15   8    925.0    314.0   0.4202  42.0185   0.0100  32.8885 -2982.643
 15   9    924.3    314.7   0.3911  39.1093   0.0100  30.6720 -2957.359
 15  10    923.9    315.1   0.3889  38.8855   0.0100  30.5414 -2954.517
 15  11    923.9    315.1   0.3870  38.7044   0.0100  30.3992 -2952.939
 15  12    923.0    316.0   0.1888  18.8835   0.0100  14.8721 -2670.722
 15  13    918.5    320.5   0.0025   0.2462   0.0100   0.1966 -2122.037
 15  14    920.2    318.8   0.0013   0.1277   0.0100   0.1014 -1944.211
 16   1    926.2    312.8   0.4161  41.6093   0.0100  32.4524 -2971.101
 16   2    927.6    311.4   0.4343  43.4302   0.0100  33.7232 -2988.870
 16   3    922.0    317.0   0.4079  40.7911   0.0100  32.2179 -2982.055
 16   4    924.3    314.7   0.4136  41.3588   0.0100  32.4373 -2975.158
 16   5    925.5    313.5   0.4075  40.7526   0.0100  31.8503 -2970.225
 16   6    925.5    313.5   0.4075  40.7526   0.0100  31.8503 -2970.225
 16   7    924.8    314.2   0.4199  41.9863   0.0100  32.8799 -2983.034
 16   8    924.8    314.2   0.4199  41.9863   0.0100  32.8799 -2983.034
 16   9    924.2    314.8   0.3892  38.9199   0.0100  30.5385 -2955.797
 16  10    923.7    315.3   0.3870  38.6982   0.0100  30.4093 -2952.942
 16  11    923.7    315.3   0.3852  38.5177   0.0100  30.2674 -2951.361
 16  12    922.8    316.2   0.1888  18.8776   0.0100  14.8743 -2671.043
 16  13    918.4    320.6   0.0024   0.2420   0.0100   0.1932 -2115.423
 16  14    920.1    318.9   0.0012   0.1239   0.0100   0.0985 -1936.937
 16  15    919.2    319.8   0.0000   0.0032   0.0100   0.0026 -1687.997
 17   1    926.2    312.8   0.4161  41.6093   0.0100  32.4524 -2971.101
 17   2    927.6    311.4   0.4343  43.4302   0.0100  33.7232 -2988.870
 17   3    922.0    317.0   0.4079  40.7911   0.0100  32.2179 -2982.055
 17   4    924.3    314.7   0.4136  41.3588   0.0100  32.4373 -2975.158
 17   5    925.5    313.5   0.4075  40.7526   0.0100  31.8503 -2970.225
 17   6    925.5    313.5   0.4075  40.7526   0.0100  31.8503 -2970.225
 17   7    924.8    314.2   0.4199  41.9863   0.0100  32.8799 -2983.034
 17   8    924.8    314.2   0.4199  41.9863   0.0100  32.8799 -2983.034
 17   9    924.2    314.8   0.3892  38.9199   0.0100  30.5385 -2955.797
 17  10    923.7    315.3   0.3870  38.6982   0.0100  30.4093 -2952.942
 17  11    923.7    315.3   0.3852  38.5177   0.0100  30.2674 -2951.361
 17  12    922.8    316.2   0.1888  18.8776   0.0100  14.8743 -2671.043
 17  13    918.4    320.6   0.0024   0.2420   0.0100   0.1932 -2115.423
 17  14    920.1    318.9   0.0012   0.1239   0.0100   0.0985 -1936.937
 17  15    919.2    319.8   0.0000   0.0032   0.0100   0.0026 -1687.997
 17  16    919.0    320.0   0.0000   0.0000   0.0100   0.0000 -1676.045
 18   1    928.9    310.1   0.4072  40.7169   0.0100  31.4906 -2951.724
 18   2    930.5    308.5   0.4558  45.5751   0.0100  35.0746 -2995.481
 18   3    924.8    314.2   0.4253  42.5301   0.0100  33.3058 -2988.872
 18   4    927.2    311.8   0.4282  42.8205   0.0100  33.2888 -2976.957
 18   5    928.4    310.6   0.4293  42.9254   0.0100  33.2441 -2977.060
 18   6    928.4    310.6   0.4293  42.9254   0.0100  33.2441 -2977.060
 18   7    927.8    311.2   0.4332  43.3213   0.0100  33.6186 -2981.739
 18   8    927.8    311.2   0.4332  43.3213   0.0100  33.6186 -2981.739
 18   9    927.0    312.0   0.4228  42.2816   0.0100  32.8857 -2975.809
 18  10    926.6    312.4   0.4195  41.9489   0.0100  32.6750 -2973.068
 18  11    926.6    312.4   0.4176  41.7589   0.0100  32.5270 -2971.546
 18  12    925.6    313.4   0.2133  21.3343   0.0100  16.6671 -2712.134
 18  13    921.1    317.9   0.2139  21.3878   0.0100  16.9402 -2728.260
 18  14    922.9    316.1   0.2191  21.9074   0.0100  17.2582 -2727.828
 18  15    921.9    317.1   0.2120  21.1990   0.0100  16.7493 -2719.559
 18  16    921.8    317.2   0.2106  21.0563   0.0100  16.6444 -2717.388
 18  17    921.8    317.2   0.2106  21.0563   0.0100  16.6444 -2717.388
 19   1    932.6    306.4   0.4333  43.3252   0.0100  33.1178 -2958.355
 19   2    934.2    304.8   0.4307  43.0749   0.0100  32.7685 -2957.892
 19   3    928.6    310.4   0.4391  43.9063   0.0100  33.9876 -2980.349
 19   4    930.9    308.1   0.4424  44.2366   0.0100  33.9949 -2972.257
 19   5    932.1    306.9   0.4147  41.4749   0.0100  31.7562 -2946.413
 19   6    932.1    306.9   0.4147  41.4749   0.0100  31.7562 -2946.413
 19   7    931.5    307.5   0.4351  43.5098   0.0100  33.3813 -2969.655
 19   8    931.5    307.5   0.4351  43.5098   0.0100  33.3813 -2969.655
 19   9    930.8    308.2   0.4093  40.9293   0.0100  31.4707 -2945.174
 19  10    930.3    308.7   0.3899  38.9882   0.0100  30.0222 -2929.662
 19  11    930.3    308.7   0.3881  38.8059   0.0100  29.8819 -2928.102
 19  12    929.4    309.6   0.2156  21.5586   0.0100  16.6444 -2699.101
 19  13    925.0    314.0   0.2305  23.0530   0.0100  18.0428 -2737.367
 19  14    926.7    312.3   0.2216  22.1562   0.0100  17.2488 -2717.957
 19  15    925.8    313.2   0.2086  20.8647   0.0100  16.2907 -2701.806
 19  16    925.6    313.4   0.2072  20.7246   0.0100  16.1888 -2699.586
 19  17    925.6    313.4   0.2072  20.7246   0.0100  16.1888 -2699.586
 19  18    928.4    310.6   0.1697  16.9694   0.0100  13.1430 -2623.270
 20   1    931.9    307.1   0.3991  39.9129   0.0100  30.5749 -2937.807
 20   2    933.5    305.5   0.4104  41.0390   0.0100  31.2837 -2950.122
 20   3    927.9    311.1   0.3872  38.7219   0.0100  30.0375 -2946.381
 20   4    930.3    308.7   0.3640  36.3969   0.0100  28.0279 -2912.353
 20   5    931.5    307.5   0.3879  38.7853   0.0100  29.7561 -2929.520
 20   6    931.5    307.5   0.3879  38.7853   0.0100  29.7561 -2929.520
 20   7    930.8    308.2   0.3914  39.1430   0.0100  30.0912 -2936.533
 20   8    930.8    308.2   0.3914  39.1430   0.0100  30.0912 -2936.533
 20   9    930.1    308.9   0.3649  36.4917   0.0100  28.1162 -2915.303
 20  10    929.6    309.4   0.3788  37.8835   0.0100  29.2315 -2930.274
 20  11    929.6    309.4   0.3770  37.7021   0.0100  29.0915 -2928.672
 20  12    928.7    310.3   0.2995  29.9476   0.0100  23.1707 -2842.686
 20  13    924.3    314.7   0.3210  32.0978   0.0100  25.1772 -2879.433
 20  14    926.0    313.0   0.3123  31.2306   0.0100  24.3659 -2865.714
 20  15    925.1    313.9   0.3028  30.2828   0.0100  23.6956 -2857.259
 20  16    924.9    314.1   0.3012  30.1179   0.0100  23.5777 -2855.400
 20  17    924.9    314.1   0.3012  30.1179   0.0100  23.5777 -2855.400
 20  18    927.7    311.3   0.2937  29.3698   0.0100  22.7950 -2838.810
 20  19    931.5    307.5   0.3093  30.9261   0.0100  23.7228 -2842.584
 21   1    929.8    309.2   0.4167  41.6710   0.0100  32.1362 -2951.547
 21   2    931.3    307.7   0.4077  40.7726   0.0100  31.2995 -2944.977
 21   3    925.7    313.3   0.4273  42.7342   0.0100  33.3761 -2985.994
 21   4    928.0    311.0   0.4148  41.4771   0.0100  32.1638 -2966.716
 21   5    929.1    309.9   0.3974  39.7406   0.0100  30.7100 -2942.720
 21   6    929.1    309.9   0.3974  39.7406   0.0100  30.7100 -2942.720
 21   7    928.5    310.5   0.4033  40.3286   0.0100  31.2262 -2952.070
 21   8    928.5    310.5   0.4033  40.3286   0.0100  31.2262 -2952.070
 21   9    927.8    311.2   0.3912  39.1205   0.0100  30.3537 -2944.255
 21  10    927.4    311.6   0.4003  40.0341   0.0100  31.1081 -2956.810
 21  11    927.4    311.6   0.3985  39.8515   0.0100  30.9662 -2955.304
 21  12    926.6    312.4   0.3474  34.7419   0.0100  27.0589 -2900.223
 21  13    922.2    316.8   0.3552  35.5230   0.0100  28.0418 -2929.303
 21  14    923.9    315.1   0.3558  35.5789   0.0100  27.9404 -2924.907
 21  15    923.0    316.0   0.3535  35.3522   0.0100  27.8416 -2925.793
 21  16    922.8    316.2   0.3517  35.1722   0.0100  27.7122 -2924.118
 21  17    922.8    316.2   0.3517  35.1722   0.0100  27.7122 -2924.118
 21  18    925.5    313.5   0.3572  35.7154   0.0100  27.9093 -2915.476
 21  19    929.4    309.6   0.3429  34.2903   0.0100  26.4796 -2888.431
 21  20    928.7    310.3   0.2131  21.3071   0.0100  16.4899 -2715.214
 22   1    932.8    306.2   0.3974  39.7386   0.0100  30.3590 -2933.008
 22   2    934.3    304.7   0.3983  39.8304   0.0100  30.2902 -2933.943
 22   3    928.8    310.2   0.3954  39.5422   0.0100  30.5916 -2952.255
 22   4    931.1    307.9   0.3863  38.6316   0.0100  29.6737 -2932.975
 22   5    932.3    306.7   0.3783  37.8272   0.0100  28.9494 -2921.289
 22   6    932.3    306.7   0.3783  37.8272   0.0100  28.9494 -2921.289
 22   7    931.6    307.4   0.3727  37.2722   0.0100  28.5826 -2921.323
 22   8    931.6    307.4   0.3727  37.2722   0.0100  28.5826 -2921.323
 22   9    930.9    308.1   0.3783  37.8287   0.0100  29.0688 -2923.945
 22  10    930.5    308.5   0.3753  37.5305   0.0100  28.8828 -2924.532
 22  11    930.5    308.5   0.3735  37.3531   0.0100  28.7462 -2922.935
 22  12    929.5    309.5   0.3193  31.9256   0.0100  24.6464 -2863.927
 22  13    925.0    314.0   0.3156  31.5600   0.0100  24.6995 -2871.785
 22  14    926.8    312.2   0.3242  32.4232   0.0100  25.2393 -2877.493
 22  15    925.8    313.2   0.3143  31.4306   0.0100  24.5382 -2869.913
 22  16    925.7    313.3   0.3126  31.2634   0.0100  24.4189 -2868.073
 22  17    925.7    313.3   0.3126  31.2634   0.0100  24.4189 -2868.073
 22  18    928.5    310.5   0.3161  31.6085   0.0100  24.4763 -2862.800
 22  19    932.3    306.7   0.3342  33.4229   0.0100  25.5769 -2868.774
 22  20    931.6    307.4   0.1797  17.9716   0.0100  13.7820 -2645.047
 22  21    929.5    309.5   0.2440  24.4013   0.0100  18.8372 -2755.018
 23   1    932.7    306.3   0.4095  40.9544   0.0100  31.3026 -2944.069
 23   2    934.1    304.9   0.3960  39.5965   0.0100  30.1261 -2931.024
 23   3    928.6    310.4   0.3893  38.9261   0.0100  30.1297 -2946.616
 23   4    930.9    308.1   0.3910  39.0951   0.0100  30.0443 -2937.684
 23   5    932.1    306.9   0.3822  38.2172   0.0100  29.2628 -2923.944
 23   6    932.1    306.9   0.3822  38.2172   0.0100  29.2628 -2923.944
 23   7    931.4    307.6   0.3795  37.9525   0.0100  29.1189 -2925.268
 23   8    931.4    307.6   0.3795  37.9525   0.0100  29.1189 -2925.268
 23   9    930.8    308.2   0.3775  37.7539   0.0100  29.0263 -2923.615
 23  10    930.3    308.7   0.3840  38.3999   0.0100  29.5669 -2931.822
 23  11    930.3    308.7   0.3822  38.2205   0.0100  29.4288 -2930.253
 23  12    929.3    309.7   0.3273  32.7342   0.0100  25.2801 -2874.457
 23  13    924.9    314.1   0.3189  31.8903   0.0100  24.9667 -2876.942
 23  14    926.7    312.3   0.3170  31.6990   0.0100  24.6848 -2872.035
 23  15    925.7    313.3   0.3150  31.4973   0.0100  24.5991 -2871.887
 23  16    925.6    313.4   0.3133  31.3294   0.0100  24.4793 -2870.056
 23  17    925.6    313.4   0.3133  31.3294   0.0100  24.4793 -2870.056
 23  18    928.3    310.7   0.3218  32.1758   0.0100  24.9259 -2868.300
 23  19    932.1    306.9   0.3301  33.0089   0.0100  25.2705 -2864.371
 23  20    931.5    307.5   0.1816  18.1627   0.0100  13.9344 -2650.462
 23  21    929.3    309.7   0.2427  24.2654   0.0100  18.7399 -2754.954
 23  22    932.1    306.9   0.0009   0.0869   0.0100   0.0665 -1847.785
 24   1    933.1    305.9   0.4047  40.4737   0.0100  30.8972 -2937.208
 24   2    934.5    304.5   0.3857  38.5718   0.0100  29.3101 -2926.564
 24   3    929.0    310.0   0.3696  36.9618   0.0100  28.5746 -2929.298
 24   4    931.3    307.7   0.3803  38.0304   0.0100  29.1905 -2928.284
 24   5    932.5    306.5   0.3723  37.2315   0.0100  28.4742 -2919.724
 24   6    932.5    306.5   0.3723  37.2315   0.0100  28.4742 -2919.724
 24   7    931.8    307.2   0.3895  38.9469   0.0100  29.8463 -2937.575
 24   8    931.8    307.2   0.3895  38.9469   0.0100  29.8463 -2937.575
 24   9    931.2    307.8   0.3651  36.5131   0.0100  28.0393 -2914.997
 24  10    930.7    308.3   0.3846  38.4606   0.0100  29.5786 -2934.649
 24  11    930.7    308.3   0.3828  38.2811   0.0100  29.4405 -2933.092
 24  12    929.8    309.2   0.3028  30.2844   0.0100  23.3567 -2844.368
 24  13    925.4    313.6   0.3057  30.5668   0.0100  23.8974 -2862.498
 24  14    927.1    311.9   0.3221  32.2121   0.0100  25.0504 -2876.402
 24  15    926.2    312.8   0.3121  31.2063   0.0100  24.3386 -2869.953
 24  16    926.0    313.0   0.3104  31.0405   0.0100  24.2204 -2868.080
 24  17    926.0    313.0   0.3104  31.0405   0.0100  24.2204 -2868.080
 24  18    928.8    310.2   0.3191  31.9132   0.0100  24.6904 -2864.137
 24  19    932.6    306.4   0.3295  32.9467   0.0100  25.1901 -2862.599
 24  20    931.9    307.1   0.2120  21.1956   0.0100  16.2403 -2700.239
 24  21    929.8    309.2   0.2494  24.9388   0.0100  19.2347 -2764.180
 24  22    932.6    306.4   0.1675  16.7532   0.0100  12.8087 -2613.688
 24  23    932.5    306.5   0.1738  17.3839   0.0100  13.2957 -2621.394
 25   1    932.3    306.7   0.3899  38.9870   0.0100  29.8326 -2923.065
 25   2    933.9    305.1   0.3882  38.8185   0.0100  29.5554 -2924.667
 25   3    928.3    310.7   0.3940  39.3972   0.0100  30.5254 -2953.489
 25   4    930.7    308.3   0.4066  40.6583   0.0100  31.2706 -2953.294
 25   5    931.9    307.1   0.3631  36.3132   0.0100  27.8204 -2908.455
 25   6    931.9    307.1   0.3631  36.3132   0.0100  27.8204 -2908.455
 25   7    931.3    307.7   0.3755  37.5496   0.0100  28.8266 -2922.987
 25   8    931.3    307.7   0.3755  37.5496   0.0100  28.8266 -2922.987
 25   9    930.5    308.5   0.3577  35.7722   0.0100  27.5249 -2905.781
 25  10    930.0    309.0   0.3658  36.5794   0.0100  28.1879 -2918.585
 25  11    930.0    309.0   0.3640  36.4038   0.0100  28.0526 -2916.934
 25  12    929.0    310.0   0.3457  34.5698   0.0100  26.7251 -2897.498
 25  13    924.5    314.5   0.3299  32.9928   0.0100  25.8630 -2891.784
 25  14    926.3    312.7   0.3295  32.9469   0.0100  25.6854 -2885.897
 25  15    925.3    313.7   0.3235  32.3458   0.0100  25.2920 -2884.690
 25  16    925.2    313.8   0.3218  32.1762   0.0100  25.1716 -2882.897
 25  17    925.2    313.8   0.3218  32.1762   0.0100  25.1716 -2882.897
 25  18    928.1    310.9   0.3331  33.3138   0.0100  25.8304 -2883.294
 25  19    931.8    307.2   0.3135  31.3481   0.0100  24.0239 -2847.372
 25  20    931.2    307.8   0.2206  22.0582   0.0100  16.9395 -2716.516
 25  21    928.9    310.1   0.2378  23.7839   0.0100  18.3914 -2751.863
 25  22    931.8    307.2   0.1784  17.8444   0.0100  13.6744 -2639.570
 25  23    931.7    307.3   0.1787  17.8687   0.0100  13.6984 -2640.068
 25  24    932.1    306.9   0.1248  12.4791   0.0100   9.5541 -2521.886
 26   1    931.3    307.7   0.4082  40.8156   0.0100  31.3317 -2937.640
 26   2    932.7    306.3   0.3599  35.9919   0.0100  27.5064 -2897.319
 26   3    927.2    311.8   0.3837  38.3677   0.0100  29.8296 -2936.956
 26   4    929.5    309.5   0.4028  40.2772   0.0100  31.0934 -2947.086
 26   5    930.6    308.4   0.3668  36.6754   0.0100  28.2165 -2913.864
 26   6    930.6    308.4   0.3668  36.6754   0.0100  28.2165 -2913.864
 26   7    929.9    309.1   0.3881  38.8083   0.0100  29.9166 -2938.100
 26   8    929.9    309.1   0.3881  38.8083   0.0100  29.9166 -2938.100
 26   9    929.3    309.7   0.3820  38.1968   0.0100  29.5041 -2929.598
 26  10    928.8    310.2   0.3697  36.9660   0.0100  28.5953 -2921.296
 26  11    928.8    310.2   0.3679  36.7907   0.0100  28.4597 -2919.725
 26  12    928.1    310.9   0.2882  28.8166   0.0100  22.3422 -2827.259
 26  13    923.7    315.3   0.3194  31.9418   0.0100  25.0989 -2876.804
 26  14    925.4    313.6   0.3213  32.1286   0.0100  25.1158 -2870.159
 26  15    924.5    314.5   0.3079  30.7859   0.0100  24.1344 -2859.083
 26  16    924.3    314.7   0.3062  30.6211   0.0100  24.0159 -2857.256
 26  17    924.3    314.7   0.3062  30.6211   0.0100  24.0159 -2857.256
 26  18    927.0    312.0   0.3087  30.8696   0.0100  24.0143 -2855.916
 26  19    930.8    308.2   0.3038  30.3769   0.0100  23.3509 -2832.381
 26  20    930.1    308.9   0.2234  22.3406   0.0100  17.2113 -2726.925
 26  21    928.1    310.9   0.2195  21.9535   0.0100  17.0215 -2718.343
 26  22    930.9    308.1   0.2112  21.1227   0.0100  16.2332 -2692.776
 26  23    930.8    308.2   0.2197  21.9664   0.0100  16.8880 -2705.843
 26  24    931.2    307.8   0.2118  21.1750   0.0100  16.2579 -2691.177
 26  25    930.4    308.6   0.2115  21.1486   0.0100  16.2809 -2700.855
 27   1    931.3    307.7   0.4082  40.8156   0.0100  31.3317 -2937.640
 27   2    932.7    306.3   0.3599  35.9919   0.0100  27.5064 -2897.319
 27   3    927.2    311.8   0.3837  38.3677   0.0100  29.8296 -2936.956
 27   4    929.5    309.5   0.4028  40.2772   0.0100  31.0934 -2947.086
 27   5    930.6    308.4   0.3668  36.6754   0.0100  28.2165 -2913.864
 27   6    930.6    308.4   0.3668  36.6754   0.0100  28.2165 -2913.864
 27   7    929.9    309.1   0.3881  38.8083   0.0100  29.9166 -2938.100
 27   8    929.9    309.1   0.3881  38.8083   0.0100  29.9166 -2938.100
 27   9    929.3    309.7   0.3820  38.1968   0.0100  29.5041 -2929.598
 27  10    928.8    310.2   0.3697  36.9660   0.0100  28.5953 -2921.296
 27  11    928.8    310.2   0.3679  36.7907   0.0100  28.4597 -2919.725
 27  12    928.1    310.9   0.2882  28.8166   0.0100  22.3422 -2827.259
 27  13    923.7    315.3   0.3194  31.9418   0.0100  25.0989 -2876.804
 27  14    925.4    313.6   0.3213  32.1286   0.0100  25.1158 -2870.159
 27  15    924.5    314.5   0.3079  30.7859   0.0100  24.1344 -2859.083
 27  16    924.3    314.7   0.3062  30.6211   0.0100  24.0159 -2857.256
 27  17    924.3    314.7   0.3062  30.6211   0.0100  24.0159 -2857.256
 27  18    927.0    312.0   0.3087  30.8696   0.0100  24.0143 -2855.916
 27  19    930.8    308.2   0.3038  30.3769   0.0100  23.3509 -2832.381
 27  20    930.1    308.9   0.2234  22.3406   0.0100  17.2113 -2726.925
 27  21    928.1    310.9   0.2195  21.9535   0.0100  17.0215 -2718.343
 27  22    930.9    308.1   0.2112  21.1227   0.0100  16.2332 -2692.776
 27  23    930.8    308.2   0.2197  21.9664   0.0100  16.8880 -2705.843
 27  24    931.2    307.8   0.2118  21.1750   0.0100  16.2579 -2691.177
 27  25    930.4    308.6   0.2115  21.1486   0.0100  16.2809 -2700.855
 27  26    929.6    309.4   0.0000   0.0000   0.0100   0.0000 -1662.231
 28   1    930.0    309.0   0.4249  42.4851   0.0100  32.7430 -2960.022
 28   2    931.5    307.5   0.3944  39.4405   0.0100  30.2504 -2939.719
 28   3    925.9    313.1   0.3968  39.6752   0.0100  30.9650 -2956.600
 28   4    928.3    310.7   0.3891  38.9149   0.0100  30.1521 -2941.552
 28   5    929.4    309.6   0.3903  39.0253   0.0100  30.1294 -2935.807
 28   6    929.4    309.6   0.3903  39.0253   0.0100  30.1294 -2935.807
 28   7    928.8    310.2   0.3889  38.8899   0.0100  30.0845 -2938.525
 28   8    928.8    310.2   0.3889  38.8899   0.0100  30.0845 -2938.525
 28   9    928.1    310.9   0.3602  36.0236   0.0100  27.9290 -2912.625
 28  10    927.6    311.4   0.3715  37.1513   0.0100  28.8451 -2926.878
 28  11    927.6    311.4   0.3697  36.9743   0.0100  28.7077 -2925.288
 28  12    926.9    312.1   0.3134  31.3416   0.0100  24.3906 -2861.570
 28  13    922.4    316.6   0.3443  34.4262   0.0100  27.1562 -2911.738
 28  14    924.2    314.8   0.3378  33.7776   0.0100  26.5051 -2897.975
 28  15    923.2    315.8   0.3331  33.3131   0.0100  26.2158 -2895.421
 28  16    923.1    315.9   0.3332  33.3236   0.0100  26.2361 -2895.840
 28  17    923.1    315.9   0.3332  33.3236   0.0100  26.2361 -2895.840
 28  18    925.8    313.2   0.3473  34.7325   0.0100  27.1179 -2899.159
 28  19    929.6    309.4   0.3382  33.8196   0.0100  26.0964 -2879.694
 28  20    928.9    310.1   0.2552  25.5238   0.0100  19.7376 -2787.504
 28  21    926.8    312.2   0.2754  27.5415   0.0100  21.4392 -2818.011
 28  22    929.8    309.2   0.2556  25.5614   0.0100  19.7152 -2780.546
 28  23    929.6    309.4   0.2617  26.1664   0.0100  20.1907 -2787.934
 28  24    930.0    309.0   0.2604  26.0372   0.0100  20.0656 -2781.890
 28  25    929.2    309.8   0.2525  25.2520   0.0100  19.5082 -2781.126
 28  26    928.3    310.7   0.2524  25.2401   0.0100  19.5573 -2772.288
 28  27    928.3    310.7   0.2524  25.2401   0.0100  19.5573 -2772.288
 29   1    930.9    308.1   0.4360  43.6029   0.0100  33.5056 -2971.615
 29   2    932.5    306.5   0.3954  39.5439   0.0100  30.2423 -2941.552
 29   3    926.9    312.1   0.4196  41.9581   0.0100  32.6510 -2980.773
 29   4    929.2    309.8   0.4161  41.6101   0.0100  32.1468 -2967.733
 29   5    930.4    308.6   0.3961  39.6064   0.0100  30.4890 -2944.143
 29   6    930.4    308.6   0.3961  39.6064   0.0100  30.4890 -2944.143
 29   7    929.7    309.3   0.4120  41.1979   0.0100  31.7775 -2960.064
 29   8    929.7    309.3   0.4120  41.1979   0.0100  31.7775 -2960.064
 29   9    929.0    310.0   0.3816  38.1647   0.0100  29.5019 -2933.196
 29  10    928.6    310.4   0.3973  39.7315   0.0100  30.7580 -2950.869
 29  11    928.6    310.4   0.3955  39.5480   0.0100  30.6159 -2949.347
 29  12    927.8    311.2   0.3392  33.9182   0.0100  26.3222 -2891.759
 29  13    923.3    315.7   0.3593  35.9330   0.0100  28.2667 -2928.598
 29  14    925.1    313.9   0.3781  37.8086   0.0100  29.5857 -2939.647
 29  15    924.1    314.9   0.3710  37.0966   0.0100  29.1124 -2936.406
 29  16    924.0    315.0   0.3708  37.0843   0.0100  29.1161 -2936.718
 29  17    924.0    315.0   0.3708  37.0843   0.0100  29.1161 -2936.718
 29  18    926.7    312.3   0.3609  36.0872   0.0100  28.0963 -2918.306
 29  19    930.5    308.5   0.3426  34.2648   0.0100  26.3646 -2882.399
 29  20    929.8    309.2   0.2565  25.6461   0.0100  19.7757 -2783.515
 29  21    927.7    311.3   0.2605  26.0494   0.0100  20.2199 -2790.151
 29  22    930.6    308.4   0.2249  22.4878   0.0100  17.2972 -2734.795
 29  23    930.5    308.5   0.2392  23.9224   0.0100  18.4083 -2756.223
 29  24    930.9    308.1   0.2549  25.4892   0.0100  19.5887 -2778.380
 29  25    930.1    308.9   0.2451  24.5091   0.0100  18.8814 -2765.447
 29  26    929.2    309.8   0.2377  23.7741   0.0100  18.3691 -2751.105
 29  27    929.2    309.8   0.2377  23.7741   0.0100  18.3691 -2751.105
 29  28    927.9    311.1   0.1653  16.5319   0.0100  12.8232 -2628.855
 30   1    930.9    308.1   0.4360  43.6029   0.0100  33.5056 -2971.615
 30   2    932.5    306.5   0.3954  39.5439   0.0100  30.2423 -2941.552
 30   3    926.9    312.1   0.4196  41.9581   0.0100  32.6510 -2980.773
 30   4    929.2    309.8   0.4161  41.6101   0.0100  32.1468 -2967.733
 30   5    930.4    308.6   0.3961  39.6064   0.0100  30.4890 -2944.143
 30   6    930.4    308.6   0.3961  39.6064   0.0100  30.4890 -2944.143
 30   7    929.7    309.3   0.4120  41.1979   0.0100  31.7775 -2960.064
 30   8    929.7    309.3   0.4120  41.1979   0.0100  31.7775 -2960.064
 30   9    929.0    310.0   0.3816  38.1647   0.0100  29.5019 -2933.196
 30  10    928.6    310.4   0.3973  39.7315   0.0100  30.7580 -2950.869
 30  11    928.6    310.4   0.3955  39.5480   0.0100  30.6159 -2949.347
 30  12    927.8    311.2   0.3392  33.9182   0.0100  26.3222 -2891.759
 30  13    923.3    315.7   0.3593  35.9330   0.0100  28.2667 -2928.598
 30  14    925.1    313.9   0.3781  37.8086   0.0100  29.5857 -2939.647
 30  15    924.1    314.9   0.3710  37.0966   0.0100  29.1124 -2936.406
 30  16    924.0    315.0   0.3708  37.0843   0.0100  29.1161 -2936.718
 30  17    924.0    315.0   0.3708  37.0843   0.0100  29.1161 -2936.718
 30  18    926.7    312.3   0.3609  36.0872   0.0100  28.0963 -2918.306
 30  19    930.5    308.5   0.3426  34.2648   0.0100  26.3646 -2882.399
 30  20    929.8    309.2   0.2565  25.6461   0.0100  19.7757 -2783.515
 30  21    927.7    311.3   0.2605  26.0494   0.0100  20.2199 -2790.151
 30  22    930.6    308.4   0.2249  22.4878   0.0100  17.2972 -2734.795
 30  23    930.5    308.5   0.2392  23.9224   0.0100  18.4083 -2756.223
 30  24    930.9    308.1   0.2549  25.4892   0.0100  19.5887 -2778.380
 30  25    930.1    308.9   0.2451  24.5091   0.0100  18.8814 -2765.447
 30  26    929.2    309.8   0.2377  23.7741   0.0100  18.3691 -2751.105
 30  27    929.2    309.8   0.2377  23.7741   0.0100  18.3691 -2751.105
 30  28    927.9    311.1   0.1653  16.5319   0.0100  12.8232 -2628.855
 30  29    928.9    310.1   0.0000   0.0000   0.0100   0.0000 -1663.439
 31   1    931.2    307.8   0.4744  47.4430   0.0100  36.4247 -2996.667
 31   2    932.7    306.3   0.4256  42.5574   0.0100  32.5209 -2962.151
 31   3    927.2    311.8   0.4248  42.4761   0.0100  33.0256 -2980.476
 31   4    929.5    309.5   0.4460  44.5956   0.0100  34.4246 -2983.362
 31   5    930.6    308.4   0.4430  44.2962   0.0100  34.0707 -2976.499
 31   6    930.6    308.4   0.4430  44.2962   0.0100  34.0707 -2976.499
 31   7    930.0    309.0   0.4420  44.1968   0.0100  34.0624 -2980.404
 31   8    930.0    309.0   0.4420  44.1968   0.0100  34.0624 -2980.404
 31   9    929.3    309.7   0.4186  41.8590   0.0100  32.3294 -2962.447
 31  10    928.8    310.2   0.4412  44.1204   0.0100  34.1262 -2981.319
 31  11    928.8    310.2   0.4393  43.9264   0.0100  33.9760 -2979.901
 31  12    928.0    311.0   0.3461  34.6115   0.0100  26.8407 -2889.781
 31  13    923.6    315.4   0.3519  35.1946   0.0100  27.6661 -2913.965
 31  14    925.3    313.7   0.3431  34.3086   0.0100  26.8274 -2897.049
 31  15    924.4    314.6   0.3427  34.2669   0.0100  26.8723 -2899.570
 31  16    924.2    314.8   0.3409  34.0918   0.0100  26.7473 -2897.840
 31  17    924.2    314.8   0.3409  34.0918   0.0100  26.7473 -2897.840
 31  18    927.0    312.0   0.3419  34.1907   0.0100  26.5997 -2889.980
 31  19    930.8    308.2   0.3334  33.3434   0.0100  25.6356 -2868.041
 31  20    930.1    308.9   0.2666  26.6600   0.0100  20.5414 -2788.674
 31  21    928.0    311.0   0.2650  26.4996   0.0100  20.5529 -2794.730
 31  22    930.8    308.2   0.2690  26.9026   0.0100  20.6791 -2788.294
 31  23    930.7    308.3   0.2728  27.2817   0.0100  20.9789 -2794.226
 31  24    931.1    307.9   0.2859  28.5906   0.0100  21.9565 -2808.787
 31  25    930.4    308.6   0.2846  28.4634   0.0100  21.9119 -2814.888
 31  26    929.4    309.6   0.2355  23.5500   0.0100  18.1818 -2742.943
 31  27    929.4    309.6   0.2355  23.5500   0.0100  18.1818 -2742.943
 31  28    928.2    310.8   0.1838  18.3823   0.0100  14.2467 -2652.617
 31  29    929.1    309.9   0.1949  19.4914   0.0100  15.0634 -2670.542
 31  30    929.1    309.9   0.1949  19.4914   0.0100  15.0634 -2670.542
 32   1    933.8    305.2   0.4524  45.2386   0.0100  34.4500 -2974.229
 32   2    935.4    303.6   0.4099  40.9876   0.0100  31.0594 -2941.383
 32   3    929.8    309.2   0.4327  43.2699   0.0100  33.3656 -2980.980
 32   4    932.2    306.8   0.4238  42.3816   0.0100  32.4411 -2963.292
 32   5    933.4    305.6   0.4429  44.2910   0.0100  33.7720 -2972.147
 32   6    933.4    305.6   0.4429  44.2910   0.0100  33.7720 -2972.147
 32   7    932.8    306.2   0.4531  45.3095   0.0100  34.6195 -2981.595
 32   8    932.8    306.2   0.4531  45.3095   0.0100  34.6195 -2981.595
 32   9    932.1    306.9   0.4102  41.0177   0.0100  31.4106 -2950.311
 32  10    931.6    307.4   0.4299  42.9946   0.0100  32.9736 -2968.035
 32  11    931.6    307.4   0.4280  42.8022   0.0100  32.8261 -2966.558
 32  12    930.5    308.5   0.3316  33.1631   0.0100  25.5167 -2876.330
 32  13    926.0    313.0   0.3337  33.3734   0.0100  26.0374 -2890.281
 32  14    927.8    311.2   0.3283  32.8328   0.0100  25.4755 -2874.795
 32  15    926.9    312.1   0.3372  33.7197   0.0100  26.2416 -2886.829
 32  16    926.7    312.3   0.3355  33.5466   0.0100  26.1194 -2885.045
 32  17    926.7    312.3   0.3355  33.5466   0.0100  26.1194 -2885.045
 32  18    929.6    309.4   0.3514  35.1433   0.0100  27.1203 -2892.492
 32  19    933.3    305.7   0.3464  34.6382   0.0100  26.4194 -2877.420
 32  20    932.7    306.3   0.2787  27.8746   0.0100  21.3046 -2805.310
 32  21    930.5    308.5   0.2904  29.0415   0.0100  22.3496 -2824.382
 32  22    933.3    305.7   0.2466  24.6566   0.0100  18.8065 -2755.161
 32  23    933.2    305.8   0.2510  25.1031   0.0100  19.1544 -2763.865
 32  24    933.6    305.4   0.2647  26.4698   0.0100  20.1703 -2775.934
 32  25    933.0    306.0   0.2659  26.5933   0.0100  20.3061 -2786.739
 32  26    931.9    307.1   0.2360  23.5998   0.0100  18.0812 -2734.437
 32  27    931.9    307.1   0.2360  23.5998   0.0100  18.0812 -2734.437
 32  28    930.8    308.2   0.1848  18.4765   0.0100  14.2054 -2651.358
 32  29    931.7    307.3   0.1819  18.1905   0.0100  13.9468 -2640.558
 32  30    931.7    307.3   0.1819  18.1905   0.0100  13.9468 -2640.558
 32  31    931.9    307.1   0.1582  15.8239   0.0100  12.1238 -2590.171
 33   1    930.9    308.1   0.3860  38.6015   0.0100  29.6680 -2925.281
 33   2    932.3    306.7   0.3864  38.6354   0.0100  29.5607 -2927.692
 33   3    926.8    312.2   0.3899  38.9913   0.0100  30.3514 -2951.679
 33   4    929.1    309.9   0.3881  38.8098   0.0100  29.9963 -2939.593
 33   5    930.2    308.8   0.3728  37.2823   0.0100  28.7182 -2920.397
 33   6    930.2    308.8   0.3728  37.2823   0.0100  28.7181 -2920.397
 33   7    929.5    309.5   0.3851  38.5075   0.0100  29.7204 -2932.619
 33   8    929.5    309.5   0.3851  38.5075   0.0100  29.7204 -2932.619
 33   9    928.9    310.1   0.3716  37.1567   0.0100  28.7365 -2922.094
 33  10    928.4    310.6   0.3807  38.0683   0.0100  29.4844 -2934.304
 33  11    928.4    310.6   0.3789  37.8891   0.0100  29.3456 -2932.767
 33  12    927.7    311.3   0.3291  32.9093   0.0100  25.5418 -2875.693
 33  13    923.4    315.6   0.3347  33.4671   0.0100  26.3239 -2903.435
 33  14    925.1    313.9   0.3414  34.1374   0.0100  26.7137 -2902.345
 33  15    924.1    314.9   0.3330  33.2983   0.0100  26.1307 -2895.793
 33  16    924.0    315.0   0.3329  33.2862   0.0100  26.1328 -2896.065
 33  17    924.0    315.0   0.3329  33.2862   0.0100  26.1328 -2896.065
 33  18    926.6    312.4   0.3292  32.9237   0.0100  25.6400 -2874.975
 33  19    930.5    308.5   0.3332  33.3182   0.0100  25.6401 -2869.435
 33  20    929.8    309.2   0.2251  22.5078   0.0100  17.3594 -2721.369
 33  21    927.7    311.3   0.2487  24.8668   0.0100  19.3016 -2762.420
 33  22    930.6    308.4   0.2289  22.8861   0.0100  17.6053 -2733.443
 33  23    930.5    308.5   0.2334  23.3375   0.0100  17.9599 -2738.400
 33  24    930.9    308.1   0.2036  20.3552   0.0100  15.6443 -2681.880
 33  25    930.0    309.0   0.1954  19.5427   0.0100  15.0604 -2678.223
 33  26    929.2    309.8   0.2054  20.5355   0.0100  15.8653 -2691.923
 33  27    929.2    309.8   0.2054  20.5355   0.0100  15.8653 -2691.923
 33  28    927.9    311.1   0.2416  24.1599   0.0100  18.7421 -2750.644
 33  29    928.8    310.2   0.2469  24.6928   0.0100  19.1004 -2759.551
 33  30    928.8    310.2   0.2469  24.6928   0.0100  19.1004 -2759.551
 33  31    929.1    309.9   0.2405  24.0531   0.0100  18.5903 -2745.920
 33  32    931.6    307.4   0.2618  26.1811   0.0100  20.0793 -2777.622
 34   1    930.9    308.1   0.3860  38.6015   0.0100  29.6680 -2925.281
 34   2    932.3    306.7   0.3864  38.6354   0.0100  29.5607 -2927.692
 34   3    926.8    312.2   0.3899  38.9913   0.0100  30.3514 -2951.679
 34   4    929.1    309.9   0.3881  38.8098   0.0100  29.9963 -2939.593
 34   5    930.2    308.8   0.3728  37.2823   0.0100  28.7181 -2920.397
 34   6    930.2    308.8   0.3728  37.2823   0.0100  28.7181 -2920.397
 34   7    929.5    309.5   0.3851  38.5075   0.0100  29.7204 -2932.619
 34   8    929.5    309.5   0.3851  38.5075   0.0100  29.7204 -2932.619
 34   9    928.9    310.1   0.3716  37.1567   0.0100  28.7365 -2922.094
 34  10    928.4    310.6   0.3807  38.0683   0.0100  29.4844 -2934.304
 34  11    928.4    310.6   0.3789  37.8891   0.0100  29.3456 -2932.767
 34  12    927.7    311.3   0.3291  32.9093   0.0100  25.5418 -2875.693
 34  13    923.4    315.6   0.3347  33.4671   0.0100  26.3239 -2903.435
 34  14    925.1    313.9   0.3414  34.1374   0.0100  26.7137 -2902.345
 34  15    924.1    314.9   0.3330  33.2983   0.0100  26.1307 -2895.793
 34  16    924.0    315.0   0.3329  33.2862   0.0100  26.1328 -2896.065
 34  17    924.0    315.0   0.3329  33.2862   0.0100  26.1328 -2896.065
 34  18    926.6    312.4   0.3292  32.9237   0.0100  25.6400 -2874.975
 34  19    930.5    308.5   0.3332  33.3182   0.0100  25.6401 -2869.435
 34  20    929.8    309.2   0.2251  22.5078   0.0100  17.3594 -2721.369
 34  21    927.7    311.3   0.2487  24.8668   0.0100  19.3016 -2762.420
 34  22    930.6    308.4   0.2289  22.8861   0.0100  17.6053 -2733.443
 34  23    930.5    308.5   0.2334  23.3375   0.0100  17.9599 -2738.400
 34  24    930.9    308.1   0.2036  20.3552   0.0100  15.6443 -2681.880
 34  25    930.0    309.0   0.1954  19.5427   0.0100  15.0604 -2678.223
 34  26    929.2    309.8   0.2054  20.5355   0.0100  15.8653 -2691.923
 34  27    929.2    309.8   0.2054  20.5355   0.0100  15.8653 -2691.923
 34  28    927.9    311.1   0.2416  24.1599   0.0100  18.7421 -2750.644
 34  29    928.8    310.2   0.2469  24.6928   0.0100  19.1004 -2759.551
 34  30    928.8    310.2   0.2469  24.6928   0.0100  19.1004 -2759.551
 34  31    929.1    309.9   0.2405  24.0531   0.0100  18.5903 -2745.920
 34  32    931.6    307.4   0.2618  26.1811   0.0100  20.0793 -2777.622
 34  33    928.9    310.1   0.0000   0.0000   0.0100   0.0000 -1663.239
 35   1    931.5    307.5   0.4420  44.1993   0.0100  33.9058 -2974.896
 35   2    933.0    306.0   0.3922  39.2177   0.0100  29.9452 -2926.663
 35   3    927.4    311.6   0.4090  40.8972   0.0100  31.7726 -2966.466
 35   4    929.7    309.3   0.4321  43.2146   0.0100  33.3329 -2974.784
 35   5    930.9    308.1   0.3983  39.8255   0.0100  30.6111 -2940.652
 35   6    930.9    308.1   0.3983  39.8255   0.0100  30.6111 -2940.652
 35   7    930.2    308.8   0.4124  41.2360   0.0100  31.7582 -2956.520
 35   8    930.2    308.8   0.4124  41.2360   0.0100  31.7582 -2956.520
 35   9    929.5    309.5   0.4022  40.2236   0.0100  31.0440 -2946.467
 35  10    929.1    309.9   0.4040  40.3995   0.0100  31.2254 -2952.074
 35  11    929.1    309.9   0.4021  40.2147   0.0100  31.0825 -2950.582
 35  12    928.3    310.7   0.3285  32.8454   0.0100  25.4461 -2875.754
 35  13    923.9    315.1   0.3543  35.4323   0.0100  27.8229 -2917.424
 35  14    925.6    313.4   0.3716  37.1557   0.0100  29.0243 -2930.477
 35  15    924.7    314.3   0.3634  36.3372   0.0100  28.4662 -2924.823
 35  16    924.6    314.4   0.3616  36.1583   0.0100  28.3389 -2923.166
 35  17    924.6    314.4   0.3616  36.1583   0.0100  28.3389 -2923.166
 35  18    927.3    311.7   0.3122  31.2176   0.0100  24.2649 -2860.410
 35  19    931.1    307.9   0.3517  35.1652   0.0100  27.0114 -2888.175
 35  20    930.4    308.6   0.2266  22.6581   0.0100  17.4423 -2729.023
 35  21    928.3    310.7   0.2565  25.6453   0.0100  19.8709 -2780.992
 35  22    931.2    307.8   0.2116  21.1601   0.0100  16.2484 -2701.149
 35  23    931.0    308.0   0.2214  22.1396   0.0100  17.0075 -2716.385
 35  24    931.5    307.5   0.2146  21.4637   0.0100  16.4668 -2700.852
 35  25    930.7    308.3   0.2130  21.2988   0.0100  16.3818 -2705.566
 35  26    929.8    309.2   0.2285  22.8501   0.0100  17.6233 -2734.886
 35  27    929.8    309.2   0.2285  22.8501   0.0100  17.6233 -2734.886
 35  28    928.5    310.5   0.2654  26.5371   0.0100  20.5483 -2791.154
 35  29    929.4    309.6   0.2486  24.8597   0.0100  19.1943 -2763.966
 35  30    929.4    309.6   0.2486  24.8597   0.0100  19.1943 -2763.966
 35  31    929.7    309.3   0.2619  26.1874   0.0100  20.2033 -2778.952
 35  32    932.2    306.8   0.2632  26.3214   0.0100  20.1482 -2779.164
 35  33    929.4    309.6   0.1825  18.2492   0.0100  14.0905 -2647.486
 35  34    929.4    309.6   0.1825  18.2492   0.0100  14.0905 -2647.486
 36   1    931.8    307.2   0.4023  40.2273   0.0100  30.8270 -2933.790
 36   2    933.3    305.7   0.3841  38.4134   0.0100  29.3011 -2918.759
 36   3    927.7    311.3   0.3941  39.4132   0.0100  30.5888 -2952.842
 36   4    930.1    308.9   0.4086  40.8568   0.0100  31.4826 -2956.147
 36   5    931.2    307.8   0.3792  37.9202   0.0100  29.1184 -2924.854
 36   6    931.2    307.8   0.3792  37.9202   0.0100  29.1184 -2924.854
 36   7    930.5    308.5   0.3918  39.1845   0.0100  30.1489 -2939.599
 36   8    930.5    308.5   0.3918  39.1845   0.0100  30.1489 -2939.599
 36   9    929.9    309.1   0.3613  36.1340   0.0100  27.8605 -2909.207
 36  10    929.4    309.6   0.3741  37.4084   0.0100  28.8852 -2924.799
 36  11    929.4    309.6   0.3723  37.2317   0.0100  28.7488 -2923.238
 36  12    928.7    310.3   0.3254  32.5415   0.0100  25.1824 -2876.402
 36  13    924.3    314.7   0.3363  33.6325   0.0100  26.3789 -2903.561
 36  14    926.0    313.0   0.3539  35.3923   0.0100  27.6155 -2916.878
 36  15    925.1    313.9   0.3530  35.2992   0.0100  27.6214 -2919.447
 36  16    924.9    314.1   0.3512  35.1211   0.0100  27.4944 -2917.753
 36  17    924.9    314.1   0.3512  35.1211   0.0100  27.4944 -2917.753
 36  18    927.6    311.4   0.3460  34.5974   0.0100  26.8630 -2897.900
 36  19    931.4    307.6   0.3441  34.4059   0.0100  26.3994 -2877.964
 36  20    930.7    308.3   0.2313  23.1344   0.0100  17.7899 -2737.500
 36  21    928.6    310.4   0.2365  23.6452   0.0100  18.3009 -2746.321
 36  22    931.5    307.5   0.2303  23.0332   0.0100  17.6664 -2736.601
 36  23    931.4    307.6   0.2362  23.6218   0.0100  18.1255 -2746.653
 36  24    931.8    307.2   0.2316  23.1603   0.0100  17.7484 -2732.762
 36  25    931.0    308.0   0.2234  22.3450   0.0100  17.1678 -2725.465
 36  26    930.1    308.9   0.2360  23.6018   0.0100  18.1826 -2738.191
 36  27    930.1    308.9   0.2360  23.6018   0.0100  18.1826 -2738.191
 36  28    928.8    310.2   0.2518  25.1793   0.0100  19.4762 -2774.426
 36  29    929.8    309.2   0.2547  25.4652   0.0100  19.6405 -2775.436
 36  30    929.8    309.2   0.2547  25.4652   0.0100  19.6405 -2775.436
 36  31    930.0    309.0   0.2617  26.1735   0.0100  20.1703 -2775.887
 36  32    932.5    306.5   0.2524  25.2377   0.0100  19.2974 -2759.973
 36  33    929.8    309.2   0.1860  18.6020   0.0100  14.3471 -2648.093
 36  34    929.8    309.2   0.1860  18.6020   0.0100  14.3471 -2648.093
 36  35    930.3    308.7   0.1668  16.6751   0.0100  12.8381 -2616.541
 37   1    928.7    310.3   0.3950  39.5018   0.0100  30.5677 -2943.494
 37   2    930.2    308.8   0.3841  38.4123   0.0100  29.5899 -2933.613
 37   3    924.6    314.4   0.3692  36.9195   0.0100  28.9327 -2938.692
 37   4    926.9    312.1   0.3848  38.4792   0.0100  29.9412 -2945.967
 37   5    928.1    310.9   0.3855  38.5549   0.0100  29.8945 -2942.858
 37   6    928.1    310.9   0.3855  38.5549   0.0100  29.8945 -2942.858
 37   7    927.4    311.6   0.4009  40.0926   0.0100  31.1488 -2959.254
 37   8    927.4    311.6   0.4009  40.0926   0.0100  31.1488 -2959.254
 37   9    926.7    312.3   0.3721  37.2067   0.0100  28.9658 -2931.990
 37  10    926.3    312.7   0.3935  39.3494   0.0100  30.6790 -2957.143
 37  11    926.3    312.7   0.3917  39.1672   0.0100  30.5369 -2955.604
 37  12    925.4    313.6   0.3171  31.7104   0.0100  24.7871 -2870.403
 37  13    921.0    318.0   0.3360  33.5971   0.0100  26.6184 -2908.372
 37  14    922.7    316.3   0.3454  34.5379   0.0100  27.2210 -2914.272
 37  15    921.8    317.2   0.3284  32.8363   0.0100  25.9541 -2899.195
 37  16    921.6    317.4   0.3266  32.6645   0.0100  25.8300 -2897.435
 37  17    921.6    317.4   0.3266  32.6645   0.0100  25.8300 -2897.435
 37  18    924.4    314.6   0.3370  33.6986   0.0100  26.4267 -2898.463
 37  19    928.2    310.8   0.3370  33.7006   0.0100  26.1165 -2883.445
 37  20    927.5    311.5   0.2345  23.4459   0.0100  18.2092 -2755.128
 37  21    925.4    313.6   0.2274  22.7431   0.0100  17.7785 -2743.422
 37  22    928.3    310.7   0.2191  21.9127   0.0100  16.9782 -2728.878
 37  23    928.2    310.8   0.2279  22.7853   0.0100  17.6611 -2742.491
 37  24    928.6    310.4   0.2116  21.1580   0.0100  16.3778 -2712.112
 37  25    927.8    311.2   0.2345  23.4528   0.0100  18.2003 -2754.142
 37  26    926.9    312.1   0.2303  23.0318   0.0100  17.9215 -2740.115
 37  27    926.9    312.1   0.2303  23.0318   0.0100  17.9215 -2740.115
 37  28    925.6    313.4   0.2586  25.8615   0.0100  20.2016 -2791.137
 37  29    926.6    312.4   0.2420  24.2012   0.0100  18.8515 -2766.110
 37  30    926.6    312.4   0.2420  24.2012   0.0100  18.8515 -2766.110
 37  31    926.8    312.2   0.2531  25.3073   0.0100  19.6982 -2774.556
 37  32    929.3    309.7   0.2623  26.2345   0.0100  20.2623 -2784.813
 37  33    926.6    312.4   0.1600  16.0046   0.0100  12.4667 -2618.061
 37  34    926.6    312.4   0.1600  16.0046   0.0100  12.4667 -2618.061
 37  35    927.1    311.9   0.1719  17.1924   0.0100  13.3684 -2634.658
 37  36    927.5    311.5   0.0093   0.9266   0.0100   0.7197 -2455.781
 38   1    928.5    310.5   0.4130  41.2962   0.0100  31.9721 -2955.487
 38   2    930.0    309.0   0.3868  38.6790   0.0100  29.8116 -2934.160
 38   3    924.4    314.6   0.3701  37.0105   0.0100  29.0192 -2939.021
 38   4    926.7    312.3   0.4106  41.0592   0.0100  31.9663 -2968.043
 38   5    927.9    311.1   0.3927  39.2746   0.0100  30.4712 -2946.701
 38   6    927.9    311.1   0.3927  39.2746   0.0100  30.4712 -2946.701
 38   7    927.2    311.8   0.3961  39.6103   0.0100  30.7926 -2952.548
 38   8    927.2    311.8   0.3961  39.6103   0.0100  30.7926 -2952.548
 38   9    926.6    312.4   0.3608  36.0828   0.0100  28.1072 -2918.310
 38  10    926.1    312.9   0.3961  39.6109   0.0100  30.9007 -2955.102
 38  11    926.1    312.9   0.3943  39.4288   0.0100  30.7586 -2953.580
 38  12    925.3    313.7   0.3137  31.3682   0.0100  24.5297 -2865.192
 38  13    920.9    318.1   0.3394  33.9369   0.0100  26.8969 -2913.788
 38  14    922.6    316.4   0.3415  34.1515   0.0100  26.9270 -2910.478
 38  15    921.7    317.3   0.3425  34.2453   0.0100  27.0778 -2914.963
 38  16    921.5    317.5   0.3407  34.0686   0.0100  26.9501 -2913.233
 38  17    921.5    317.5   0.3407  34.0686   0.0100  26.9501 -2913.233
 38  18    924.2    314.8   0.3208  32.0807   0.0100  25.1697 -2881.347
 38  19    928.1    310.9   0.3261  32.6092   0.0100  25.2821 -2870.980
 38  20    927.4    311.6   0.2309  23.0913   0.0100  17.9422 -2750.550
 38  21    925.3    313.7   0.2372  23.7249   0.0100  18.5535 -2756.713
 38  22    928.2    310.8   0.2149  21.4857   0.0100  16.6539 -2721.652
 38  23    928.0    311.0   0.2267  22.6720   0.0100  17.5803 -2741.004
 38  24    928.5    310.5   0.2338  23.3787   0.0100  18.1040 -2742.781
 38  25    927.6    311.4   0.2308  23.0807   0.0100  17.9201 -2744.398
 38  26    926.8    312.2   0.2338  23.3833   0.0100  18.2018 -2745.506
 38  27    926.8    312.2   0.2338  23.3833   0.0100  18.2018 -2745.506
 38  28    925.5    313.5   0.2688  26.8761   0.0100  21.0038 -2805.787
 38  29    926.4    312.6   0.2517  25.1697   0.0100  19.6145 -2780.272
 38  30    926.4    312.6   0.2517  25.1697   0.0100  19.6145 -2780.272
 38  31    926.7    312.3   0.2502  25.0182   0.0100  19.4814 -2771.242
 38  32    929.2    309.8   0.2420  24.2036   0.0100  18.7023 -2755.553
 38  33    926.4    312.6   0.1764  17.6389   0.0100  13.7451 -2646.692
 38  34    926.4    312.6   0.1764  17.6389   0.0100  13.7451 -2646.692
 38  35    927.0    312.0   0.1569  15.6862   0.0100  12.2023 -2611.129
 38  36    927.4    311.6   0.0130   1.3018   0.0100   1.0115 -2531.894
 38  37    924.1    314.9   0.0077   0.7738   0.0100   0.6073 -2424.451

