Supplemental results for CODEML (seqf: /gpfs/scratch/cltucker/EBH381-Group-Project/SIV_aligned_GAG.fas  treef: )


pairwise comparison (Goldman & Yang 1994)
seq seq        N       S       dN       dS     dN/dS   Paras.
  2   1    570.7    230.3   0.2119   2.1185   0.1000   2.2802 -1800.333
  3   1    571.0    230.0   0.2602   2.6020   0.1000   2.7982 -1842.291
  3   2    571.2    229.8   0.1924   1.9237   0.1000   2.0672 -1785.867
  4   1    570.3    230.7   0.2498   2.4982   0.1000   2.6924 -1831.432
  4   2    570.5    230.5   0.1568   1.5684   0.1000   1.6889 -1760.524
  4   3    570.8    230.2   0.0866   0.8660   0.1000   0.9318 -1646.117
  5   1    571.6    229.4   0.2291   2.2911   0.1000   2.4586 -1820.212
  5   2    571.9    229.1   0.1906   1.9065   0.1000   2.0443 -1788.632
  5   3    572.2    228.8   0.1016   1.0163   0.1000   1.0888 -1674.827
  5   4    571.5    229.5   0.0799   0.7986   0.1000   0.8574 -1623.677
  6   1    571.6    229.4   0.2291   2.2911   0.1000   2.4586 -1820.212
  6   2    571.9    229.1   0.1906   1.9065   0.1000   2.0443 -1788.632
  6   3    572.2    228.8   0.1016   1.0163   0.1000   1.0888 -1674.827
  6   4    571.5    229.5   0.0799   0.7986   0.1000   0.8574 -1623.677
  6   5    572.9    228.1   0.0000   0.0000   0.1000   0.0000 -1069.542
  7   1    571.8    229.2   0.1924   1.9237   0.1000   2.0633 -1793.000
  7   2    572.0    229.0   0.1824   1.8236   0.1000   1.9544 -1782.538
  7   3    572.3    228.7   0.0851   0.8506   0.1000   0.9107 -1647.671
  7   4    571.6    229.4   0.0774   0.7737   0.1000   0.8303 -1620.686
  7   5    573.1    227.9   0.0146   0.1463   0.1000   0.1563 -1286.291
  7   6    573.1    227.9   0.0146   0.1463   0.1000   0.1563 -1286.291
  8   1    571.8    229.2   0.1924   1.9237   0.1000   2.0633 -1793.000
  8   2    572.0    229.0   0.1824   1.8236   0.1000   1.9544 -1782.538
  8   3    572.3    228.7   0.0851   0.8506   0.1000   0.9107 -1647.671
  8   4    571.6    229.4   0.0774   0.7737   0.1000   0.8303 -1620.686
  8   5    573.1    227.9   0.0146   0.1463   0.1000   0.1563 -1286.291
  8   6    573.1    227.9   0.0146   0.1463   0.1000   0.1563 -1286.291
  8   7    573.2    227.8   0.0000   0.0000   0.1000   0.0000 -1069.482
  9   1    571.7    229.3   0.2580   2.5802   0.1000   2.7687 -1828.427
  9   2    571.9    229.1   0.1946   1.9464   0.1000   2.0870 -1786.451
  9   3    572.2    228.8   0.0764   0.7638   0.1000   0.8182 -1622.028
  9   4    571.5    229.5   0.0750   0.7499   0.1000   0.8051 -1616.996
  9   5    572.9    228.1   0.0434   0.4345   0.1000   0.4644 -1487.815
  9   6    572.9    228.1   0.0434   0.4345   0.1000   0.4644 -1487.815
  9   7    573.0    228.0   0.0443   0.4434   0.1000   0.4737 -1485.798
  9   8    573.0    228.0   0.0443   0.4434   0.1000   0.4737 -1485.798
 10   1    571.2    229.8   0.2501   2.5010   0.1000   2.6877 -1827.326
 10   2    571.4    229.6   0.1708   1.7081   0.1000   1.8342 -1773.416
 10   3    571.7    229.3   0.0705   0.7053   0.1000   0.7567 -1597.946
 10   4    571.0    230.0   0.0626   0.6260   0.1000   0.6731 -1583.788
 10   5    572.4    228.6   0.0346   0.3460   0.1000   0.3705 -1433.988
 10   6    572.4    228.6   0.0346   0.3460   0.1000   0.3705 -1433.988
 10   7    572.6    228.4   0.0336   0.3362   0.1000   0.3598 -1423.497
 10   8    572.6    228.4   0.0336   0.3362   0.1000   0.3598 -1423.497
 10   9    572.4    228.6   0.0323   0.3233   0.1000   0.3461 -1424.835
 11   1    571.1    229.9   0.2444   2.4444   0.1000   2.6272 -1824.822
 11   2    571.4    229.6   0.1669   1.6689   0.1000   1.7924 -1769.763
 11   3    571.7    229.3   0.0705   0.7054   0.1000   0.7569 -1597.163
 11   4    571.0    230.0   0.0610   0.6102   0.1000   0.6562 -1580.997
 11   5    572.4    228.6   0.0359   0.3588   0.1000   0.3841 -1439.948
 11   6    572.4    228.6   0.0359   0.3588   0.1000   0.3841 -1439.948
 11   7    572.5    228.5   0.0337   0.3367   0.1000   0.3603 -1422.587
 11   8    572.5    228.5   0.0337   0.3367   0.1000   0.3603 -1422.587
 11   9    572.4    228.6   0.0324   0.3238   0.1000   0.3467 -1423.385
 11  10    571.9    229.1   0.0014   0.0139   0.1000   0.0149 -1095.964
 12   1    570.5    230.5   0.3652   3.6518   0.1000   3.9325 -1886.197
 12   2    570.8    230.2   0.3177   3.1766   0.1000   3.4180 -1861.512
 12   3    571.0    230.0   0.4098   4.0980   0.1000   4.4059 -1925.179
 12   4    570.4    230.6   0.3770   3.7699   0.1000   4.0617 -1903.294
 12   5    571.7    229.3   0.4105   4.1048   0.1000   4.4039 -1919.629
 12   6    571.7    229.3   0.4105   4.1048   0.1000   4.4039 -1919.629
 12   7    571.9    229.1   0.4319   4.3193   0.1000   4.6317 -1932.096
 12   8    571.9    229.1   0.4319   4.3193   0.1000   4.6317 -1932.096
 12   9    571.7    229.3   0.4108   4.1079   0.1000   4.4071 -1916.509
 12  10    571.2    229.8   0.3787   3.7868   0.1000   4.0687 -1904.292
 12  11    571.2    229.8   0.3863   3.8634   0.1000   4.1516 -1906.750
 13   1    570.0    231.0   0.3478   3.4779   0.1000   3.7518 -1877.506
 13   2    570.2    230.8   0.3643   3.6431   0.1000   3.9269 -1892.195
 13   3    570.5    230.5   0.3881   3.8807   0.1000   4.1796 -1913.480
 13   4    569.8    231.2   0.3954   3.9543   0.1000   4.2680 -1910.302
 13   5    571.2    229.8   0.4018   4.0182   0.1000   4.3184 -1913.045
 13   6    571.2    229.8   0.4018   4.0182   0.1000   4.3184 -1913.045
 13   7    571.3    229.7   0.3962   3.9624   0.1000   4.2563 -1910.848
 13   8    571.3    229.7   0.3962   3.9624   0.1000   4.2563 -1910.848
 13   9    571.2    229.8   0.3734   3.7336   0.1000   4.0124 -1901.591
 13  10    570.7    230.3   0.3574   3.5736   0.1000   3.8463 -1890.881
 13  11    570.7    230.3   0.3656   3.6564   0.1000   3.9359 -1893.751
 13  12    570.0    231.0   0.1293   1.2935   0.1000   1.3950 -1718.801
 14   1    569.7    231.3   0.3421   3.4215   0.1000   3.6935 -1872.769
 14   2    570.0    231.0   0.3625   3.6250   0.1000   3.9101 -1887.073
 14   3    570.3    230.7   0.3768   3.7677   0.1000   4.0606 -1906.751
 14   4    569.6    231.4   0.3852   3.8520   0.1000   4.1604 -1905.314
 14   5    571.0    230.0   0.3931   3.9306   0.1000   4.2267 -1910.327
 14   6    571.0    230.0   0.3931   3.9306   0.1000   4.2267 -1910.327
 14   7    571.1    229.9   0.3803   3.8027   0.1000   4.0871 -1906.302
 14   8    571.1    229.9   0.3803   3.8027   0.1000   4.0871 -1906.302
 14   9    571.0    230.0   0.3549   3.5488   0.1000   3.8163 -1894.084
 14  10    570.5    230.5   0.3436   3.4356   0.1000   3.7002 -1884.609
 14  11    570.5    230.5   0.3516   3.5158   0.1000   3.7869 -1887.534
 14  12    569.8    231.2   0.1533   1.5326   0.1000   1.6541 -1741.305
 14  13    569.3    231.7   0.0085   0.0849   0.1000   0.0918 -1215.264
 15   1    569.8    231.2   0.3481   3.4812   0.1000   3.7575 -1878.286
 15   2    570.0    231.0   0.3547   3.5474   0.1000   3.8259 -1884.052
 15   3    570.3    230.7   0.3849   3.8488   0.1000   4.1473 -1910.206
 15   4    569.6    231.4   0.3955   3.9555   0.1000   4.2716 -1911.130
 15   5    571.0    230.0   0.3995   3.9950   0.1000   4.2954 -1913.285
 15   6    571.0    230.0   0.3995   3.9950   0.1000   4.2954 -1913.285
 15   7    571.2    229.8   0.3947   3.9471   0.1000   4.2417 -1911.471
 15   8    571.2    229.8   0.3947   3.9471   0.1000   4.2417 -1911.471
 15   9    571.0    230.0   0.3760   3.7604   0.1000   4.0432 -1903.006
 15  10    570.5    230.5   0.3636   3.6363   0.1000   3.9157 -1894.739
 15  11    570.5    230.5   0.3719   3.7194   0.1000   4.0057 -1897.531
 15  12    569.9    231.1   0.1542   1.5415   0.1000   1.6634 -1745.560
 15  13    569.3    231.7   0.0089   0.0891   0.1000   0.0963 -1217.389
 15  14    569.1    231.9   0.0054   0.0543   0.1000   0.0587 -1171.997
 16   1    569.8    231.2   0.3410   3.4100   0.1000   3.6800 -1873.244
 16   2    570.1    230.9   0.3476   3.4760   0.1000   3.7483 -1879.218
 16   3    570.4    230.6   0.3835   3.8353   0.1000   4.1322 -1908.409
 16   4    569.7    231.3   0.3878   3.8785   0.1000   4.1878 -1906.533
 16   5    571.1    229.9   0.3979   3.9786   0.1000   4.2771 -1911.410
 16   6    571.1    229.9   0.3979   3.9786   0.1000   4.2771 -1911.410
 16   7    571.2    229.8   0.3932   3.9317   0.1000   4.2246 -1909.589
 16   8    571.2    229.8   0.3932   3.9317   0.1000   4.2246 -1909.589
 16   9    571.1    229.9   0.3680   3.6799   0.1000   3.9560 -1898.154
 16  10    570.6    230.4   0.3559   3.5587   0.1000   3.8315 -1889.781
 16  11    570.5    230.5   0.3641   3.6408   0.1000   3.9205 -1892.632
 16  12    569.9    231.1   0.1492   1.4924   0.1000   1.6102 -1738.913
 16  13    569.4    231.6   0.0081   0.0812   0.1000   0.0878 -1204.804
 16  14    569.1    231.9   0.0047   0.0468   0.1000   0.0506 -1158.403
 16  15    569.2    231.8   0.0007   0.0070   0.1000   0.0076 -1091.026
 17   1    569.8    231.2   0.3410   3.4100   0.1000   3.6800 -1873.244
 17   2    570.1    230.9   0.3476   3.4760   0.1000   3.7483 -1879.218
 17   3    570.4    230.6   0.3835   3.8353   0.1000   4.1322 -1908.409
 17   4    569.7    231.3   0.3878   3.8785   0.1000   4.1878 -1906.533
 17   5    571.1    229.9   0.3979   3.9786   0.1000   4.2771 -1911.410
 17   6    571.1    229.9   0.3979   3.9786   0.1000   4.2771 -1911.410
 17   7    571.2    229.8   0.3932   3.9317   0.1000   4.2246 -1909.589
 17   8    571.2    229.8   0.3932   3.9317   0.1000   4.2246 -1909.589
 17   9    571.1    229.9   0.3680   3.6799   0.1000   3.9560 -1898.154
 17  10    570.6    230.4   0.3559   3.5587   0.1000   3.8315 -1889.781
 17  11    570.5    230.5   0.3641   3.6408   0.1000   3.9205 -1892.632
 17  12    569.9    231.1   0.1492   1.4924   0.1000   1.6102 -1738.913
 17  13    569.4    231.6   0.0081   0.0812   0.1000   0.0878 -1204.804
 17  14    569.1    231.9   0.0047   0.0468   0.1000   0.0506 -1158.403
 17  15    569.2    231.8   0.0007   0.0070   0.1000   0.0076 -1091.026
 17  16    569.2    231.8   0.0000   0.0000   0.1000   0.0000 -1071.450
 18   1    570.4    230.6   0.3212   3.2118   0.1000   3.4597 -1871.936
 18   2    570.7    230.3   0.3683   3.6835   0.1000   3.9647 -1890.605
 18   3    570.9    230.1   0.4270   4.2698   0.1000   4.5920 -1935.454
 18   4    570.3    230.7   0.4255   4.2546   0.1000   4.5854 -1933.222
 18   5    571.6    229.4   0.3920   3.9197   0.1000   4.2064 -1924.765
 18   6    571.6    229.4   0.3920   3.9197   0.1000   4.2064 -1924.765
 18   7    571.8    229.2   0.4032   4.0321   0.1000   4.3249 -1931.572
 18   8    571.8    229.2   0.4032   4.0321   0.1000   4.3249 -1931.572
 18   9    571.6    229.4   0.4016   4.0163   0.1000   4.3099 -1925.993
 18  10    571.2    229.8   0.3856   3.8563   0.1000   4.1442 -1921.253
 18  11    571.1    229.9   0.3869   3.8690   0.1000   4.1585 -1921.794
 18  12    570.5    230.5   0.1217   1.2166   0.1000   1.3101 -1713.647
 18  13    570.0    231.0   0.0923   0.9227   0.1000   0.9954 -1672.204
 18  14    569.7    231.3   0.1020   1.0204   0.1000   1.1016 -1677.619
 18  15    569.8    231.2   0.0969   0.9688   0.1000   1.0457 -1675.533
 18  16    569.8    231.2   0.0939   0.9392   0.1000   1.0136 -1667.750
 18  17    569.8    231.2   0.0939   0.9392   0.1000   1.0136 -1667.750
 19   1    569.5    231.5   0.3173   3.1731   0.1000   3.4284 -1868.995
 19   2    569.7    231.3   0.3111   3.1109   0.1000   3.3584 -1866.024
 19   3    570.0    231.0   0.3649   3.6489   0.1000   3.9361 -1915.171
 19   4    569.3    231.7   0.3956   3.9556   0.1000   4.2760 -1919.339
 19   5    570.7    230.3   0.4065   4.0650   0.1000   4.3756 -1925.242
 19   6    570.7    230.3   0.4065   4.0650   0.1000   4.3756 -1925.242
 19   7    570.8    230.2   0.3984   3.9837   0.1000   4.2860 -1927.786
 19   8    570.8    230.2   0.3984   3.9837   0.1000   4.2860 -1927.786
 19   9    570.7    230.3   0.3768   3.7676   0.1000   4.0552 -1915.090
 19  10    570.2    230.8   0.3959   3.9594   0.1000   4.2681 -1921.672
 19  11    570.2    230.8   0.3971   3.9714   0.1000   4.2815 -1922.199
 19  12    569.6    231.4   0.1229   1.2295   0.1000   1.3280 -1717.255
 19  13    569.0    232.0   0.1054   1.0536   0.1000   1.1400 -1695.467
 19  14    568.8    232.2   0.1072   1.0724   0.1000   1.1613 -1690.201
 19  15    568.8    232.2   0.1081   1.0808   0.1000   1.1701 -1694.611
 19  16    568.9    232.1   0.1047   1.0469   0.1000   1.1333 -1686.995
 19  17    568.9    232.1   0.1047   1.0469   0.1000   1.1333 -1686.995
 19  18    569.5    231.5   0.0447   0.4474   0.1000   0.4834 -1519.324
 20   1    570.0    231.0   0.3360   3.3601   0.1000   3.6249 -1877.828
 20   2    570.2    230.8   0.3448   3.4480   0.1000   3.7167 -1888.451
 20   3    570.5    230.5   0.4186   4.1859   0.1000   4.5085 -1938.261
 20   4    569.8    231.2   0.4010   4.0096   0.1000   4.3278 -1916.605
 20   5    571.2    229.8   0.3584   3.5839   0.1000   3.8516 -1909.385
 20   6    571.2    229.8   0.3584   3.5839   0.1000   3.8516 -1909.385
 20   7    571.3    229.7   0.3568   3.5682   0.1000   3.8330 -1909.425
 20   8    571.3    229.7   0.3568   3.5682   0.1000   3.8330 -1909.425
 20   9    571.2    229.8   0.3915   3.9154   0.1000   4.2078 -1913.435
 20  10    570.7    230.3   0.3845   3.8455   0.1000   4.1387 -1914.799
 20  11    570.7    230.3   0.3918   3.9182   0.1000   4.2175 -1917.224
 20  12    570.1    230.9   0.2504   2.5043   0.1000   2.7007 -1818.976
 20  13    569.5    231.5   0.2473   2.4729   0.1000   2.6717 -1826.149
 20  14    569.3    231.7   0.2431   2.4309   0.1000   2.6281 -1824.988
 20  15    569.3    231.7   0.2472   2.4715   0.1000   2.6717 -1826.610
 20  16    569.4    231.6   0.2463   2.4631   0.1000   2.6621 -1824.559
 20  17    569.4    231.6   0.2463   2.4631   0.1000   2.6621 -1824.559
 20  18    569.9    231.1   0.2134   2.1345   0.1000   2.3028 -1811.451
 20  19    569.0    232.0   0.2149   2.1489   0.1000   2.3253 -1814.340
 21   1    570.3    230.7   0.3081   3.0812   0.1000   3.3200 -1863.106
 21   2    570.6    230.4   0.3550   3.5502   0.1000   3.8224 -1885.696
 21   3    570.9    230.1   0.3827   3.8268   0.1000   4.1166 -1908.153
 21   4    570.2    230.8   0.3913   3.9134   0.1000   4.2190 -1914.273
 21   5    571.6    229.4   0.3920   3.9197   0.1000   4.2072 -1914.109
 21   6    571.6    229.4   0.3920   3.9197   0.1000   4.2072 -1914.109
 21   7    571.7    229.3   0.4098   4.0983   0.1000   4.3966 -1924.112
 21   8    571.7    229.3   0.4098   4.0983   0.1000   4.3966 -1924.112
 21   9    571.6    229.4   0.4081   4.0814   0.1000   4.3809 -1913.872
 21  10    571.1    229.9   0.3934   3.9341   0.1000   4.2292 -1914.378
 21  11    571.0    230.0   0.3930   3.9298   0.1000   4.2251 -1913.536
 21  12    570.4    230.6   0.2046   2.0461   0.1000   2.2042 -1792.523
 21  13    569.9    231.1   0.2448   2.4482   0.1000   2.6419 -1826.145
 21  14    569.6    231.4   0.2523   2.5234   0.1000   2.7249 -1832.406
 21  15    569.7    231.3   0.2578   2.5776   0.1000   2.7831 -1835.203
 21  16    569.7    231.3   0.2568   2.5684   0.1000   2.7727 -1833.204
 21  17    569.7    231.3   0.2568   2.5684   0.1000   2.7727 -1833.204
 21  18    570.3    230.7   0.2471   2.4707   0.1000   2.6622 -1827.109
 21  19    569.4    231.6   0.2551   2.5510   0.1000   2.7571 -1831.754
 21  20    569.9    231.1   0.1701   1.7006   0.1000   1.8351 -1767.611
 22   1    569.9    231.1   0.3529   3.5292   0.1000   3.8082 -1876.265
 22   2    570.1    230.9   0.3354   3.3538   0.1000   3.6161 -1867.993
 22   3    570.4    230.6   0.3827   3.8274   0.1000   4.1233 -1902.065
 22   4    569.7    231.3   0.3783   3.7832   0.1000   4.0844 -1896.191
 22   5    571.1    229.9   0.4081   4.0810   0.1000   4.3869 -1916.321
 22   6    571.1    229.9   0.4081   4.0810   0.1000   4.3869 -1916.321
 22   7    571.3    229.7   0.3673   3.6733   0.1000   3.9467 -1905.539
 22   8    571.3    229.7   0.3673   3.6733   0.1000   3.9467 -1905.539
 22   9    571.1    229.9   0.3863   3.8634   0.1000   4.1529 -1902.994
 22  10    570.6    230.4   0.3833   3.8330   0.1000   4.1264 -1904.528
 22  11    570.6    230.4   0.3792   3.7918   0.1000   4.0826 -1903.151
 22  12    570.0    231.0   0.2056   2.0555   0.1000   2.2174 -1789.318
 22  13    569.4    231.6   0.2185   2.1852   0.1000   2.3615 -1804.111
 22  14    569.2    231.8   0.2155   2.1551   0.1000   2.3306 -1798.333
 22  15    569.2    231.8   0.2235   2.2350   0.1000   2.4167 -1803.160
 22  16    569.3    231.7   0.2177   2.1773   0.1000   2.3539 -1797.350
 22  17    569.3    231.7   0.2177   2.1773   0.1000   2.3539 -1797.350
 22  18    569.9    231.1   0.2061   2.0612   0.1000   2.2243 -1792.073
 22  19    568.9    232.1   0.2004   2.0039   0.1000   2.1690 -1793.263
 22  20    569.4    231.6   0.2311   2.3114   0.1000   2.4979 -1814.332
 22  21    569.8    231.2   0.1467   1.4669   0.1000   1.5834 -1745.333
 23   1    569.8    231.2   0.3649   3.6489   0.1000   3.9381 -1880.192
 23   2    570.1    230.9   0.3298   3.2976   0.1000   3.5561 -1865.459
 23   3    570.3    230.7   0.3652   3.6520   0.1000   3.9350 -1896.960
 23   4    569.7    231.3   0.3802   3.8016   0.1000   4.1050 -1896.226
 23   5    571.0    230.0   0.4112   4.1125   0.1000   4.4215 -1918.055
 23   6    571.0    230.0   0.4112   4.1125   0.1000   4.4215 -1918.055
 23   7    571.2    229.8   0.3798   3.7976   0.1000   4.0809 -1909.668
 23   8    571.2    229.8   0.3798   3.7976   0.1000   4.0809 -1909.668
 23   9    571.0    230.0   0.3781   3.7814   0.1000   4.0655 -1902.208
 23  10    570.6    230.4   0.3817   3.8170   0.1000   4.1099 -1905.379
 23  11    570.5    230.5   0.3775   3.7751   0.1000   4.0653 -1904.000
 23  12    569.9    231.1   0.1947   1.9466   0.1000   2.1002 -1782.936
 23  13    569.3    231.7   0.2167   2.1667   0.1000   2.3420 -1807.010
 23  14    569.1    231.9   0.2192   2.1922   0.1000   2.3711 -1803.958
 23  15    569.2    231.8   0.2281   2.2812   0.1000   2.4670 -1808.772
 23  16    569.2    231.8   0.2222   2.2221   0.1000   2.4027 -1803.004
 23  17    569.2    231.8   0.2222   2.2221   0.1000   2.4027 -1803.004
 23  18    569.8    231.2   0.2074   2.0742   0.1000   2.2387 -1794.256
 23  19    568.8    232.2   0.2001   2.0012   0.1000   2.1664 -1794.923
 23  20    569.3    231.7   0.2305   2.3055   0.1000   2.4920 -1813.995
 23  21    569.7    231.3   0.1554   1.5540   0.1000   1.6776 -1750.026
 23  22    569.3    231.7   0.0042   0.0423   0.1000   0.0458 -1149.059
 24   1    569.4    231.6   0.3054   3.0545   0.1000   3.3005 -1868.490
 24   2    569.7    231.3   0.3787   3.7873   0.1000   4.0892 -1910.849
 24   3    569.9    231.1   0.3829   3.8289   0.1000   4.1308 -1913.340
 24   4    569.3    231.7   0.3994   3.9940   0.1000   4.3180 -1911.068
 24   5    570.6    230.4   0.3791   3.7907   0.1000   4.0807 -1909.163
 24   6    570.6    230.4   0.3791   3.7907   0.1000   4.0807 -1909.163
 24   7    570.8    230.2   0.3891   3.8907   0.1000   4.1863 -1914.395
 24   8    570.8    230.2   0.3891   3.8907   0.1000   4.1863 -1914.395
 24   9    570.7    230.3   0.3762   3.7617   0.1000   4.0492 -1901.222
 24  10    570.2    230.8   0.3846   3.8464   0.1000   4.1463 -1905.731
 24  11    570.2    230.8   0.3825   3.8252   0.1000   4.1240 -1904.616
 24  12    569.6    231.4   0.2536   2.5361   0.1000   2.7393 -1832.839
 24  13    569.0    232.0   0.2533   2.5334   0.1000   2.7414 -1840.426
 24  14    568.7    232.3   0.2415   2.4146   0.1000   2.6147 -1835.763
 24  15    568.8    232.2   0.2570   2.5703   0.1000   2.7830 -1842.389
 24  16    568.8    232.2   0.2506   2.5063   0.1000   2.7132 -1836.955
 24  17    568.8    232.2   0.2506   2.5063   0.1000   2.7132 -1836.955
 24  18    569.4    231.6   0.2282   2.2820   0.1000   2.4661 -1825.673
 24  19    568.5    232.5   0.2332   2.3324   0.1000   2.5280 -1828.824
 24  20    568.9    232.1   0.2002   2.0025   0.1000   2.1673 -1805.028
 24  21    569.3    231.7   0.2233   2.2328   0.1000   2.4134 -1816.125
 24  22    568.9    232.1   0.1445   1.4445   0.1000   1.5637 -1725.576
 24  23    568.8    232.2   0.1503   1.5027   0.1000   1.6269 -1732.991
 25   1    568.6    232.4   0.3215   3.2146   0.1000   3.4823 -1867.817
 25   2    568.9    232.1   0.3630   3.6295   0.1000   3.9286 -1899.343
 25   3    569.1    231.9   0.3586   3.5859   0.1000   3.8784 -1902.805
 25   4    568.5    232.5   0.3703   3.7032   0.1000   4.0136 -1899.770
 25   5    569.8    231.2   0.3631   3.6305   0.1000   3.9182 -1895.659
 25   6    569.8    231.2   0.3631   3.6305   0.1000   3.9182 -1895.659
 25   7    570.0    231.0   0.3563   3.5630   0.1000   3.8435 -1900.945
 25   8    570.0    231.0   0.3563   3.5630   0.1000   3.8435 -1900.945
 25   9    569.9    231.1   0.3466   3.4660   0.1000   3.7403 -1891.019
 25  10    569.4    231.6   0.3353   3.3532   0.1000   3.6238 -1890.419
 25  11    569.3    231.7   0.3288   3.2878   0.1000   3.5536 -1887.190
 25  12    568.8    232.2   0.2865   2.8651   0.1000   3.1024 -1849.509
 25  13    568.2    232.8   0.2834   2.8338   0.1000   3.0742 -1865.293
 25  14    567.9    233.1   0.2716   2.7158   0.1000   2.9484 -1855.147
 25  15    568.0    233.0   0.2759   2.7586   0.1000   2.9946 -1857.198
 25  16    568.0    233.0   0.2753   2.7534   0.1000   2.9883 -1855.252
 25  17    568.0    233.0   0.2753   2.7534   0.1000   2.9883 -1855.252
 25  18    568.6    232.4   0.2913   2.9134   0.1000   3.1564 -1861.314
 25  19    567.6    233.4   0.2727   2.7270   0.1000   2.9631 -1852.294
 25  20    568.1    232.9   0.2552   2.5518   0.1000   2.7687 -1834.411
 25  21    568.5    232.5   0.1836   1.8361   0.1000   1.9896 -1784.815
 25  22    568.0    233.0   0.1143   1.1428   0.1000   1.2403 -1698.557
 25  23    568.0    233.0   0.1239   1.2393   0.1000   1.3452 -1711.721
 25  24    567.6    233.4   0.0805   0.8047   0.1000   0.8746 -1635.024
 26   1    571.0    230.0   0.3194   3.1939   0.1000   3.4347 -1863.000
 26   2    571.2    229.8   0.3143   3.1426   0.1000   3.3770 -1860.405
 26   3    571.5    229.5   0.3921   3.9206   0.1000   4.2094 -1918.372
 26   4    570.8    230.2   0.3399   3.3994   0.1000   3.6576 -1886.436
 26   5    572.2    228.8   0.3553   3.5534   0.1000   3.8069 -1894.284
 26   6    572.2    228.8   0.3553   3.5534   0.1000   3.8069 -1894.284
 26   7    572.3    228.7   0.3316   3.3155   0.1000   3.5504 -1885.549
 26   8    572.3    228.7   0.3316   3.3155   0.1000   3.5504 -1885.549
 26   9    572.2    228.8   0.3776   3.7763   0.1000   4.0456 -1898.076
 26  10    571.7    229.3   0.3445   3.4451   0.1000   3.6962 -1885.223
 26  11    571.7    229.3   0.3404   3.4036   0.1000   3.6522 -1883.783
 26  12    571.1    229.9   0.2070   2.0697   0.1000   2.2251 -1804.402
 26  13    570.5    230.5   0.2658   2.6576   0.1000   2.8621 -1837.200
 26  14    570.3    230.7   0.2694   2.6940   0.1000   2.9033 -1835.553
 26  15    570.3    230.7   0.2639   2.6395   0.1000   2.8442 -1834.772
 26  16    570.4    230.6   0.2576   2.5762   0.1000   2.7755 -1829.218
 26  17    570.4    230.6   0.2576   2.5762   0.1000   2.7755 -1829.218
 26  18    570.9    230.1   0.2495   2.4948   0.1000   2.6831 -1823.213
 26  19    570.0    231.0   0.2323   2.3226   0.1000   2.5053 -1820.832
 26  20    570.5    230.5   0.1725   1.7245   0.1000   1.8574 -1757.748
 26  21    570.9    230.1   0.1659   1.6594   0.1000   1.7850 -1754.516
 26  22    570.4    230.6   0.1970   1.9696   0.1000   2.1218 -1777.666
 26  23    570.3    230.7   0.2145   2.1452   0.1000   2.3114 -1789.007
 26  24    569.9    231.1   0.2158   2.1579   0.1000   2.3281 -1805.402
 26  25    569.1    231.9   0.2185   2.1851   0.1000   2.3633 -1802.183
 27   1    571.0    230.0   0.3194   3.1939   0.1000   3.4347 -1863.000
 27   2    571.2    229.8   0.3143   3.1426   0.1000   3.3770 -1860.405
 27   3    571.5    229.5   0.3921   3.9206   0.1000   4.2094 -1918.372
 27   4    570.8    230.2   0.3399   3.3994   0.1000   3.6576 -1886.436
 27   5    572.2    228.8   0.3553   3.5534   0.1000   3.8069 -1894.284
 27   6    572.2    228.8   0.3553   3.5534   0.1000   3.8069 -1894.284
 27   7    572.3    228.7   0.3316   3.3155   0.1000   3.5504 -1885.549
 27   8    572.3    228.7   0.3316   3.3155   0.1000   3.5504 -1885.549
 27   9    572.2    228.8   0.3776   3.7763   0.1000   4.0456 -1898.076
 27  10    571.7    229.3   0.3445   3.4451   0.1000   3.6962 -1885.223
 27  11    571.7    229.3   0.3404   3.4036   0.1000   3.6522 -1883.783
 27  12    571.1    229.9   0.2070   2.0697   0.1000   2.2251 -1804.402
 27  13    570.5    230.5   0.2658   2.6576   0.1000   2.8621 -1837.200
 27  14    570.3    230.7   0.2694   2.6940   0.1000   2.9033 -1835.553
 27  15    570.3    230.7   0.2639   2.6395   0.1000   2.8442 -1834.772
 27  16    570.4    230.6   0.2576   2.5762   0.1000   2.7755 -1829.218
 27  17    570.4    230.6   0.2576   2.5762   0.1000   2.7755 -1829.218
 27  18    570.9    230.1   0.2495   2.4948   0.1000   2.6831 -1823.213
 27  19    570.0    231.0   0.2323   2.3226   0.1000   2.5053 -1820.832
 27  20    570.5    230.5   0.1725   1.7245   0.1000   1.8574 -1757.748
 27  21    570.9    230.1   0.1659   1.6594   0.1000   1.7850 -1754.516
 27  22    570.4    230.6   0.1970   1.9696   0.1000   2.1218 -1777.666
 27  23    570.3    230.7   0.2145   2.1452   0.1000   2.3114 -1789.007
 27  24    569.9    231.1   0.2158   2.1579   0.1000   2.3281 -1805.402
 27  25    569.1    231.9   0.2185   2.1851   0.1000   2.3633 -1802.183
 27  26    571.5    229.5   0.0000   0.0000   0.1000   0.0000 -1069.894
 28   1    570.9    230.1   0.2946   2.9463   0.1000   3.1695 -1851.928
 28   2    571.1    229.9   0.2857   2.8572   0.1000   3.0712 -1842.989
 28   3    571.4    229.6   0.3558   3.5580   0.1000   3.8216 -1887.823
 28   4    570.7    230.3   0.3414   3.4145   0.1000   3.6751 -1870.117
 28   5    572.0    229.0   0.3549   3.5494   0.1000   3.8045 -1886.393
 28   6    572.0    229.0   0.3549   3.5494   0.1000   3.8045 -1886.393
 28   7    572.2    228.8   0.3267   3.2668   0.1000   3.4999 -1875.057
 28   8    572.2    228.8   0.3267   3.2668   0.1000   3.4999 -1875.057
 28   9    572.0    229.0   0.3691   3.6911   0.1000   3.9559 -1887.660
 28  10    571.6    229.4   0.3423   3.4230   0.1000   3.6739 -1878.382
 28  11    571.5    229.5   0.3457   3.4574   0.1000   3.7113 -1879.941
 28  12    571.0    230.0   0.2516   2.5160   0.1000   2.7057 -1821.673
 28  13    570.4    230.6   0.2493   2.4932   0.1000   2.6859 -1830.995
 28  14    570.2    230.8   0.2558   2.5576   0.1000   2.7573 -1831.465
 28  15    570.2    230.8   0.2611   2.6109   0.1000   2.8145 -1834.891
 28  16    570.3    230.7   0.2602   2.6018   0.1000   2.8041 -1832.839
 28  17    570.3    230.7   0.2602   2.6018   0.1000   2.8041 -1832.839
 28  18    570.8    230.2   0.2685   2.6846   0.1000   2.8882 -1829.152
 28  19    569.9    231.1   0.2528   2.5284   0.1000   2.7281 -1827.973
 28  20    570.4    230.6   0.2331   2.3308   0.1000   2.5113 -1827.595
 28  21    570.7    230.3   0.1772   1.7722   0.1000   1.9072 -1767.504
 28  22    570.3    230.7   0.2095   2.0948   0.1000   2.2575 -1796.612
 28  23    570.2    230.8   0.2068   2.0685   0.1000   2.2295 -1798.240
 28  24    569.8    231.2   0.2366   2.3664   0.1000   2.5539 -1818.174
 28  25    569.0    232.0   0.1973   1.9733   0.1000   2.1349 -1785.015
 28  26    571.4    229.6   0.1838   1.8381   0.1000   1.9742 -1765.126
 28  27    571.4    229.6   0.1838   1.8381   0.1000   1.9742 -1765.126
 29   1    571.1    229.9   0.2980   2.9797   0.1000   3.2029 -1851.505
 29   2    571.4    229.6   0.3099   3.0990   0.1000   3.3285 -1860.291
 29   3    571.6    229.4   0.3377   3.3769   0.1000   3.6247 -1886.158
 29   4    571.0    230.0   0.3310   3.3095   0.1000   3.5592 -1871.960
 29   5    572.2    228.8   0.3219   3.2194   0.1000   3.4491 -1872.652
 29   6    572.2    228.8   0.3219   3.2194   0.1000   3.4491 -1872.652
 29   7    572.3    228.7   0.3419   3.4192   0.1000   3.6614 -1885.740
 29   8    572.3    228.7   0.3419   3.4192   0.1000   3.6614 -1885.740
 29   9    572.3    228.7   0.3335   3.3350   0.1000   3.5720 -1870.396
 29  10    571.8    229.2   0.3037   3.0368   0.1000   3.2571 -1859.873
 29  11    571.8    229.2   0.3066   3.0664   0.1000   3.2893 -1861.524
 29  12    571.3    229.7   0.2341   2.3407   0.1000   2.5149 -1802.101
 29  13    570.7    230.3   0.2311   2.3112   0.1000   2.4878 -1810.768
 29  14    570.4    230.6   0.2483   2.4829   0.1000   2.6749 -1824.846
 29  15    570.4    230.6   0.2419   2.4189   0.1000   2.6055 -1821.585
 29  16    570.5    230.5   0.2354   2.3542   0.1000   2.5355 -1815.798
 29  17    570.5    230.5   0.2354   2.3542   0.1000   2.5355 -1815.798
 29  18    571.1    229.9   0.2358   2.3583   0.1000   2.5353 -1816.165
 29  19    570.2    230.8   0.2312   2.3125   0.1000   2.4930 -1828.944
 29  20    570.6    230.4   0.2520   2.5203   0.1000   2.7135 -1834.718
 29  21    571.0    230.0   0.1787   1.7873   0.1000   1.9220 -1762.676
 29  22    570.5    230.5   0.2290   2.2899   0.1000   2.4660 -1808.469
 29  23    570.5    230.5   0.2245   2.2450   0.1000   2.4179 -1806.638
 29  24    570.1    230.9   0.2298   2.2976   0.1000   2.4778 -1820.736
 29  25    569.3    231.7   0.1926   1.9260   0.1000   2.0821 -1791.519
 29  26    571.6    229.4   0.1739   1.7392   0.1000   1.8667 -1748.128
 29  27    571.6    229.4   0.1739   1.7392   0.1000   1.8667 -1748.128
 29  28    571.5    229.5   0.0895   0.8954   0.1000   0.9612 -1638.913
 30   1    571.1    229.9   0.2980   2.9797   0.1000   3.2029 -1851.505
 30   2    571.4    229.6   0.3099   3.0990   0.1000   3.3285 -1860.291
 30   3    571.6    229.4   0.3377   3.3769   0.1000   3.6247 -1886.158
 30   4    571.0    230.0   0.3310   3.3095   0.1000   3.5592 -1871.960
 30   5    572.2    228.8   0.3219   3.2194   0.1000   3.4491 -1872.652
 30   6    572.2    228.8   0.3219   3.2194   0.1000   3.4491 -1872.652
 30   7    572.3    228.7   0.3419   3.4192   0.1000   3.6614 -1885.740
 30   8    572.3    228.7   0.3419   3.4192   0.1000   3.6614 -1885.740
 30   9    572.3    228.7   0.3335   3.3350   0.1000   3.5720 -1870.396
 30  10    571.8    229.2   0.3037   3.0368   0.1000   3.2571 -1859.873
 30  11    571.8    229.2   0.3066   3.0664   0.1000   3.2893 -1861.524
 30  12    571.3    229.7   0.2341   2.3407   0.1000   2.5149 -1802.101
 30  13    570.7    230.3   0.2311   2.3112   0.1000   2.4878 -1810.768
 30  14    570.4    230.6   0.2483   2.4829   0.1000   2.6749 -1824.846
 30  15    570.4    230.6   0.2419   2.4189   0.1000   2.6055 -1821.585
 30  16    570.5    230.5   0.2354   2.3542   0.1000   2.5355 -1815.798
 30  17    570.5    230.5   0.2354   2.3542   0.1000   2.5355 -1815.798
 30  18    571.1    229.9   0.2358   2.3583   0.1000   2.5353 -1816.165
 30  19    570.2    230.8   0.2312   2.3125   0.1000   2.4930 -1828.944
 30  20    570.6    230.4   0.2520   2.5203   0.1000   2.7135 -1834.718
 30  21    571.0    230.0   0.1787   1.7873   0.1000   1.9220 -1762.676
 30  22    570.5    230.5   0.2290   2.2899   0.1000   2.4660 -1808.469
 30  23    570.5    230.5   0.2245   2.2450   0.1000   2.4179 -1806.638
 30  24    570.1    230.9   0.2298   2.2976   0.1000   2.4778 -1820.736
 30  25    569.3    231.7   0.1926   1.9260   0.1000   2.0821 -1791.519
 30  26    571.6    229.4   0.1739   1.7392   0.1000   1.8667 -1748.128
 30  27    571.6    229.4   0.1739   1.7392   0.1000   1.8667 -1748.128
 30  28    571.5    229.5   0.0895   0.8954   0.1000   0.9612 -1638.913
 30  29    571.9    229.1   0.0000   0.0000   0.1000   0.0000 -1062.111
 31   1    570.4    230.6   0.3330   3.3299   0.1000   3.5876 -1874.487
 31   2    570.6    230.4   0.3090   3.0896   0.1000   3.3260 -1855.054
 31   3    570.9    230.1   0.3731   3.7315   0.1000   4.0142 -1899.320
 31   4    570.2    230.8   0.3694   3.6941   0.1000   3.9819 -1889.520
 31   5    571.5    229.5   0.3650   3.6503   0.1000   3.9192 -1893.794
 31   6    571.5    229.5   0.3650   3.6503   0.1000   3.9192 -1893.794
 31   7    571.6    229.4   0.3426   3.4258   0.1000   3.6764 -1888.338
 31   8    571.6    229.4   0.3426   3.4258   0.1000   3.6764 -1888.338
 31   9    571.5    229.5   0.3270   3.2698   0.1000   3.5100 -1870.421
 31  10    571.1    229.9   0.3621   3.6211   0.1000   3.8928 -1885.690
 31  11    571.0    230.0   0.3591   3.5907   0.1000   3.8608 -1885.277
 31  12    570.5    230.5   0.2791   2.7906   0.1000   3.0056 -1844.758
 31  13    569.9    231.1   0.2777   2.7773   0.1000   2.9967 -1843.856
 31  14    569.6    231.4   0.2904   2.9038   0.1000   3.1356 -1854.090
 31  15    569.7    231.3   0.2854   2.8535   0.1000   3.0809 -1850.290
 31  16    569.8    231.2   0.2842   2.8418   0.1000   3.0677 -1848.204
 31  17    569.8    231.2   0.2842   2.8418   0.1000   3.0677 -1848.204
 31  18    570.4    230.6   0.2366   2.3664   0.1000   2.5497 -1820.687
 31  19    569.4    231.6   0.2229   2.2293   0.1000   2.4090 -1812.229
 31  20    569.9    231.1   0.2379   2.3795   0.1000   2.5676 -1826.336
 31  21    570.2    230.8   0.2038   2.0384   0.1000   2.1972 -1778.935
 31  22    569.8    231.2   0.2510   2.5100   0.1000   2.7092 -1828.106
 31  23    569.7    231.3   0.2567   2.5666   0.1000   2.7707 -1834.156
 31  24    569.4    231.6   0.2591   2.5907   0.1000   2.7999 -1839.226
 31  25    568.6    232.4   0.2400   2.3996   0.1000   2.5998 -1828.571
 31  26    570.9    230.1   0.2089   2.0894   0.1000   2.2475 -1785.779
 31  27    570.9    230.1   0.2089   2.0894   0.1000   2.2475 -1785.779
 31  28    570.8    230.2   0.1151   1.1505   0.1000   1.2378 -1684.073
 31  29    571.2    229.8   0.1172   1.1720   0.1000   1.2596 -1694.420
 31  30    571.2    229.8   0.1172   1.1720   0.1000   1.2596 -1694.420
 32   1    570.7    230.3   0.2903   2.9033   0.1000   3.1251 -1838.361
 32   2    570.9    230.1   0.3076   3.0764   0.1000   3.3089 -1855.734
 32   3    571.2    229.8   0.3820   3.8198   0.1000   4.1053 -1901.215
 32   4    570.5    230.5   0.3421   3.4213   0.1000   3.6846 -1870.982
 32   5    571.8    229.2   0.3608   3.6081   0.1000   3.8699 -1889.095
 32   6    571.8    229.2   0.3608   3.6081   0.1000   3.8699 -1889.095
 32   7    572.0    229.0   0.3562   3.5621   0.1000   3.8187 -1887.053
 32   8    572.0    229.0   0.3562   3.5621   0.1000   3.8187 -1887.053
 32   9    571.8    229.2   0.3455   3.4548   0.1000   3.7050 -1877.143
 32  10    571.4    229.6   0.3422   3.4220   0.1000   3.6753 -1871.373
 32  11    571.3    229.7   0.3392   3.3919   0.1000   3.6435 -1870.846
 32  12    570.8    230.2   0.2694   2.6941   0.1000   2.8992 -1831.479
 32  13    570.2    230.8   0.2662   2.6620   0.1000   2.8698 -1838.394
 32  14    569.9    231.1   0.2659   2.6594   0.1000   2.8691 -1838.494
 32  15    570.0    231.0   0.2537   2.5369   0.1000   2.7365 -1832.193
 32  16    570.0    231.0   0.2470   2.4695   0.1000   2.6634 -1826.514
 32  17    570.0    231.0   0.2470   2.4695   0.1000   2.6634 -1826.514
 32  18    570.7    230.3   0.2376   2.3765   0.1000   2.5582 -1815.790
 32  19    569.7    231.3   0.2462   2.4625   0.1000   2.6586 -1825.141
 32  20    570.2    230.8   0.2335   2.3346   0.1000   2.5168 -1827.041
 32  21    570.5    230.5   0.1641   1.6408   0.1000   1.7669 -1753.018
 32  22    570.1    230.9   0.2086   2.0865   0.1000   2.2500 -1804.513
 32  23    570.0    231.0   0.2217   2.2170   0.1000   2.3911 -1813.594
 32  24    569.7    231.3   0.2445   2.4454   0.1000   2.6405 -1823.725
 32  25    568.9    232.1   0.2289   2.2891   0.1000   2.4779 -1815.251
 32  26    571.2    229.8   0.1330   1.3299   0.1000   1.4292 -1717.264
 32  27    571.2    229.8   0.1330   1.3299   0.1000   1.4292 -1717.264
 32  28    571.1    229.9   0.0964   0.9638   0.1000   1.0360 -1642.886
 32  29    571.4    229.6   0.1003   1.0027   0.1000   1.0768 -1649.916
 32  30    571.4    229.6   0.1003   1.0027   0.1000   1.0768 -1649.916
 32  31    570.6    230.4   0.0737   0.7372   0.1000   0.7936 -1589.434
 33   1    572.1    228.9   0.3242   3.2417   0.1000   3.4742 -1866.531
 33   2    572.3    228.7   0.3359   3.3594   0.1000   3.5975 -1865.507
 33   3    572.6    228.4   0.3675   3.6750   0.1000   3.9319 -1901.550
 33   4    571.9    229.1   0.3626   3.6259   0.1000   3.8880 -1888.224
 33   5    573.3    227.7   0.3688   3.6875   0.1000   3.9361 -1896.322
 33   6    573.3    227.7   0.3688   3.6875   0.1000   3.9361 -1896.322
 33   7    573.5    227.5   0.3569   3.5689   0.1000   3.8075 -1894.637
 33   8    573.5    227.5   0.3569   3.5689   0.1000   3.8075 -1894.637
 33   9    573.3    227.7   0.3656   3.6555   0.1000   3.9025 -1897.260
 33  10    572.8    228.2   0.3631   3.6315   0.1000   3.8827 -1895.256
 33  11    572.8    228.2   0.3594   3.5939   0.1000   3.8429 -1893.902
 33  12    572.1    228.9   0.2197   2.1972   0.1000   2.3544 -1801.151
 33  13    571.6    229.4   0.2384   2.3837   0.1000   2.5585 -1827.280
 33  14    571.4    229.6   0.2345   2.3452   0.1000   2.5187 -1823.490
 33  15    571.4    229.6   0.2374   2.3739   0.1000   2.5491 -1827.174
 33  16    571.5    229.5   0.2314   2.3137   0.1000   2.4841 -1821.304
 33  17    571.5    229.5   0.2314   2.3137   0.1000   2.4841 -1821.304
 33  18    572.1    228.9   0.2085   2.0850   0.1000   2.2345 -1798.080
 33  19    571.1    229.9   0.1932   1.9324   0.1000   2.0773 -1788.588
 33  20    571.6    229.4   0.2124   2.1242   0.1000   2.2799 -1799.313
 33  21    572.0    229.0   0.1732   1.7324   0.1000   1.8570 -1753.301
 33  22    571.5    229.5   0.1701   1.7015   0.1000   1.8266 -1745.088
 33  23    571.5    229.5   0.1779   1.7791   0.1000   1.9103 -1749.999
 33  24    571.1    229.9   0.1977   1.9767   0.1000   2.1250 -1801.423
 33  25    570.3    230.7   0.1923   1.9229   0.1000   2.0724 -1795.665
 33  26    572.6    228.4   0.1510   1.5096   0.1000   1.6152 -1732.866
 33  27    572.6    228.4   0.1510   1.5096   0.1000   1.6152 -1732.866
 33  28    572.4    228.6   0.1824   1.8237   0.1000   1.9521 -1756.459
 33  29    572.6    228.4   0.1502   1.5016   0.1000   1.6065 -1724.559
 33  30    572.6    228.4   0.1502   1.5016   0.1000   1.6065 -1724.559
 33  31    571.9    229.1   0.1760   1.7596   0.1000   1.8867 -1763.190
 33  32    572.2    228.8   0.1389   1.3888   0.1000   1.4876 -1716.224
 34   1    572.1    228.9   0.3242   3.2417   0.1000   3.4742 -1866.531
 34   2    572.3    228.7   0.3359   3.3594   0.1000   3.5975 -1865.507
 34   3    572.6    228.4   0.3675   3.6750   0.1000   3.9319 -1901.550
 34   4    571.9    229.1   0.3626   3.6259   0.1000   3.8880 -1888.224
 34   5    573.3    227.7   0.3688   3.6875   0.1000   3.9361 -1896.322
 34   6    573.3    227.7   0.3688   3.6875   0.1000   3.9361 -1896.322
 34   7    573.5    227.5   0.3569   3.5689   0.1000   3.8075 -1894.637
 34   8    573.5    227.5   0.3569   3.5689   0.1000   3.8075 -1894.637
 34   9    573.3    227.7   0.3656   3.6555   0.1000   3.9025 -1897.260
 34  10    572.8    228.2   0.3631   3.6315   0.1000   3.8827 -1895.256
 34  11    572.8    228.2   0.3594   3.5939   0.1000   3.8429 -1893.902
 34  12    572.1    228.9   0.2197   2.1972   0.1000   2.3544 -1801.151
 34  13    571.6    229.4   0.2384   2.3837   0.1000   2.5585 -1827.280
 34  14    571.4    229.6   0.2345   2.3452   0.1000   2.5187 -1823.490
 34  15    571.4    229.6   0.2374   2.3739   0.1000   2.5491 -1827.174
 34  16    571.5    229.5   0.2314   2.3137   0.1000   2.4841 -1821.304
 34  17    571.5    229.5   0.2314   2.3137   0.1000   2.4841 -1821.304
 34  18    572.1    228.9   0.2085   2.0850   0.1000   2.2345 -1798.080
 34  19    571.1    229.9   0.1932   1.9324   0.1000   2.0773 -1788.588
 34  20    571.6    229.4   0.2124   2.1242   0.1000   2.2799 -1799.313
 34  21    572.0    229.0   0.1732   1.7324   0.1000   1.8570 -1753.301
 34  22    571.5    229.5   0.1701   1.7015   0.1000   1.8266 -1745.088
 34  23    571.5    229.5   0.1779   1.7791   0.1000   1.9103 -1749.999
 34  24    571.1    229.9   0.1977   1.9767   0.1000   2.1250 -1801.423
 34  25    570.3    230.7   0.1923   1.9229   0.1000   2.0724 -1795.665
 34  26    572.6    228.4   0.1510   1.5096   0.1000   1.6152 -1732.866
 34  27    572.6    228.4   0.1510   1.5096   0.1000   1.6152 -1732.866
 34  28    572.4    228.6   0.1824   1.8237   0.1000   1.9521 -1756.459
 34  29    572.6    228.4   0.1502   1.5016   0.1000   1.6065 -1724.559
 34  30    572.6    228.4   0.1502   1.5016   0.1000   1.6065 -1724.559
 34  31    571.9    229.1   0.1760   1.7596   0.1000   1.8867 -1763.190
 34  32    572.2    228.8   0.1389   1.3888   0.1000   1.4876 -1716.224
 34  33    573.7    227.3   0.0000   0.0000   0.1000   0.0000 -1065.968
 35   1    569.2    231.8   0.3023   3.0234   0.1000   3.2692 -1862.772
 35   2    569.5    231.5   0.3088   3.0883   0.1000   3.3366 -1867.200
 35   3    569.7    231.3   0.3658   3.6579   0.1000   3.9491 -1907.654
 35   4    569.1    231.9   0.3482   3.4819   0.1000   3.7668 -1896.458
 35   5    570.4    230.6   0.3412   3.4116   0.1000   3.6756 -1894.876
 35   6    570.4    230.6   0.3412   3.4116   0.1000   3.6756 -1894.876
 35   7    570.5    230.5   0.3179   3.1789   0.1000   3.4232 -1877.809
 35   8    570.5    230.5   0.3179   3.1789   0.1000   3.4232 -1877.809
 35   9    570.4    230.6   0.3472   3.4718   0.1000   3.7400 -1896.491
 35  10    570.0    231.0   0.3060   3.0604   0.1000   3.3016 -1876.996
 35  11    569.9    231.1   0.3122   3.1220   0.1000   3.3685 -1879.318
 35  12    569.3    231.7   0.2236   2.2360   0.1000   2.4168 -1818.884
 35  13    568.7    232.3   0.1939   1.9394   0.1000   2.1001 -1797.991
 35  14    568.5    232.5   0.1936   1.9362   0.1000   2.0983 -1795.368
 35  15    568.5    232.5   0.2009   2.0094   0.1000   2.1773 -1802.267
 35  16    568.6    232.4   0.1951   1.9508   0.1000   2.1134 -1796.198
 35  17    568.6    232.4   0.1951   1.9508   0.1000   2.1134 -1796.198
 35  18    569.2    231.8   0.1825   1.8250   0.1000   1.9735 -1801.527
 35  19    568.2    232.8   0.2170   2.1696   0.1000   2.3531 -1818.657
 35  20    568.7    232.3   0.1851   1.8511   0.1000   2.0048 -1801.968
 35  21    569.1    231.9   0.1589   1.5895   0.1000   1.7193 -1776.402
 35  22    568.6    232.4   0.1651   1.6511   0.1000   1.7886 -1773.910
 35  23    568.6    232.4   0.1630   1.6297   0.1000   1.7656 -1771.062
 35  24    568.2    232.8   0.1715   1.7152   0.1000   1.8606 -1789.971
 35  25    567.4    233.6   0.2023   2.0227   0.1000   2.1997 -1820.884
 35  26    569.7    231.3   0.1729   1.7292   0.1000   1.8668 -1787.808
 35  27    569.7    231.3   0.1729   1.7292   0.1000   1.8668 -1787.808
 35  28    569.6    231.4   0.1849   1.8491   0.1000   1.9968 -1788.968
 35  29    569.9    231.1   0.2304   2.3043   0.1000   2.4861 -1828.156
 35  30    569.9    231.1   0.2304   2.3043   0.1000   2.4861 -1828.156
 35  31    569.2    231.8   0.2091   2.0914   0.1000   2.2616 -1811.497
 35  32    569.5    231.5   0.2127   2.1274   0.1000   2.2986 -1811.361
 35  33    570.8    230.2   0.1729   1.7292   0.1000   1.8604 -1771.055
 35  34    570.8    230.2   0.1729   1.7292   0.1000   1.8604 -1771.055
 36   1    570.0    231.0   0.3188   3.1879   0.1000   3.4386 -1864.220
 36   2    570.3    230.7   0.3178   3.1783   0.1000   3.4255 -1869.548
 36   3    570.5    230.5   0.4076   4.0761   0.1000   4.3894 -1916.967
 36   4    569.8    231.2   0.3754   3.7540   0.1000   4.0515 -1895.995
 36   5    571.2    229.8   0.3975   3.9750   0.1000   4.2712 -1906.957
 36   6    571.2    229.8   0.3975   3.9750   0.1000   4.2712 -1906.957
 36   7    571.4    229.6   0.3856   3.8563   0.1000   4.1415 -1907.862
 36   8    571.4    229.6   0.3856   3.8563   0.1000   4.1415 -1907.862
 36   9    571.2    229.8   0.3649   3.6485   0.1000   3.9204 -1894.900
 36  10    570.7    230.3   0.4041   4.0414   0.1000   4.3494 -1907.486
 36  11    570.7    230.3   0.4002   4.0023   0.1000   4.3078 -1906.153
 36  12    570.1    230.9   0.2187   2.1868   0.1000   2.3584 -1797.509
 36  13    569.5    231.5   0.2390   2.3905   0.1000   2.5825 -1822.071
 36  14    569.3    231.7   0.2480   2.4797   0.1000   2.6806 -1828.509
 36  15    569.3    231.7   0.2473   2.4730   0.1000   2.6730 -1828.846
 36  16    569.4    231.6   0.2410   2.4100   0.1000   2.6045 -1823.225
 36  17    569.4    231.6   0.2410   2.4100   0.1000   2.6045 -1823.225
 36  18    570.0    231.0   0.2215   2.2149   0.1000   2.3890 -1822.300
 36  19    569.0    232.0   0.2073   2.0729   0.1000   2.2429 -1803.934
 36  20    569.5    231.5   0.1817   1.8171   0.1000   1.9629 -1782.015
 36  21    569.9    231.1   0.1616   1.6157   0.1000   1.7434 -1750.448
 36  22    569.4    231.6   0.2145   2.1453   0.1000   2.3181 -1805.249
 36  23    569.4    231.6   0.2237   2.2371   0.1000   2.4177 -1813.510
 36  24    569.0    232.0   0.2094   2.0943   0.1000   2.2659 -1797.564
 36  25    568.2    232.8   0.2290   2.2900   0.1000   2.4839 -1819.107
 36  26    570.5    230.5   0.1736   1.7362   0.1000   1.8696 -1763.765
 36  27    570.5    230.5   0.1736   1.7362   0.1000   1.8696 -1763.765
 36  28    570.4    230.6   0.2021   2.0209   0.1000   2.1769 -1788.722
 36  29    570.7    230.3   0.2260   2.2602   0.1000   2.4328 -1799.012
 36  30    570.7    230.3   0.2260   2.2602   0.1000   2.4328 -1799.012
 36  31    569.9    231.1   0.1880   1.8801   0.1000   2.0286 -1774.158
 36  32    570.2    230.8   0.1791   1.7911   0.1000   1.9307 -1770.314
 36  33    571.6    229.4   0.1683   1.6831   0.1000   1.8063 -1768.566
 36  34    571.6    229.4   0.1683   1.6831   0.1000   1.8063 -1768.566
 36  35    568.8    232.2   0.1173   1.1726   0.1000   1.2697 -1719.517
 37   1    569.0    232.0   0.3268   3.2684   0.1000   3.5370 -1867.412
 37   2    569.2    231.8   0.3474   3.4736   0.1000   3.7561 -1886.140
 37   3    569.5    231.5   0.3986   3.9861   0.1000   4.3068 -1918.723
 37   4    568.8    232.2   0.3573   3.5725   0.1000   3.8682 -1892.357
 37   5    570.2    230.8   0.3726   3.7256   0.1000   4.0166 -1905.417
 37   6    570.2    230.8   0.3726   3.7256   0.1000   4.0166 -1905.417
 37   7    570.3    230.7   0.3641   3.6406   0.1000   3.9231 -1904.832
 37   8    570.3    230.7   0.3641   3.6406   0.1000   3.9231 -1904.832
 37   9    570.2    230.8   0.3383   3.3834   0.1000   3.6476 -1889.836
 37  10    569.7    231.3   0.3569   3.5692   0.1000   3.8537 -1897.833
 37  11    569.6    231.4   0.3598   3.5981   0.1000   3.8855 -1898.368
 37  12    569.0    232.0   0.2011   2.0107   0.1000   2.1754 -1791.273
 37  13    568.5    232.5   0.2036   2.0357   0.1000   2.2064 -1802.461
 37  14    568.2    232.8   0.2077   2.0774   0.1000   2.2532 -1808.577
 37  15    568.3    232.7   0.2072   2.0721   0.1000   2.2471 -1810.593
 37  16    568.3    232.7   0.2011   2.0107   0.1000   2.1802 -1804.638
 37  17    568.3    232.7   0.2011   2.0107   0.1000   2.1802 -1804.638
 37  18    568.9    232.1   0.2185   2.1850   0.1000   2.3646 -1831.222
 37  19    568.0    233.0   0.2021   2.0213   0.1000   2.1941 -1812.643
 37  20    568.5    232.5   0.2100   2.1001   0.1000   2.2762 -1796.700
 37  21    568.8    232.2   0.1424   1.4242   0.1000   1.5418 -1744.796
 37  22    568.4    232.6   0.1575   1.5748   0.1000   1.7073 -1769.991
 37  23    568.3    232.7   0.1664   1.6637   0.1000   1.8040 -1780.276
 37  24    568.0    233.0   0.2170   2.1697   0.1000   2.3553 -1813.144
 37  25    567.1    233.9   0.1885   1.8846   0.1000   2.0510 -1794.254
 37  26    569.5    231.5   0.1472   1.4715   0.1000   1.5898 -1745.668
 37  27    569.5    231.5   0.1472   1.4715   0.1000   1.5898 -1745.668
 37  28    569.4    231.6   0.2104   2.1041   0.1000   2.2739 -1805.377
 37  29    569.7    231.3   0.1896   1.8963   0.1000   2.0476 -1795.479
 37  30    569.7    231.3   0.1896   1.8963   0.1000   2.0476 -1795.479
 37  31    568.9    232.1   0.2129   2.1292   0.1000   2.3046 -1800.822
 37  32    569.2    231.8   0.1823   1.8227   0.1000   1.9711 -1775.907
 37  33    570.6    230.4   0.1838   1.8375   0.1000   1.9785 -1783.950
 37  34    570.6    230.4   0.1838   1.8375   0.1000   1.9785 -1783.950
 37  35    567.7    233.3   0.1113   1.1125   0.1000   1.2086 -1704.391
 37  36    568.5    232.5   0.0555   0.5546   0.1000   0.6011 -1544.014
 38   1    569.0    232.0   0.2755   2.7548   0.1000   2.9809 -1843.762
 38   2    569.2    231.8   0.3650   3.6498   0.1000   3.9461 -1898.961
 38   3    569.5    231.5   0.3977   3.9771   0.1000   4.2963 -1914.000
 38   4    568.8    232.2   0.3683   3.6830   0.1000   3.9873 -1899.802
 38   5    570.2    230.8   0.3662   3.6621   0.1000   3.9472 -1899.701
 38   6    570.2    230.8   0.3662   3.6621   0.1000   3.9472 -1899.701
 38   7    570.4    230.6   0.3626   3.6265   0.1000   3.9069 -1899.155
 38   8    570.4    230.6   0.3626   3.6265   0.1000   3.9069 -1899.155
 38   9    570.2    230.8   0.3555   3.5549   0.1000   3.8317 -1895.031
 38  10    569.7    231.3   0.3484   3.4845   0.1000   3.7616 -1888.546
 38  11    569.7    231.3   0.3445   3.4455   0.1000   3.7199 -1886.969
 38  12    569.1    231.9   0.2349   2.3494   0.1000   2.5416 -1813.173
 38  13    568.5    232.5   0.2467   2.4674   0.1000   2.6739 -1840.424
 38  14    568.3    232.7   0.2467   2.4668   0.1000   2.6751 -1839.910
 38  15    568.3    232.7   0.2447   2.4472   0.1000   2.6534 -1840.597
 38  16    568.4    232.6   0.2381   2.3810   0.1000   2.5813 -1835.036
 38  17    568.4    232.6   0.2381   2.3810   0.1000   2.5813 -1835.036
 38  18    569.0    232.0   0.2113   2.1132   0.1000   2.2866 -1826.637
 38  19    568.0    233.0   0.1964   1.9637   0.1000   2.1314 -1807.942
 38  20    568.5    232.5   0.2088   2.0882   0.1000   2.2629 -1803.049
 38  21    568.9    232.1   0.1625   1.6251   0.1000   1.7590 -1756.571
 38  22    568.4    232.6   0.1858   1.8583   0.1000   2.0143 -1786.537
 38  23    568.4    232.6   0.1870   1.8702   0.1000   2.0276 -1788.135
 38  24    568.0    233.0   0.2150   2.1499   0.1000   2.3336 -1813.042
 38  25    567.2    233.8   0.1964   1.9642   0.1000   2.1375 -1802.592
 38  26    569.5    231.5   0.1510   1.5105   0.1000   1.6317 -1754.801
 38  27    569.5    231.5   0.1510   1.5105   0.1000   1.6317 -1754.801
 38  28    569.4    231.6   0.1949   1.9493   0.1000   2.1064 -1792.907
 38  29    569.7    231.3   0.2300   2.2996   0.1000   2.4831 -1828.258
 38  30    569.7    231.3   0.2300   2.2996   0.1000   2.4831 -1828.258
 38  31    568.9    232.1   0.1878   1.8782   0.1000   2.0329 -1788.580
 38  32    569.2    231.8   0.1922   1.9218   0.1000   2.0781 -1786.968
 38  33    570.6    230.4   0.1706   1.7064   0.1000   1.8369 -1779.073
 38  34    570.6    230.4   0.1706   1.7064   0.1000   1.8369 -1779.073
 38  35    567.7    233.3   0.1036   1.0365   0.1000   1.1259 -1696.071
 38  36    568.5    232.5   0.0500   0.5004   0.1000   0.5422 -1536.043
 38  37    567.5    233.5   0.0366   0.3658   0.1000   0.3977 -1455.640

