Supplemental results for CODEML (seqf: /gpfs/scratch/cltucker/EBH381-Group-Project/SIV_aligned_ENV.fas  treef: )


pairwise comparison (Goldman & Yang 1994)
seq seq        N       S       dN       dS     dN/dS   Paras.
  2   1    934.6    304.4   0.2904   2.9043   0.1000   2.7980 -2844.528
  3   1    928.9    310.1   0.2579   2.5790   0.1000   2.5163 -2828.684
  3   2    930.6    308.4   0.1500   1.4997   0.1000   1.4578 -2672.958
  4   1    931.3    307.7   0.2463   2.4626   0.1000   2.3900 -2817.011
  4   2    933.0    306.0   0.1662   1.6622   0.1000   1.6070 -2685.717
  4   3    927.3    311.7   0.1064   1.0638   0.1000   1.0417 -2541.361
  5   1    932.5    306.5   0.2383   2.3834   0.1000   2.3071 -2801.154
  5   2    934.2    304.8   0.1437   1.4372   0.1000   1.3856 -2631.535
  5   3    928.5    310.5   0.1043   1.0432   0.1000   1.0187 -2531.523
  5   4    931.0    308.0   0.0997   0.9974   0.1000   0.9687 -2497.100
  6   1    932.5    306.5   0.2383   2.3834   0.1000   2.3071 -2801.154
  6   2    934.2    304.8   0.1437   1.4372   0.1000   1.3856 -2631.535
  6   3    928.5    310.5   0.1043   1.0432   0.1000   1.0187 -2531.523
  6   4    931.0    308.0   0.0997   0.9974   0.1000   0.9687 -2497.100
  6   5    932.3    306.7   0.0000   0.0000   0.1000   0.0000 -1656.102
  7   1    931.8    307.2   0.2336   2.3361   0.1000   2.2646 -2803.220
  7   2    933.6    305.4   0.1477   1.4774   0.1000   1.4265 -2635.053
  7   3    927.9    311.1   0.1076   1.0761   0.1000   1.0524 -2548.142
  7   4    930.3    308.7   0.1008   1.0082   0.1000   0.9806 -2505.750
  7   5    931.6    307.4   0.0316   0.3164   0.1000   0.3068 -2120.666
  7   6    931.6    307.4   0.0316   0.3164   0.1000   0.3068 -2120.666
  8   1    931.8    307.2   0.2336   2.3361   0.1000   2.2646 -2803.220
  8   2    933.6    305.4   0.1477   1.4774   0.1000   1.4265 -2635.053
  8   3    927.9    311.1   0.1076   1.0761   0.1000   1.0524 -2548.142
  8   4    930.3    308.7   0.1008   1.0082   0.1000   0.9806 -2505.750
  8   5    931.6    307.4   0.0316   0.3164   0.1000   0.3068 -2120.666
  8   6    931.6    307.4   0.0316   0.3164   0.1000   0.3068 -2120.666
  8   7    931.0    308.0   0.0000   0.0000   0.1000   0.0000 -1658.130
  9   1    931.1    307.9   0.2228   2.2277   0.1000   2.1631 -2790.030
  9   2    932.8    306.2   0.1542   1.5418   0.1000   1.4913 -2640.161
  9   3    927.1    311.9   0.1077   1.0775   0.1000   1.0556 -2551.157
  9   4    929.5    309.5   0.0918   0.9182   0.1000   0.8946 -2469.715
  9   5    930.8    308.2   0.0603   0.6031   0.1000   0.5860 -2320.951
  9   6    930.8    308.2   0.0603   0.6031   0.1000   0.5860 -2320.951
  9   7    930.2    308.8   0.0601   0.6014   0.1000   0.5852 -2325.433
  9   8    930.2    308.8   0.0601   0.6014   0.1000   0.5852 -2325.433
 10   1    930.6    308.4   0.2331   2.3308   0.1000   2.2656 -2800.182
 10   2    932.4    306.6   0.1533   1.5332   0.1000   1.4845 -2656.854
 10   3    926.6    312.4   0.1066   1.0657   0.1000   1.0452 -2549.916
 10   4    929.1    309.9   0.1020   1.0202   0.1000   0.9951 -2503.026
 10   5    930.3    308.7   0.0588   0.5883   0.1000   0.5722 -2314.289
 10   6    930.3    308.7   0.0588   0.5883   0.1000   0.5722 -2314.289
 10   7    929.7    309.3   0.0602   0.6015   0.1000   0.5859 -2321.936
 10   8    929.7    309.3   0.0602   0.6015   0.1000   0.5859 -2321.936
 10   9    928.9    310.1   0.0584   0.5841   0.1000   0.5700 -2330.851
 11   1    930.6    308.4   0.2322   2.3225   0.1000   2.2574 -2798.411
 11   2    932.4    306.6   0.1530   1.5297   0.1000   1.4811 -2654.885
 11   3    926.6    312.4   0.1052   1.0522   0.1000   1.0318 -2546.394
 11   4    929.1    309.9   0.1019   1.0187   0.1000   0.9937 -2500.934
 11   5    930.3    308.7   0.0588   0.5877   0.1000   0.5716 -2312.103
 11   6    930.3    308.7   0.0588   0.5877   0.1000   0.5716 -2312.103
 11   7    929.7    309.3   0.0601   0.6009   0.1000   0.5853 -2319.750
 11   8    929.7    309.3   0.0601   0.6009   0.1000   0.5853 -2319.750
 11   9    928.9    310.1   0.0584   0.5835   0.1000   0.5694 -2328.669
 11  10    928.4    310.6   0.0005   0.0053   0.1000   0.0051 -1678.228
 12   1    929.9    309.1   0.3726   3.7255   0.1000   3.6269 -2942.356
 12   2    931.4    307.6   0.3910   3.9096   0.1000   3.7934 -2951.376
 12   3    925.9    313.1   0.3908   3.9080   0.1000   3.8393 -2967.710
 12   4    928.2    310.8   0.3893   3.8932   0.1000   3.8049 -2952.084
 12   5    929.4    309.6   0.3807   3.8072   0.1000   3.7111 -2943.065
 12   6    929.4    309.6   0.3807   3.8072   0.1000   3.7111 -2943.065
 12   7    928.7    310.3   0.3940   3.9400   0.1000   3.8461 -2957.817
 12   8    928.7    310.3   0.3940   3.9400   0.1000   3.8461 -2957.817
 12   9    928.0    311.0   0.3786   3.7864   0.1000   3.7017 -2941.618
 12  10    927.6    311.4   0.3588   3.5877   0.1000   3.5113 -2926.976
 12  11    927.6    311.4   0.3571   3.5709   0.1000   3.4948 -2925.400
 13   1    925.5    313.5   0.3708   3.7081   0.1000   3.6455 -2958.094
 13   2    926.9    312.1   0.3899   3.8989   0.1000   3.8212 -2974.144
 13   3    921.4    317.6   0.3654   3.6539   0.1000   3.6252 -2965.262
 13   4    923.7    315.3   0.3748   3.7477   0.1000   3.6995 -2965.010
 13   5    924.8    314.2   0.3442   3.4422   0.1000   3.3895 -2933.575
 13   6    924.8    314.2   0.3442   3.4422   0.1000   3.3895 -2933.575
 13   7    924.1    314.9   0.3788   3.7883   0.1000   3.7357 -2964.954
 13   8    924.1    314.9   0.3788   3.7883   0.1000   3.7357 -2964.954
 13   9    923.5    315.5   0.3362   3.3620   0.1000   3.3199 -2928.284
 13  10    923.0    316.0   0.3498   3.4978   0.1000   3.4577 -2941.830
 13  11    923.0    316.0   0.3480   3.4800   0.1000   3.4401 -2940.228
 13  12    922.2    316.8   0.1328   1.3277   0.1000   1.3150 -2627.554
 14   1    927.2    311.8   0.3772   3.7719   0.1000   3.6941 -2958.889
 14   2    928.7    310.3   0.3898   3.8980   0.1000   3.8051 -2969.877
 14   3    923.1    315.9   0.3719   3.7189   0.1000   3.6755 -2964.740
 14   4    925.5    313.5   0.3861   3.8609   0.1000   3.7962 -2969.168
 14   5    926.6    312.4   0.3680   3.6795   0.1000   3.6086 -2948.965
 14   6    926.6    312.4   0.3680   3.6795   0.1000   3.6086 -2948.965
 14   7    926.0    313.0   0.4039   4.0395   0.1000   3.9673 -2978.746
 14   8    926.0    313.0   0.4039   4.0395   0.1000   3.9673 -2978.746
 14   9    925.3    313.7   0.3557   3.5571   0.1000   3.4987 -2942.086
 14  10    924.8    314.2   0.3644   3.6436   0.1000   3.5876 -2946.632
 14  11    924.8    314.2   0.3625   3.6255   0.1000   3.5697 -2945.060
 14  12    923.9    315.1   0.1348   1.3480   0.1000   1.3300 -2626.260
 14  13    919.5    319.5   0.0181   0.1813   0.1000   0.1806 -2025.316
 15   1    926.3    312.7   0.3747   3.7466   0.1000   3.6771 -2959.060
 15   2    927.7    311.3   0.3942   3.9421   0.1000   3.8564 -2977.790
 15   3    922.2    316.8   0.3726   3.7263   0.1000   3.6905 -2968.240
 15   4    924.5    314.5   0.3702   3.7024   0.1000   3.6482 -2958.924
 15   5    925.6    313.4   0.3743   3.7433   0.1000   3.6792 -2958.813
 15   6    925.6    313.4   0.3743   3.7433   0.1000   3.6792 -2958.813
 15   7    925.0    314.0   0.3888   3.8884   0.1000   3.8273 -2971.548
 15   8    925.0    314.0   0.3888   3.8884   0.1000   3.8273 -2971.548
 15   9    924.3    314.7   0.3526   3.5258   0.1000   3.4753 -2943.007
 15  10    923.9    315.1   0.3498   3.4979   0.1000   3.4515 -2941.736
 15  11    923.9    315.1   0.3480   3.4799   0.1000   3.4337 -2940.129
 15  12    923.0    316.0   0.1296   1.2957   0.1000   1.2811 -2612.714
 15  13    918.5    320.5   0.0183   0.1832   0.1000   0.1829 -2029.171
 15  14    920.2    318.8   0.0097   0.0973   0.1000   0.0968 -1889.319
 16   1    926.2    312.8   0.3727   3.7270   0.1000   3.6590 -2957.521
 16   2    927.6    311.4   0.3917   3.9175   0.1000   3.8337 -2976.000
 16   3    922.0    317.0   0.3704   3.7045   0.1000   3.6702 -2966.706
 16   4    924.3    314.7   0.3696   3.6957   0.1000   3.6429 -2959.201
 16   5    925.5    313.5   0.3724   3.7240   0.1000   3.6616 -2957.313
 16   6    925.5    313.5   0.3724   3.7240   0.1000   3.6616 -2957.313
 16   7    924.8    314.2   0.3875   3.8749   0.1000   3.8154 -2971.402
 16   8    924.8    314.2   0.3875   3.8749   0.1000   3.8154 -2971.402
 16   9    924.2    314.8   0.3507   3.5068   0.1000   3.4579 -2941.452
 16  10    923.7    315.3   0.3479   3.4788   0.1000   3.4339 -2940.170
 16  11    923.7    315.3   0.3461   3.4608   0.1000   3.4161 -2938.560
 16  12    922.8    316.2   0.1288   1.2882   0.1000   1.2740 -2612.320
 16  13    918.4    320.6   0.0180   0.1802   0.1000   0.1799 -2024.564
 16  14    920.1    318.9   0.0095   0.0945   0.1000   0.0940 -1884.076
 16  15    919.2    319.8   0.0003   0.0025   0.1000   0.0025 -1685.940
 17   1    926.2    312.8   0.3727   3.7270   0.1000   3.6590 -2957.521
 17   2    927.6    311.4   0.3917   3.9175   0.1000   3.8337 -2976.000
 17   3    922.0    317.0   0.3704   3.7045   0.1000   3.6702 -2966.706
 17   4    924.3    314.7   0.3696   3.6957   0.1000   3.6429 -2959.201
 17   5    925.5    313.5   0.3724   3.7240   0.1000   3.6616 -2957.313
 17   6    925.5    313.5   0.3724   3.7240   0.1000   3.6616 -2957.313
 17   7    924.8    314.2   0.3875   3.8749   0.1000   3.8154 -2971.402
 17   8    924.8    314.2   0.3875   3.8749   0.1000   3.8154 -2971.402
 17   9    924.2    314.8   0.3507   3.5068   0.1000   3.4579 -2941.452
 17  10    923.7    315.3   0.3479   3.4788   0.1000   3.4339 -2940.170
 17  11    923.7    315.3   0.3461   3.4608   0.1000   3.4161 -2938.560
 17  12    922.8    316.2   0.1288   1.2882   0.1000   1.2740 -2612.320
 17  13    918.4    320.6   0.0180   0.1802   0.1000   0.1799 -2024.564
 17  14    920.1    318.9   0.0095   0.0945   0.1000   0.0940 -1884.076
 17  15    919.2    319.8   0.0003   0.0025   0.1000   0.0025 -1685.940
 17  16    919.0    320.0   0.0000   0.0000   0.1000   0.0000 -1676.046
 18   1    928.9    310.1   0.3721   3.7209   0.1000   3.6309 -2938.887
 18   2    930.5    308.5   0.4184   4.1838   0.1000   4.0682 -2983.279
 18   3    924.8    314.2   0.3858   3.8583   0.1000   3.7991 -2972.553
 18   4    927.2    311.8   0.3860   3.8604   0.1000   3.7811 -2961.821
 18   5    928.4    310.6   0.3966   3.9660   0.1000   3.8740 -2963.642
 18   6    928.4    310.6   0.3966   3.9660   0.1000   3.8740 -2963.642
 18   7    927.8    311.2   0.4068   4.0676   0.1000   3.9789 -2971.106
 18   8    927.8    311.2   0.4068   4.0676   0.1000   3.9789 -2971.106
 18   9    927.0    312.0   0.3942   3.9416   0.1000   3.8619 -2964.924
 18  10    926.6    312.4   0.3926   3.9260   0.1000   3.8508 -2962.676
 18  11    926.6    312.4   0.3908   3.9081   0.1000   3.8332 -2961.154
 18  12    925.6    313.4   0.1409   1.4091   0.1000   1.3850 -2660.112
 18  13    921.1    317.9   0.1358   1.3576   0.1000   1.3478 -2661.968
 18  14    922.9    316.1   0.1430   1.4305   0.1000   1.4146 -2668.362
 18  15    921.9    317.1   0.1343   1.3425   0.1000   1.3304 -2654.829
 18  16    921.8    317.2   0.1333   1.3328   0.1000   1.3213 -2652.258
 18  17    921.8    317.2   0.1333   1.3328   0.1000   1.3213 -2652.258
 19   1    932.6    306.4   0.3893   3.8934   0.1000   3.7674 -2945.435
 19   2    934.2    304.8   0.3856   3.8556   0.1000   3.7179 -2944.412
 19   3    928.6    310.4   0.4009   4.0094   0.1000   3.9150 -2966.994
 19   4    930.9    308.1   0.4027   4.0270   0.1000   3.9116 -2960.491
 19   5    932.1    306.9   0.3850   3.8496   0.1000   3.7295 -2937.119
 19   6    932.1    306.9   0.3850   3.8496   0.1000   3.7295 -2937.119
 19   7    931.5    307.5   0.4023   4.0234   0.1000   3.9034 -2958.253
 19   8    931.5    307.5   0.4023   4.0234   0.1000   3.9034 -2958.253
 19   9    930.8    308.2   0.3790   3.7897   0.1000   3.6826 -2934.636
 19  10    930.3    308.7   0.3534   3.5338   0.1000   3.4376 -2918.683
 19  11    930.3    308.7   0.3517   3.5166   0.1000   3.4208 -2917.119
 19  12    929.4    309.6   0.1421   1.4214   0.1000   1.3853 -2650.375
 19  13    925.0    314.0   0.1392   1.3915   0.1000   1.3696 -2675.983
 19  14    926.7    312.3   0.1372   1.3721   0.1000   1.3453 -2656.864
 19  15    925.8    313.2   0.1259   1.2591   0.1000   1.2371 -2632.566
 19  16    925.6    313.4   0.1250   1.2502   0.1000   1.2288 -2629.934
 19  17    925.6    313.4   0.1250   1.2502   0.1000   1.2288 -2629.934
 19  18    928.4    310.6   0.0980   0.9797   0.1000   0.9570 -2526.748
 20   1    931.9    307.1   0.3496   3.4960   0.1000   3.3881 -2921.710
 20   2    933.5    305.5   0.3661   3.6610   0.1000   3.5355 -2937.912
 20   3    927.9    311.1   0.3463   3.4634   0.1000   3.3870 -2930.561
 20   4    930.3    308.7   0.3162   3.1620   0.1000   3.0759 -2895.884
 20   5    931.5    307.5   0.3495   3.4947   0.1000   3.3905 -2917.795
 20   6    931.5    307.5   0.3495   3.4947   0.1000   3.3905 -2917.795
 20   7    930.8    308.2   0.3560   3.5599   0.1000   3.4588 -2925.383
 20   8    930.8    308.2   0.3560   3.5599   0.1000   3.4588 -2925.383
 20   9    930.1    308.9   0.3261   3.2613   0.1000   3.1738 -2902.256
 20  10    929.6    309.4   0.3422   3.4216   0.1000   3.3333 -2918.460
 20  11    929.6    309.4   0.3404   3.4043   0.1000   3.3164 -2916.852
 20  12    928.7    310.3   0.2372   2.3723   0.1000   2.3156 -2814.040
 20  13    924.3    314.7   0.2417   2.4174   0.1000   2.3831 -2845.366
 20  14    926.0    313.0   0.2353   2.3529   0.1000   2.3105 -2832.592
 20  15    925.1    313.9   0.2237   2.2371   0.1000   2.2015 -2821.123
 20  16    924.9    314.1   0.2220   2.2197   0.1000   2.1851 -2819.054
 20  17    924.9    314.1   0.2220   2.2197   0.1000   2.1851 -2819.054
 20  18    927.7    311.3   0.2147   2.1466   0.1000   2.1000 -2797.546
 20  19    931.5    307.5   0.2227   2.2273   0.1000   2.1607 -2805.779
 21   1    929.8    309.2   0.3785   3.7852   0.1000   3.6861 -2942.270
 21   2    931.3    307.7   0.3625   3.6251   0.1000   3.5185 -2930.057
 21   3    925.7    313.3   0.3877   3.8766   0.1000   3.8097 -2973.291
 21   4    928.0    311.0   0.3728   3.7278   0.1000   3.6447 -2953.183
 21   5    929.1    309.9   0.3611   3.6110   0.1000   3.5216 -2931.446
 21   6    929.1    309.9   0.3611   3.6110   0.1000   3.5216 -2931.446
 21   7    928.5    310.5   0.3643   3.6430   0.1000   3.5578 -2939.755
 21   8    928.5    310.5   0.3643   3.6430   0.1000   3.5578 -2939.755
 21   9    927.8    311.2   0.3513   3.5132   0.1000   3.4363 -2932.254
 21  10    927.4    311.6   0.3620   3.6205   0.1000   3.5449 -2945.314
 21  11    927.4    311.6   0.3608   3.6075   0.1000   3.5322 -2943.944
 21  12    926.6    312.4   0.2804   2.8038   0.1000   2.7499 -2876.242
 21  13    922.2    316.8   0.2731   2.7308   0.1000   2.7045 -2900.324
 21  14    923.9    315.1   0.2697   2.6973   0.1000   2.6613 -2894.718
 21  15    923.0    316.0   0.2684   2.6844   0.1000   2.6540 -2895.181
 21  16    922.8    316.2   0.2663   2.6629   0.1000   2.6336 -2893.335
 21  17    922.8    316.2   0.2663   2.6629   0.1000   2.6336 -2893.335
 21  18    925.5    313.5   0.2818   2.8183   0.1000   2.7708 -2887.890
 21  19    929.4    309.6   0.2598   2.5977   0.1000   2.5321 -2860.018
 21  20    928.7    310.3   0.1392   1.3920   0.1000   1.3590 -2656.625
 22   1    932.8    306.2   0.3424   3.4243   0.1000   3.3121 -2916.443
 22   2    934.3    304.7   0.3444   3.4439   0.1000   3.3202 -2916.905
 22   3    928.8    310.2   0.3506   3.5062   0.1000   3.4222 -2936.518
 22   4    931.1    307.9   0.3362   3.3620   0.1000   3.2645 -2916.591
 22   5    932.3    306.7   0.3424   3.4241   0.1000   3.3161 -2909.326
 22   6    932.3    306.7   0.3424   3.4241   0.1000   3.3161 -2909.326
 22   7    931.6    307.4   0.3316   3.3162   0.1000   3.2163 -2907.876
 22   8    931.6    307.4   0.3316   3.3162   0.1000   3.2163 -2907.876
 22   9    930.9    308.1   0.3376   3.3761   0.1000   3.2792 -2911.102
 22  10    930.5    308.5   0.3406   3.4055   0.1000   3.3113 -2913.912
 22  11    930.5    308.5   0.3393   3.3935   0.1000   3.2996 -2912.482
 22  12    929.5    309.5   0.2600   2.6000   0.1000   2.5338 -2840.500
 22  13    925.0    314.0   0.2393   2.3933   0.1000   2.3555 -2842.072
 22  14    926.8    312.2   0.2517   2.5166   0.1000   2.4673 -2850.910
 22  15    925.8    313.2   0.2406   2.4065   0.1000   2.3643 -2841.444
 22  16    925.7    313.3   0.2387   2.3872   0.1000   2.3462 -2839.441
 22  17    925.7    313.3   0.2387   2.3872   0.1000   2.3462 -2839.441
 22  18    928.5    310.5   0.2327   2.3270   0.1000   2.2728 -2828.583
 22  19    932.3    306.7   0.2511   2.5112   0.1000   2.4319 -2837.095
 22  20    931.6    307.4   0.1144   1.1435   0.1000   1.1091 -2571.938
 22  21    929.5    309.5   0.1659   1.6591   0.1000   1.6169 -2706.886
 23   1    932.7    306.3   0.3579   3.5795   0.1000   3.4634 -2928.842
 23   2    934.1    304.9   0.3407   3.4066   0.1000   3.2853 -2912.945
 23   3    928.6    310.4   0.3449   3.4491   0.1000   3.3676 -2931.067
 23   4    930.9    308.1   0.3420   3.4196   0.1000   3.3216 -2921.079
 23   5    932.1    306.9   0.3471   3.4710   0.1000   3.3628 -2912.048
 23   6    932.1    306.9   0.3471   3.4710   0.1000   3.3628 -2912.048
 23   7    931.4    307.6   0.3413   3.4134   0.1000   3.3118 -2913.217
 23   8    931.4    307.6   0.3413   3.4134   0.1000   3.3118 -2913.217
 23   9    930.8    308.2   0.3385   3.3849   0.1000   3.2890 -2910.930
 23  10    930.3    308.7   0.3502   3.5016   0.1000   3.4060 -2921.426
 23  11    930.3    308.7   0.3489   3.4893   0.1000   3.3941 -2920.021
 23  12    929.3    309.7   0.2638   2.6381   0.1000   2.5717 -2849.756
 23  13    924.9    314.1   0.2478   2.4782   0.1000   2.4397 -2848.379
 23  14    926.7    312.3   0.2461   2.4609   0.1000   2.4133 -2844.036
 23  15    925.7    313.3   0.2410   2.4105   0.1000   2.3688 -2841.478
 23  16    925.6    313.4   0.2392   2.3918   0.1000   2.3512 -2839.485
 23  17    925.6    313.4   0.2392   2.3918   0.1000   2.3512 -2839.485
 23  18    928.3    310.7   0.2386   2.3859   0.1000   2.3310 -2833.864
 23  19    932.1    306.9   0.2476   2.4760   0.1000   2.3985 -2831.735
 23  20    931.5    307.5   0.1188   1.1880   0.1000   1.1526 -2582.150
 23  21    929.3    309.7   0.1627   1.6269   0.1000   1.5859 -2704.048
 23  22    932.1    306.9   0.0066   0.0661   0.1000   0.0641 -1815.070
 24   1    933.1    305.9   0.3625   3.6248   0.1000   3.5042 -2923.341
 24   2    934.5    304.5   0.3434   3.4338   0.1000   3.3086 -2911.885
 24   3    929.0    310.0   0.3217   3.2173   0.1000   3.1386 -2911.783
 24   4    931.3    307.7   0.3383   3.3830   0.1000   3.2833 -2911.953
 24   5    932.5    306.5   0.3315   3.3150   0.1000   3.2089 -2905.355
 24   6    932.5    306.5   0.3315   3.3150   0.1000   3.2089 -2905.355
 24   7    931.8    307.2   0.3506   3.5057   0.1000   3.3984 -2924.685
 24   8    931.8    307.2   0.3506   3.5057   0.1000   3.3984 -2924.685
 24   9    931.2    307.8   0.3118   3.1180   0.1000   3.0271 -2896.217
 24  10    930.7    308.3   0.3393   3.3933   0.1000   3.2979 -2919.789
 24  11    930.7    308.3   0.3381   3.3812   0.1000   3.2861 -2918.380
 24  12    929.8    309.2   0.2353   2.3532   0.1000   2.2916 -2817.431
 24  13    925.4    313.6   0.2410   2.4104   0.1000   2.3706 -2833.286
 24  14    927.1    311.9   0.2569   2.5693   0.1000   2.5171 -2850.851
 24  15    926.2    312.8   0.2467   2.4666   0.1000   2.4216 -2842.353
 24  16    926.0    313.0   0.2448   2.4479   0.1000   2.4041 -2840.345
 24  17    926.0    313.0   0.2448   2.4479   0.1000   2.4041 -2840.345
 24  18    928.8    310.2   0.2553   2.5532   0.1000   2.4921 -2838.379
 24  19    932.6    306.4   0.2519   2.5189   0.1000   2.4378 -2833.331
 24  20    931.9    307.1   0.1408   1.4076   0.1000   1.3644 -2646.029
 24  21    929.8    309.2   0.1693   1.6927   0.1000   1.6485 -2717.527
 24  22    932.6    306.4   0.1092   1.0922   0.1000   1.0570 -2537.912
 24  23    932.5    306.5   0.1139   1.1392   0.1000   1.1027 -2550.920
 25   1    932.3    306.7   0.3467   3.4673   0.1000   3.3576 -2909.848
 25   2    933.9    305.1   0.3402   3.4016   0.1000   3.2821 -2908.700
 25   3    928.3    310.7   0.3510   3.5103   0.1000   3.4299 -2939.773
 25   4    930.7    308.3   0.3623   3.6233   0.1000   3.5215 -2938.751
 25   5    931.9    307.1   0.3166   3.1663   0.1000   3.0688 -2892.328
 25   6    931.9    307.1   0.3166   3.1663   0.1000   3.0688 -2892.328
 25   7    931.3    307.7   0.3325   3.3250   0.1000   3.2274 -2910.089
 25   8    931.3    307.7   0.3325   3.3250   0.1000   3.2274 -2910.089
 25   9    930.5    308.5   0.3101   3.1014   0.1000   3.0152 -2890.016
 25  10    930.0    309.0   0.3182   3.1824   0.1000   3.0974 -2902.904
 25  11    930.0    309.0   0.3171   3.1711   0.1000   3.0864 -2901.402
 25  12    929.0    310.0   0.2973   2.9728   0.1000   2.9000 -2879.855
 25  13    924.5    314.5   0.2655   2.6547   0.1000   2.6159 -2867.474
 25  14    926.3    312.7   0.2604   2.6041   0.1000   2.5558 -2859.948
 25  15    925.3    313.7   0.2520   2.5200   0.1000   2.4786 -2857.060
 25  16    925.2    313.8   0.2500   2.4999   0.1000   2.4597 -2855.092
 25  17    925.2    313.8   0.2500   2.4999   0.1000   2.4597 -2855.092
 25  18    928.1    310.9   0.2655   2.6551   0.1000   2.5956 -2857.239
 25  19    931.8    307.2   0.2403   2.4031   0.1000   2.3297 -2816.519
 25  20    931.2    307.8   0.1524   1.5242   0.1000   1.4798 -2671.703
 25  21    928.9    310.1   0.1566   1.5656   0.1000   1.5275 -2700.682
 25  22    931.8    307.2   0.1112   1.1120   0.1000   1.0780 -2561.750
 25  23    931.7    307.3   0.1120   1.1203   0.1000   1.0863 -2565.017
 25  24    932.1    306.9   0.0728   0.7283   0.1000   0.7055 -2394.047
 26   1    931.3    307.7   0.3722   3.7223   0.1000   3.6128 -2928.439
 26   2    932.7    306.3   0.2987   2.9872   0.1000   2.8900 -2875.665
 26   3    927.2    311.8   0.3406   3.4063   0.1000   3.3365 -2922.057
 26   4    929.5    309.5   0.3630   3.6301   0.1000   3.5376 -2934.476
 26   5    930.6    308.4   0.3191   3.1914   0.1000   3.1025 -2898.225
 26   6    930.6    308.4   0.3191   3.1914   0.1000   3.1025 -2898.225
 26   7    929.9    309.1   0.3441   3.4408   0.1000   3.3497 -2922.872
 26   8    929.9    309.1   0.3441   3.4408   0.1000   3.3497 -2922.872
 26   9    929.3    309.7   0.3340   3.3404   0.1000   3.2566 -2915.081
 26  10    928.8    310.2   0.3214   3.2136   0.1000   3.1363 -2907.175
 26  11    928.8    310.2   0.3195   3.1946   0.1000   3.1178 -2905.665
 26  12    928.1    310.9   0.2400   2.3996   0.1000   2.3458 -2804.959
 26  13    923.7    315.3   0.2618   2.6180   0.1000   2.5841 -2851.960
 26  14    925.4    313.6   0.2668   2.6675   0.1000   2.6232 -2849.496
 26  15    924.5    314.5   0.2495   2.4951   0.1000   2.4587 -2835.164
 26  16    924.3    314.7   0.2477   2.4769   0.1000   2.4416 -2833.231
 26  17    924.3    314.7   0.2477   2.4769   0.1000   2.4416 -2833.231
 26  18    927.0    312.0   0.2503   2.5031   0.1000   2.4529 -2828.268
 26  19    930.8    308.2   0.2369   2.3694   0.1000   2.3020 -2801.470
 26  20    930.1    308.9   0.1531   1.5313   0.1000   1.4901 -2682.121
 26  21    928.1    310.9   0.1470   1.4701   0.1000   1.4372 -2668.412
 26  22    930.9    308.1   0.1412   1.4120   0.1000   1.3715 -2635.732
 26  23    930.8    308.2   0.1474   1.4739   0.1000   1.4322 -2651.230
 26  24    931.2    307.8   0.1455   1.4550   0.1000   1.4124 -2639.729
 26  25    930.4    308.6   0.1478   1.4781   0.1000   1.4376 -2650.982
 27   1    931.3    307.7   0.3722   3.7223   0.1000   3.6128 -2928.439
 27   2    932.7    306.3   0.2987   2.9872   0.1000   2.8900 -2875.665
 27   3    927.2    311.8   0.3406   3.4063   0.1000   3.3365 -2922.057
 27   4    929.5    309.5   0.3630   3.6301   0.1000   3.5376 -2934.476
 27   5    930.6    308.4   0.3191   3.1914   0.1000   3.1025 -2898.225
 27   6    930.6    308.4   0.3191   3.1914   0.1000   3.1025 -2898.225
 27   7    929.9    309.1   0.3441   3.4408   0.1000   3.3497 -2922.872
 27   8    929.9    309.1   0.3441   3.4408   0.1000   3.3497 -2922.872
 27   9    929.3    309.7   0.3340   3.3404   0.1000   3.2566 -2915.081
 27  10    928.8    310.2   0.3214   3.2136   0.1000   3.1363 -2907.175
 27  11    928.8    310.2   0.3195   3.1946   0.1000   3.1178 -2905.665
 27  12    928.1    310.9   0.2400   2.3996   0.1000   2.3458 -2804.959
 27  13    923.7    315.3   0.2618   2.6180   0.1000   2.5841 -2851.960
 27  14    925.4    313.6   0.2668   2.6675   0.1000   2.6232 -2849.496
 27  15    924.5    314.5   0.2495   2.4951   0.1000   2.4587 -2835.164
 27  16    924.3    314.7   0.2477   2.4769   0.1000   2.4416 -2833.231
 27  17    924.3    314.7   0.2477   2.4769   0.1000   2.4416 -2833.231
 27  18    927.0    312.0   0.2503   2.5031   0.1000   2.4529 -2828.268
 27  19    930.8    308.2   0.2369   2.3694   0.1000   2.3020 -2801.470
 27  20    930.1    308.9   0.1531   1.5313   0.1000   1.4901 -2682.121
 27  21    928.1    310.9   0.1470   1.4701   0.1000   1.4372 -2668.412
 27  22    930.9    308.1   0.1412   1.4120   0.1000   1.3715 -2635.732
 27  23    930.8    308.2   0.1474   1.4739   0.1000   1.4322 -2651.230
 27  24    931.2    307.8   0.1455   1.4550   0.1000   1.4124 -2639.729
 27  25    930.4    308.6   0.1478   1.4781   0.1000   1.4376 -2650.982
 27  26    929.6    309.4   0.0000   0.0000   0.1000   0.0000 -1662.231
 28   1    930.0    309.0   0.3784   3.7835   0.1000   3.6827 -2947.019
 28   2    931.5    307.5   0.3417   3.4166   0.1000   3.3141 -2924.135
 28   3    925.9    313.1   0.3528   3.5278   0.1000   3.4651 -2943.306
 28   4    928.3    310.7   0.3434   3.4341   0.1000   3.3555 -2927.609
 28   5    929.4    309.6   0.3540   3.5402   0.1000   3.4502 -2924.966
 28   6    929.4    309.6   0.3540   3.5402   0.1000   3.4502 -2924.966
 28   7    928.8    310.2   0.3480   3.4800   0.1000   3.3965 -2925.736
 28   8    928.8    310.2   0.3480   3.4800   0.1000   3.3965 -2925.736
 28   9    928.1    310.9   0.3231   3.2307   0.1000   3.1582 -2900.709
 28  10    927.6    311.4   0.3259   3.2594   0.1000   3.1896 -2912.703
 28  11    927.6    311.4   0.3248   3.2482   0.1000   3.1786 -2911.266
 28  12    926.9    312.1   0.2510   2.5103   0.1000   2.4606 -2835.461
 28  13    922.4    316.6   0.2750   2.7498   0.1000   2.7219 -2885.481
 28  14    924.2    314.8   0.2703   2.7029   0.1000   2.6652 -2872.654
 28  15    923.2    315.8   0.2600   2.5995   0.1000   2.5687 -2867.276
 28  16    923.1    315.9   0.2610   2.6098   0.1000   2.5797 -2868.452
 28  17    923.1    315.9   0.2610   2.6098   0.1000   2.5797 -2868.452
 28  18    925.8    313.2   0.2856   2.8563   0.1000   2.8063 -2874.972
 28  19    929.6    309.4   0.2747   2.7472   0.1000   2.6764 -2855.186
 28  20    928.9    310.1   0.1747   1.7467   0.1000   1.7043 -2741.400
 28  21    926.8    312.2   0.1854   1.8543   0.1000   1.8179 -2774.679
 28  22    929.8    309.2   0.1689   1.6893   0.1000   1.6452 -2733.625
 28  23    929.6    309.4   0.1733   1.7331   0.1000   1.6884 -2740.732
 28  24    930.0    309.0   0.1777   1.7766   0.1000   1.7292 -2740.658
 28  25    929.2    309.8   0.1829   1.8294   0.1000   1.7837 -2743.292
 28  26    928.3    310.7   0.1821   1.8209   0.1000   1.7793 -2736.697
 28  27    928.3    310.7   0.1821   1.8209   0.1000   1.7793 -2736.697
 29   1    930.9    308.1   0.3953   3.9529   0.1000   3.8394 -2959.526
 29   2    932.5    306.5   0.3453   3.4529   0.1000   3.3423 -2925.201
 29   3    926.9    312.1   0.3802   3.8025   0.1000   3.7270 -2968.818
 29   4    929.2    309.8   0.3780   3.7796   0.1000   3.6853 -2955.104
 29   5    930.4    308.6   0.3584   3.5836   0.1000   3.4852 -2931.696
 29   6    930.4    308.6   0.3584   3.5836   0.1000   3.4852 -2931.696
 29   7    929.7    309.3   0.3771   3.7710   0.1000   3.6727 -2949.394
 29   8    929.7    309.3   0.3771   3.7710   0.1000   3.6727 -2949.394
 29   9    929.0    310.0   0.3409   3.4087   0.1000   3.3251 -2920.147
 29  10    928.6    310.4   0.3501   3.5013   0.1000   3.4190 -2937.051
 29  11    928.6    310.4   0.3488   3.4885   0.1000   3.4065 -2935.657
 29  12    927.8    311.2   0.2923   2.9226   0.1000   2.8589 -2873.295
 29  13    923.3    315.7   0.3011   3.0112   0.1000   2.9747 -2906.698
 29  14    925.1    313.9   0.3195   3.1948   0.1000   3.1441 -2919.218
 29  15    924.1    314.9   0.3149   3.1487   0.1000   3.1051 -2916.910
 29  16    924.0    315.0   0.3141   3.1405   0.1000   3.0981 -2917.074
 29  17    924.0    315.0   0.3141   3.1405   0.1000   3.0981 -2917.074
 29  18    926.7    312.3   0.3078   3.0785   0.1000   3.0185 -2896.746
 29  19    930.5    308.5   0.2801   2.8015   0.1000   2.7236 -2856.703
 29  20    929.8    309.2   0.1847   1.8468   0.1000   1.7983 -2744.135
 29  21    927.7    311.3   0.1907   1.9069   0.1000   1.8657 -2755.724
 29  22    930.6    308.4   0.1471   1.4714   0.1000   1.4302 -2679.425
 29  23    930.5    308.5   0.1588   1.5879   0.1000   1.5439 -2704.311
 29  24    930.9    308.1   0.1844   1.8438   0.1000   1.7910 -2741.652
 29  25    930.1    308.9   0.1773   1.7727   0.1000   1.7250 -2724.152
 29  26    929.2    309.8   0.1656   1.6563   0.1000   1.6152 -2707.662
 29  27    929.2    309.8   0.1656   1.6563   0.1000   1.6152 -2707.662
 29  28    927.9    311.1   0.1062   1.0625   0.1000   1.0390 -2543.245
 30   1    930.9    308.1   0.3953   3.9529   0.1000   3.8394 -2959.526
 30   2    932.5    306.5   0.3453   3.4529   0.1000   3.3423 -2925.201
 30   3    926.9    312.1   0.3802   3.8025   0.1000   3.7270 -2968.818
 30   4    929.2    309.8   0.3780   3.7796   0.1000   3.6853 -2955.104
 30   5    930.4    308.6   0.3584   3.5836   0.1000   3.4852 -2931.696
 30   6    930.4    308.6   0.3584   3.5836   0.1000   3.4852 -2931.696
 30   7    929.7    309.3   0.3771   3.7710   0.1000   3.6727 -2949.394
 30   8    929.7    309.3   0.3771   3.7710   0.1000   3.6727 -2949.394
 30   9    929.0    310.0   0.3409   3.4087   0.1000   3.3251 -2920.147
 30  10    928.6    310.4   0.3501   3.5013   0.1000   3.4190 -2937.051
 30  11    928.6    310.4   0.3488   3.4885   0.1000   3.4065 -2935.657
 30  12    927.8    311.2   0.2923   2.9226   0.1000   2.8589 -2873.295
 30  13    923.3    315.7   0.3011   3.0112   0.1000   2.9747 -2906.698
 30  14    925.1    313.9   0.3195   3.1948   0.1000   3.1441 -2919.218
 30  15    924.1    314.9   0.3149   3.1487   0.1000   3.1051 -2916.910
 30  16    924.0    315.0   0.3141   3.1405   0.1000   3.0981 -2917.074
 30  17    924.0    315.0   0.3141   3.1405   0.1000   3.0981 -2917.074
 30  18    926.7    312.3   0.3078   3.0785   0.1000   3.0185 -2896.746
 30  19    930.5    308.5   0.2801   2.8015   0.1000   2.7236 -2856.703
 30  20    929.8    309.2   0.1847   1.8468   0.1000   1.7983 -2744.135
 30  21    927.7    311.3   0.1907   1.9069   0.1000   1.8657 -2755.724
 30  22    930.6    308.4   0.1471   1.4714   0.1000   1.4302 -2679.425
 30  23    930.5    308.5   0.1588   1.5879   0.1000   1.5439 -2704.311
 30  24    930.9    308.1   0.1844   1.8438   0.1000   1.7910 -2741.652
 30  25    930.1    308.9   0.1773   1.7727   0.1000   1.7250 -2724.152
 30  26    929.2    309.8   0.1656   1.6563   0.1000   1.6152 -2707.662
 30  27    929.2    309.8   0.1656   1.6563   0.1000   1.6152 -2707.662
 30  28    927.9    311.1   0.1062   1.0625   0.1000   1.0390 -2543.245
 30  29    928.9    310.1   0.0000   0.0000   0.1000   0.0000 -1663.439
 31   1    931.2    307.8   0.4366   4.3664   0.1000   4.2384 -2986.634
 31   2    932.7    306.3   0.3827   3.8267   0.1000   3.7021 -2948.511
 31   3    927.2    311.8   0.3926   3.9265   0.1000   3.8462 -2970.205
 31   4    929.5    309.5   0.4094   4.0938   0.1000   3.9893 -2971.486
 31   5    930.6    308.4   0.4199   4.1992   0.1000   4.0814 -2970.015
 31   6    930.6    308.4   0.4199   4.1992   0.1000   4.0814 -2970.015
 31   7    930.0    309.0   0.4164   4.1640   0.1000   4.0530 -2972.436
 31   8    930.0    309.0   0.4164   4.1640   0.1000   4.0530 -2972.436
 31   9    929.3    309.7   0.3918   3.9177   0.1000   3.8192 -2953.915
 31  10    928.8    310.2   0.4126   4.1265   0.1000   4.0270 -2972.995
 31  11    928.8    310.2   0.4112   4.1119   0.1000   4.0127 -2971.707
 31  12    928.0    311.0   0.2850   2.8504   0.1000   2.7868 -2865.300
 31  13    923.6    315.4   0.2883   2.8834   0.1000   2.8470 -2889.560
 31  14    925.3    313.7   0.2784   2.7844   0.1000   2.7387 -2874.272
 31  15    924.4    314.6   0.2741   2.7411   0.1000   2.7017 -2874.805
 31  16    924.2    314.8   0.2720   2.7200   0.1000   2.6818 -2872.941
 31  17    924.2    314.8   0.2720   2.7200   0.1000   2.6818 -2872.941
 31  18    927.0    312.0   0.2892   2.8924   0.1000   2.8345 -2866.699
 31  19    930.8    308.2   0.2712   2.7115   0.1000   2.6347 -2842.948
 31  20    930.1    308.9   0.1980   1.9802   0.1000   1.9271 -2752.812
 31  21    928.0    311.0   0.1895   1.8945   0.1000   1.8525 -2754.430
 31  22    930.8    308.2   0.2004   2.0039   0.1000   1.9468 -2753.652
 31  23    930.7    308.3   0.2013   2.0132   0.1000   1.9564 -2759.719
 31  24    931.1    307.9   0.2180   2.1800   0.1000   2.1165 -2780.503
 31  25    930.4    308.6   0.2190   2.1901   0.1000   2.1301 -2784.581
 31  26    929.4    309.6   0.1755   1.7552   0.1000   1.7106 -2704.426
 31  27    929.4    309.6   0.1755   1.7552   0.1000   1.7106 -2704.426
 31  28    928.2    310.8   0.1132   1.1315   0.1000   1.1058 -2575.477
 31  29    929.1    309.9   0.1231   1.2307   0.1000   1.2003 -2596.613
 31  30    929.1    309.9   0.1231   1.2307   0.1000   1.2003 -2596.613
 32   1    933.8    305.2   0.4059   4.0592   0.1000   3.9172 -2962.284
 32   2    935.4    303.6   0.3619   3.6187   0.1000   3.4798 -2926.673
 32   3    929.8    309.2   0.3983   3.9832   0.1000   3.8786 -2970.878
 32   4    932.2    306.8   0.3927   3.9273   0.1000   3.8040 -2953.848
 32   5    933.4    305.6   0.4197   4.1975   0.1000   4.0544 -2966.023
 32   6    933.4    305.6   0.4197   4.1975   0.1000   4.0544 -2966.023
 32   7    932.8    306.2   0.4282   4.2817   0.1000   4.1418 -2974.317
 32   8    932.8    306.2   0.4282   4.2817   0.1000   4.1418 -2974.317
 32   9    932.1    306.9   0.3910   3.9096   0.1000   3.7880 -2945.038
 32  10    931.6    307.4   0.4066   4.0657   0.1000   3.9435 -2961.760
 32  11    931.6    307.4   0.4052   4.0515   0.1000   3.9297 -2960.434
 32  12    930.5    308.5   0.2836   2.8357   0.1000   2.7569 -2857.670
 32  13    926.0    313.0   0.2715   2.7154   0.1000   2.6665 -2865.586
 32  14    927.8    311.2   0.2662   2.6619   0.1000   2.6036 -2851.750
 32  15    926.9    312.1   0.2751   2.7510   0.1000   2.6966 -2864.818
 32  16    926.7    312.3   0.2731   2.7305   0.1000   2.6774 -2862.909
 32  17    926.7    312.3   0.2731   2.7305   0.1000   2.6774 -2862.909
 32  18    929.6    309.4   0.2952   2.9518   0.1000   2.8759 -2871.625
 32  19    933.3    305.7   0.2807   2.8066   0.1000   2.7115 -2853.181
 32  20    932.7    306.3   0.2002   2.0017   0.1000   1.9368 -2768.481
 32  21    930.5    308.5   0.2113   2.1130   0.1000   2.0545 -2786.283
 32  22    933.3    305.7   0.1657   1.6572   0.1000   1.6011 -2707.406
 32  23    933.2    305.8   0.1690   1.6903   0.1000   1.6335 -2715.713
 32  24    933.6    305.4   0.1858   1.8576   0.1000   1.7934 -2738.979
 32  25    933.0    306.0   0.1887   1.8871   0.1000   1.8247 -2747.030
 32  26    931.9    307.1   0.1760   1.7595   0.1000   1.7054 -2697.253
 32  27    931.9    307.1   0.1760   1.7595   0.1000   1.7054 -2697.253
 32  28    930.8    308.2   0.1061   1.0615   0.1000   1.0314 -2561.177
 32  29    931.7    307.3   0.1066   1.0661   0.1000   1.0338 -2554.809
 32  30    931.7    307.3   0.1066   1.0661   0.1000   1.0338 -2554.809
 32  31    931.9    307.1   0.0911   0.9107   0.1000   0.8827 -2480.599
 33   1    930.9    308.1   0.3397   3.3972   0.1000   3.3001 -2913.050
 33   2    932.3    306.7   0.3351   3.3511   0.1000   3.2449 -2910.354
 33   3    926.8    312.2   0.3393   3.3928   0.1000   3.3262 -2934.540
 33   4    929.1    309.9   0.3471   3.4712   0.1000   3.3857 -2926.272
 33   5    930.2    308.8   0.3216   3.2163   0.1000   3.1295 -2903.140
 33   6    930.2    308.8   0.3216   3.2163   0.1000   3.1295 -2903.140
 33   7    929.5    309.5   0.3308   3.3085   0.1000   3.2237 -2916.769
 33   8    929.5    309.5   0.3308   3.3085   0.1000   3.2237 -2916.769
 33   9    928.9    310.1   0.3223   3.2234   0.1000   3.1455 -2905.775
 33  10    928.4    310.6   0.3306   3.3061   0.1000   3.2295 -2919.471
 33  11    928.4    310.6   0.3294   3.2944   0.1000   3.2181 -2918.079
 33  12    927.7    311.3   0.2680   2.6798   0.1000   2.6217 -2851.078
 33  13    923.4    315.6   0.2510   2.5104   0.1000   2.4797 -2870.734
 33  14    925.1    313.9   0.2551   2.5512   0.1000   2.5107 -2870.428
 33  15    924.1    314.9   0.2481   2.4812   0.1000   2.4468 -2863.712
 33  16    924.0    315.0   0.2471   2.4713   0.1000   2.4378 -2863.755
 33  17    924.0    315.0   0.2471   2.4713   0.1000   2.4378 -2863.755
 33  18    926.6    312.4   0.2662   2.6624   0.1000   2.6110 -2848.812
 33  19    930.5    308.5   0.2566   2.5657   0.1000   2.4947 -2839.425
 33  20    929.8    309.2   0.1504   1.5038   0.1000   1.4645 -2670.218
 33  21    927.7    311.3   0.1607   1.6073   0.1000   1.5726 -2712.818
 33  22    930.6    308.4   0.1452   1.4522   0.1000   1.4116 -2675.706
 33  23    930.5    308.5   0.1499   1.4992   0.1000   1.4577 -2683.050
 33  24    930.9    308.1   0.1322   1.3218   0.1000   1.2840 -2627.123
 33  25    930.0    309.0   0.1363   1.3628   0.1000   1.3265 -2625.222
 33  26    929.2    309.8   0.1368   1.3684   0.1000   1.3343 -2637.423
 33  27    929.2    309.8   0.1368   1.3684   0.1000   1.3343 -2637.423
 33  28    927.9    311.1   0.1628   1.6277   0.1000   1.5919 -2703.428
 33  29    928.8    310.2   0.1796   1.7963   0.1000   1.7530 -2721.508
 33  30    928.8    310.2   0.1796   1.7963   0.1000   1.7530 -2721.508
 33  31    929.1    309.9   0.1658   1.6575   0.1000   1.6167 -2701.698
 33  32    931.6    307.4   0.1809   1.8091   0.1000   1.7548 -2736.935
 34   1    930.9    308.1   0.3397   3.3972   0.1000   3.3001 -2913.050
 34   2    932.3    306.7   0.3351   3.3511   0.1000   3.2449 -2910.354
 34   3    926.8    312.2   0.3393   3.3928   0.1000   3.3262 -2934.540
 34   4    929.1    309.9   0.3471   3.4712   0.1000   3.3857 -2926.272
 34   5    930.2    308.8   0.3216   3.2163   0.1000   3.1295 -2903.140
 34   6    930.2    308.8   0.3216   3.2163   0.1000   3.1295 -2903.140
 34   7    929.5    309.5   0.3308   3.3085   0.1000   3.2237 -2916.769
 34   8    929.5    309.5   0.3308   3.3085   0.1000   3.2237 -2916.769
 34   9    928.9    310.1   0.3223   3.2234   0.1000   3.1455 -2905.775
 34  10    928.4    310.6   0.3306   3.3061   0.1000   3.2295 -2919.471
 34  11    928.4    310.6   0.3294   3.2944   0.1000   3.2181 -2918.079
 34  12    927.7    311.3   0.2680   2.6798   0.1000   2.6217 -2851.078
 34  13    923.4    315.6   0.2510   2.5104   0.1000   2.4797 -2870.734
 34  14    925.1    313.9   0.2551   2.5512   0.1000   2.5107 -2870.428
 34  15    924.1    314.9   0.2481   2.4812   0.1000   2.4468 -2863.712
 34  16    924.0    315.0   0.2471   2.4713   0.1000   2.4378 -2863.755
 34  17    924.0    315.0   0.2471   2.4713   0.1000   2.4378 -2863.755
 34  18    926.6    312.4   0.2662   2.6624   0.1000   2.6110 -2848.812
 34  19    930.5    308.5   0.2566   2.5657   0.1000   2.4947 -2839.425
 34  20    929.8    309.2   0.1504   1.5038   0.1000   1.4645 -2670.218
 34  21    927.7    311.3   0.1607   1.6073   0.1000   1.5726 -2712.818
 34  22    930.6    308.4   0.1452   1.4522   0.1000   1.4116 -2675.706
 34  23    930.5    308.5   0.1499   1.4992   0.1000   1.4577 -2683.050
 34  24    930.9    308.1   0.1322   1.3218   0.1000   1.2840 -2627.123
 34  25    930.0    309.0   0.1363   1.3628   0.1000   1.3265 -2625.222
 34  26    929.2    309.8   0.1368   1.3684   0.1000   1.3343 -2637.423
 34  27    929.2    309.8   0.1368   1.3684   0.1000   1.3343 -2637.423
 34  28    927.9    311.1   0.1628   1.6277   0.1000   1.5919 -2703.428
 34  29    928.8    310.2   0.1796   1.7963   0.1000   1.7530 -2721.508
 34  30    928.8    310.2   0.1796   1.7963   0.1000   1.7530 -2721.508
 34  31    929.1    309.9   0.1658   1.6575   0.1000   1.6167 -2701.698
 34  32    931.6    307.4   0.1809   1.8091   0.1000   1.7548 -2736.935
 34  33    928.9    310.1   0.0000   0.0000   0.1000   0.0000 -1663.239
 35   1    931.5    307.5   0.4075   4.0754   0.1000   3.9536 -2964.540
 35   2    933.0    306.0   0.3469   3.4690   0.1000   3.3541 -2913.229
 35   3    927.4    311.6   0.3685   3.6845   0.1000   3.6071 -2953.451
 35   4    929.7    309.3   0.3986   3.9861   0.1000   3.8822 -2964.832
 35   5    930.9    308.1   0.3667   3.6669   0.1000   3.5624 -2930.587
 35   6    930.9    308.1   0.3667   3.6669   0.1000   3.5624 -2930.587
 35   7    930.2    308.8   0.3803   3.8033   0.1000   3.7002 -2946.858
 35   8    930.2    308.8   0.3803   3.8033   0.1000   3.7002 -2946.858
 35   9    929.5    309.5   0.3659   3.6594   0.1000   3.5655 -2936.098
 35  10    929.1    309.9   0.3624   3.6237   0.1000   3.5344 -2940.041
 35  11    929.1    309.9   0.3611   3.6107   0.1000   3.5218 -2938.689
 35  12    928.3    310.7   0.2682   2.6818   0.1000   2.6202 -2854.900
 35  13    923.9    315.1   0.2790   2.7904   0.1000   2.7530 -2893.174
 35  14    925.6    313.4   0.3022   3.0219   0.1000   2.9702 -2908.587
 35  15    924.7    314.3   0.2876   2.8756   0.1000   2.8322 -2900.818
 35  16    924.6    314.4   0.2853   2.8529   0.1000   2.8107 -2899.034
 35  17    924.6    314.4   0.2853   2.8529   0.1000   2.8107 -2899.034
 35  18    927.3    311.7   0.2538   2.5379   0.1000   2.4854 -2834.957
 35  19    931.1    307.9   0.2862   2.8624   0.1000   2.7795 -2865.244
 35  20    930.4    308.6   0.1563   1.5626   0.1000   1.5197 -2681.378
 35  21    928.3    310.7   0.1685   1.6845   0.1000   1.6460 -2734.593
 35  22    931.2    307.8   0.1405   1.4054   0.1000   1.3644 -2645.761
 35  23    931.0    308.0   0.1481   1.4814   0.1000   1.4386 -2663.223
 35  24    931.5    307.5   0.1496   1.4960   0.1000   1.4513 -2653.750
 35  25    930.7    308.3   0.1493   1.4929   0.1000   1.4510 -2660.820
 35  26    929.8    309.2   0.1541   1.5408   0.1000   1.5006 -2684.897
 35  27    929.8    309.2   0.1541   1.5408   0.1000   1.5006 -2684.897
 35  28    928.5    310.5   0.1857   1.8569   0.1000   1.8135 -2751.147
 35  29    929.4    309.6   0.1797   1.7972   0.1000   1.7517 -2724.441
 35  30    929.4    309.6   0.1797   1.7972   0.1000   1.7517 -2724.441
 35  31    929.7    309.3   0.1896   1.8958   0.1000   1.8467 -2740.952
 35  32    932.2    306.8   0.1940   1.9398   0.1000   1.8789 -2743.817
 35  33    929.4    309.6   0.1041   1.0407   0.1000   1.0143 -2557.912
 35  34    929.4    309.6   0.1041   1.0407   0.1000   1.0143 -2557.912
 36   1    931.8    307.2   0.3620   3.6204   0.1000   3.5096 -2922.546
 36   2    933.3    305.7   0.3436   3.4365   0.1000   3.3202 -2906.883
 36   3    927.7    311.3   0.3550   3.5497   0.1000   3.4726 -2940.523
 36   4    930.1    308.9   0.3808   3.8078   0.1000   3.7059 -2949.585
 36   5    931.2    307.8   0.3439   3.4394   0.1000   3.3390 -2914.812
 36   6    931.2    307.8   0.3439   3.4394   0.1000   3.3390 -2914.812
 36   7    930.5    308.5   0.3556   3.5564   0.1000   3.4575 -2929.203
 36   8    930.5    308.5   0.3556   3.5564   0.1000   3.4575 -2929.203
 36   9    929.9    309.1   0.3236   3.2357   0.1000   3.1505 -2898.275
 36  10    929.4    309.6   0.3396   3.3961   0.1000   3.3101 -2914.796
 36  11    929.4    309.6   0.3385   3.3849   0.1000   3.2992 -2913.418
 36  12    928.7    310.3   0.2656   2.6565   0.1000   2.5933 -2853.024
 36  13    924.3    314.7   0.2693   2.6926   0.1000   2.6543 -2877.900
 36  14    926.0    313.0   0.2903   2.9026   0.1000   2.8506 -2893.581
 36  15    925.1    313.9   0.2864   2.8636   0.1000   2.8181 -2894.675
 36  16    924.9    314.1   0.2843   2.8426   0.1000   2.7982 -2892.873
 36  17    924.9    314.1   0.2843   2.8426   0.1000   2.7982 -2892.873
 36  18    927.6    311.4   0.2664   2.6635   0.1000   2.6065 -2866.519
 36  19    931.4    307.6   0.2670   2.6696   0.1000   2.5902 -2850.052
 36  20    930.7    308.3   0.1557   1.5565   0.1000   1.5126 -2683.619
 36  21    928.6    310.4   0.1594   1.5941   0.1000   1.5564 -2695.855
 36  22    931.5    307.5   0.1484   1.4836   0.1000   1.4391 -2676.921
 36  23    931.4    307.6   0.1544   1.5445   0.1000   1.4986 -2689.212
 36  24    931.8    307.2   0.1453   1.4532   0.1000   1.4087 -2675.430
 36  25    931.0    308.0   0.1358   1.3580   0.1000   1.3189 -2661.592
 36  26    930.1    308.9   0.1630   1.6296   0.1000   1.5858 -2691.655
 36  27    930.1    308.9   0.1630   1.6296   0.1000   1.5858 -2691.655
 36  28    928.8    310.2   0.1849   1.8490   0.1000   1.8044 -2736.022
 36  29    929.8    309.2   0.1841   1.8410   0.1000   1.7929 -2737.416
 36  30    929.8    309.2   0.1841   1.8410   0.1000   1.7929 -2737.416
 36  31    930.0    309.0   0.1871   1.8705   0.1000   1.8206 -2736.956
 36  32    932.5    306.5   0.1794   1.7941   0.1000   1.7364 -2718.220
 36  33    929.8    309.2   0.1085   1.0848   0.1000   1.0565 -2561.567
 36  34    929.8    309.2   0.1085   1.0848   0.1000   1.0565 -2561.567
 36  35    930.3    308.7   0.1041   1.0406   0.1000   1.0121 -2533.724
 37   1    928.7    310.3   0.3570   3.5702   0.1000   3.4853 -2930.603
 37   2    930.2    308.8   0.3427   3.4270   0.1000   3.3345 -2919.788
 37   3    924.6    314.4   0.3305   3.3053   0.1000   3.2563 -2925.698
 37   4    926.9    312.1   0.3506   3.5063   0.1000   3.4365 -2935.590
 37   5    928.1    310.9   0.3519   3.5191   0.1000   3.4403 -2931.511
 37   6    928.1    310.9   0.3519   3.5191   0.1000   3.4403 -2931.511
 37   7    927.4    311.6   0.3643   3.6434   0.1000   3.5670 -2947.169
 37   8    927.4    311.6   0.3643   3.6434   0.1000   3.5670 -2947.169
 37   9    926.7    312.3   0.3317   3.3173   0.1000   3.2525 -2918.339
 37  10    926.3    312.7   0.3607   3.6073   0.1000   3.5406 -2946.801
 37  11    926.3    312.7   0.3594   3.5944   0.1000   3.5279 -2945.400
 37  12    925.4    313.6   0.2506   2.5061   0.1000   2.4644 -2843.301
 37  13    921.0    318.0   0.2729   2.7294   0.1000   2.7103 -2883.920
 37  14    922.7    316.3   0.2794   2.7939   0.1000   2.7638 -2889.324
 37  15    921.8    317.2   0.2570   2.5704   0.1000   2.5480 -2871.609
 37  16    921.6    317.4   0.2550   2.5501   0.1000   2.5287 -2869.689
 37  17    921.6    317.4   0.2550   2.5501   0.1000   2.5287 -2869.689
 37  18    924.4    314.6   0.2573   2.5729   0.1000   2.5360 -2868.246
 37  19    928.2    310.8   0.2645   2.6447   0.1000   2.5845 -2857.345
 37  20    927.5    311.5   0.1653   1.6530   0.1000   1.6179 -2708.366
 37  21    925.4    313.6   0.1550   1.5505   0.1000   1.5247 -2693.461
 37  22    928.3    310.7   0.1512   1.5115   0.1000   1.4769 -2674.901
 37  23    928.2    310.8   0.1574   1.5742   0.1000   1.5386 -2688.758
 37  24    928.6    310.4   0.1296   1.2958   0.1000   1.2652 -2650.656
 37  25    927.8    311.2   0.1473   1.4726   0.1000   1.4405 -2695.606
 37  26    926.9    312.1   0.1646   1.6463   0.1000   1.6135 -2696.885
 37  27    926.9    312.1   0.1646   1.6463   0.1000   1.6135 -2696.885
 37  28    925.6    313.4   0.1896   1.8963   0.1000   1.8638 -2754.663
 37  29    926.6    312.4   0.1813   1.8128   0.1000   1.7781 -2732.181
 37  30    926.6    312.4   0.1813   1.8128   0.1000   1.7781 -2732.181
 37  31    926.8    312.2   0.1849   1.8493   0.1000   1.8129 -2737.208
 37  32    929.3    309.7   0.1903   1.9028   0.1000   1.8549 -2745.825
 37  33    926.6    312.4   0.0924   0.9243   0.1000   0.9066 -2515.738
 37  34    926.6    312.4   0.0924   0.9243   0.1000   0.9066 -2515.738
 37  35    927.1    311.9   0.1053   1.0527   0.1000   1.0312 -2550.905
 37  36    927.5    311.5   0.0536   0.5363   0.1000   0.5250 -2301.702
 38   1    928.5    310.5   0.3746   3.7458   0.1000   3.6580 -2942.644
 38   2    930.0    309.0   0.3429   3.4291   0.1000   3.3379 -2919.247
 38   3    924.4    314.6   0.3242   3.2419   0.1000   3.1950 -2922.492
 38   4    926.7    312.3   0.3760   3.7595   0.1000   3.6862 -2956.477
 38   5    927.9    311.1   0.3568   3.5681   0.1000   3.4898 -2934.271
 38   6    927.9    311.1   0.3568   3.5681   0.1000   3.4898 -2934.271
 38   7    927.2    311.8   0.3561   3.5615   0.1000   3.4883 -2939.209
 38   8    927.2    311.8   0.3561   3.5615   0.1000   3.4883 -2939.209
 38   9    926.6    312.4   0.3193   3.1926   0.1000   3.1315 -2903.157
 38  10    926.1    312.9   0.3633   3.6334   0.1000   3.5677 -2944.617
 38  11    926.1    312.9   0.3615   3.6153   0.1000   3.5500 -2943.175
 38  12    925.3    313.7   0.2486   2.4856   0.1000   2.4449 -2838.348
 38  13    920.9    318.1   0.2736   2.7357   0.1000   2.7172 -2888.116
 38  14    922.6    316.4   0.2761   2.7610   0.1000   2.7320 -2886.531
 38  15    921.7    317.3   0.2742   2.7417   0.1000   2.7185 -2889.762
 38  16    921.5    317.5   0.2722   2.7219   0.1000   2.6998 -2887.884
 38  17    921.5    317.5   0.2722   2.7219   0.1000   2.6998 -2887.884
 38  18    924.2    314.8   0.2413   2.4129   0.1000   2.3791 -2848.006
 38  19    928.1    310.9   0.2496   2.4958   0.1000   2.4397 -2842.334
 38  20    927.4    311.6   0.1648   1.6477   0.1000   1.6133 -2703.038
 38  21    925.3    313.7   0.1683   1.6829   0.1000   1.6554 -2714.203
 38  22    928.2    310.8   0.1414   1.4140   0.1000   1.3820 -2661.712
 38  23    928.0    311.0   0.1488   1.4883   0.1000   1.4551 -2682.219
 38  24    928.5    310.5   0.1558   1.5579   0.1000   1.5216 -2692.321
 38  25    927.6    311.4   0.1477   1.4768   0.1000   1.4451 -2691.636
 38  26    926.8    312.2   0.1679   1.6786   0.1000   1.6456 -2703.044
 38  27    926.8    312.2   0.1679   1.6786   0.1000   1.6456 -2703.044
 38  28    925.5    313.5   0.1973   1.9731   0.1000   1.9399 -2773.102
 38  29    926.4    312.6   0.1812   1.8120   0.1000   1.7779 -2740.019
 38  30    926.4    312.6   0.1812   1.8120   0.1000   1.7779 -2740.019
 38  31    926.7    312.3   0.1768   1.7681   0.1000   1.7338 -2730.546
 38  32    929.2    309.8   0.1699   1.6993   0.1000   1.6572 -2712.301
 38  33    926.4    312.6   0.1049   1.0486   0.1000   1.0289 -2556.445
 38  34    926.4    312.6   0.1049   1.0486   0.1000   1.0289 -2556.445
 38  35    927.0    312.0   0.1035   1.0355   0.1000   1.0147 -2533.305
 38  36    927.4    311.6   0.0626   0.6264   0.1000   0.6133 -2358.338
 38  37    924.1    314.9   0.0480   0.4802   0.1000   0.4736 -2277.260

