Supplemental results for CODEML (seqf: /gpfs/scratch/cltucker/EBH381-Group-Project/SIV_aligned_VPX.fas  treef: )


pairwise comparison (Goldman & Yang 1994)
seq seq        N       S       dN       dS     dN/dS   Paras.
  2   1    163.3     64.7   0.3597   0.4496   0.8000   1.1556  -505.027
  3   1    163.4     64.6   0.3742   0.4677   0.8000   1.2021  -507.335
  3   2    164.1     63.9   0.3938   0.4923   0.8000   1.2643  -505.182
  4   1    163.2     64.8   0.4052   0.5065   0.8000   1.3020  -517.673
  4   2    163.9     64.1   0.4282   0.5352   0.8000   1.3748  -511.425
  4   3    164.0     64.0   0.2120   0.2650   0.8000   0.6806  -450.787
  5   1    163.5     64.5   0.3432   0.4290   0.8000   1.1025  -503.115
  5   2    164.2     63.8   0.2866   0.3583   0.8000   0.9200  -484.470
  5   3    164.3     63.7   0.1821   0.2276   0.8000   0.5844  -438.463
  5   4    164.1     63.9   0.1985   0.2481   0.8000   0.6372  -447.649
  6   1    163.5     64.5   0.3432   0.4290   0.8000   1.1025  -503.115
  6   2    164.2     63.8   0.2866   0.3583   0.8000   0.9200  -484.470
  6   3    164.3     63.7   0.1821   0.2276   0.8000   0.5844  -438.463
  6   4    164.1     63.9   0.1985   0.2481   0.8000   0.6372  -447.649
  6   5    164.4     63.6   0.0000   0.0000   0.8000   0.0000  -304.678
  7   1    163.1     64.9   0.3394   0.4243   0.8000   1.0907  -501.211
  7   2    163.8     64.2   0.3073   0.3841   0.8000   0.9867  -489.188
  7   3    163.9     64.1   0.1745   0.2181   0.8000   0.5602  -434.257
  7   4    163.7     64.3   0.1701   0.2127   0.8000   0.5464  -438.183
  7   5    164.0     64.0   0.0473   0.0592   0.8000   0.1520  -355.434
  7   6    164.0     64.0   0.0473   0.0592   0.8000   0.1520  -355.434
  8   1    163.1     64.9   0.3394   0.4243   0.8000   1.0907  -501.211
  8   2    163.8     64.2   0.3073   0.3841   0.8000   0.9867  -489.188
  8   3    163.9     64.1   0.1745   0.2181   0.8000   0.5602  -434.257
  8   4    163.7     64.3   0.1701   0.2127   0.8000   0.5464  -438.183
  8   5    164.0     64.0   0.0473   0.0592   0.8000   0.1520  -355.434
  8   6    164.0     64.0   0.0473   0.0592   0.8000   0.1520  -355.434
  8   7    163.6     64.4   0.0000   0.0000   0.8000   0.0000  -304.843
  9   1    162.5     65.5   0.3963   0.4953   0.8000   1.2741  -520.224
  9   2    163.1     64.9   0.3684   0.4605   0.8000   1.1839  -505.408
  9   3    163.2     64.8   0.1990   0.2487   0.8000   0.6393  -451.616
  9   4    163.0     65.0   0.2181   0.2727   0.8000   0.7010  -461.242
  9   5    163.3     64.7   0.1294   0.1617   0.8000   0.4157  -412.011
  9   6    163.3     64.7   0.1294   0.1617   0.8000   0.4157  -412.011
  9   7    163.0     65.0   0.1189   0.1486   0.8000   0.3822  -409.253
  9   8    163.0     65.0   0.1189   0.1486   0.8000   0.3822  -409.253
 10   1    162.9     65.1   0.2924   0.3655   0.8000   0.9399  -492.954
 10   2    163.5     64.5   0.4094   0.5117   0.8000   1.3149  -508.706
 10   3    163.6     64.4   0.2216   0.2770   0.8000   0.7117  -451.383
 10   4    163.4     64.6   0.2159   0.2699   0.8000   0.6937  -452.856
 10   5    163.7     64.3   0.1293   0.1616   0.8000   0.4153  -404.849
 10   6    163.7     64.3   0.1293   0.1616   0.8000   0.4153  -404.849
 10   7    163.4     64.6   0.1082   0.1353   0.8000   0.3478  -393.420
 10   8    163.4     64.6   0.1082   0.1353   0.8000   0.3478  -393.420
 10   9    162.7     65.3   0.1297   0.1621   0.8000   0.4170  -414.314
 11   1    162.9     65.1   0.2924   0.3655   0.8000   0.9399  -492.954
 11   2    163.5     64.5   0.4094   0.5117   0.8000   1.3149  -508.706
 11   3    163.6     64.4   0.2216   0.2770   0.8000   0.7117  -451.383
 11   4    163.4     64.6   0.2159   0.2699   0.8000   0.6937  -452.856
 11   5    163.7     64.3   0.1293   0.1616   0.8000   0.4153  -404.849
 11   6    163.7     64.3   0.1293   0.1616   0.8000   0.4153  -404.849
 11   7    163.4     64.6   0.1082   0.1353   0.8000   0.3478  -393.420
 11   8    163.4     64.6   0.1082   0.1353   0.8000   0.3478  -393.420
 11   9    162.7     65.3   0.1297   0.1621   0.8000   0.4170  -414.314
 11  10    163.1     64.9   0.0000   0.0000   0.8000   0.0000  -306.211
 12   1    162.3     65.7   0.5457   0.6821   0.8000   1.7550  -547.349
 12   2    163.0     65.0   0.4891   0.6114   0.8000   1.5720  -536.711
 12   3    163.2     64.8   0.4382   0.5477   0.8000   1.4079  -521.847
 12   4    163.0     65.0   0.4972   0.6215   0.8000   1.5980  -532.686
 12   5    163.2     64.8   0.4305   0.5382   0.8000   1.3833  -521.365
 12   6    163.2     64.8   0.4305   0.5382   0.8000   1.3833  -521.365
 12   7    162.9     65.1   0.3903   0.4879   0.8000   1.2546  -514.754
 12   8    162.9     65.1   0.3903   0.4879   0.8000   1.2546  -514.754
 12   9    162.2     65.8   0.4843   0.6053   0.8000   1.5576  -535.269
 12  10    162.6     65.4   0.4382   0.5477   0.8000   1.4087  -524.185
 12  11    162.6     65.4   0.4382   0.5477   0.8000   1.4087  -524.185
 13   1    162.5     65.5   0.4364   0.5455   0.8000   1.4033  -531.248
 13   2    163.2     64.8   0.6558   0.8197   0.8000   2.1071  -558.016
 13   3    163.3     64.7   0.4044   0.5055   0.8000   1.2993  -514.015
 13   4    163.1     64.9   0.5146   0.6432   0.8000   1.6536  -537.589
 13   5    163.4     64.6   0.4674   0.5842   0.8000   1.5014  -529.313
 13   6    163.4     64.6   0.4674   0.5842   0.8000   1.5014  -529.313
 13   7    163.0     65.0   0.4498   0.5622   0.8000   1.4455  -525.196
 13   8    163.0     65.0   0.4498   0.5622   0.8000   1.4455  -525.196
 13   9    162.3     65.7   0.5130   0.6412   0.8000   1.6498  -538.924
 13  10    162.7     65.3   0.4224   0.5280   0.8000   1.3579  -523.515
 13  11    162.7     65.3   0.4224   0.5280   0.8000   1.3579  -523.515
 13  12    162.2     65.8   0.3111   0.3889   0.8000   1.0008  -496.501
 14   1    162.6     65.4   0.4625   0.5781   0.8000   1.4870  -534.221
 14   2    163.3     64.7   0.6670   0.8337   0.8000   2.1430  -558.765
 14   3    163.4     64.6   0.4114   0.5142   0.8000   1.3215  -515.119
 14   4    163.2     64.8   0.5261   0.6576   0.8000   1.6903  -539.146
 14   5    163.5     64.5   0.4866   0.6082   0.8000   1.5629  -531.976
 14   6    163.5     64.5   0.4866   0.6082   0.8000   1.5629  -531.976
 14   7    163.1     64.9   0.4691   0.5863   0.8000   1.5073  -528.294
 14   8    163.1     64.9   0.4691   0.5863   0.8000   1.5073  -528.294
 14   9    162.4     65.6   0.5353   0.6691   0.8000   1.7212  -541.741
 14  10    162.8     65.2   0.4572   0.5715   0.8000   1.4697  -528.602
 14  11    162.8     65.2   0.4572   0.5715   0.8000   1.4697  -528.602
 14  12    162.3     65.7   0.3379   0.4223   0.8000   1.0866  -501.380
 14  13    162.5     65.5   0.0339   0.0424   0.8000   0.1090  -348.314
 15   1    163.1     64.9   0.4308   0.5386   0.8000   1.3846  -529.025
 15   2    163.8     64.2   0.6167   0.7709   0.8000   1.9804  -554.048
 15   3    164.0     64.0   0.3987   0.4983   0.8000   1.2799  -512.263
 15   4    163.7     64.3   0.4918   0.6148   0.8000   1.5794  -534.237
 15   5    164.0     64.0   0.4545   0.5682   0.8000   1.4592  -526.812
 15   6    164.0     64.0   0.4545   0.5682   0.8000   1.4592  -526.812
 15   7    163.6     64.4   0.4370   0.5463   0.8000   1.4036  -522.911
 15   8    163.6     64.4   0.4370   0.5463   0.8000   1.4036  -522.911
 15   9    162.9     65.1   0.4998   0.6248   0.8000   1.6065  -537.199
 15  10    163.3     64.7   0.4255   0.5319   0.8000   1.3670  -523.195
 15  11    163.3     64.7   0.4255   0.5319   0.8000   1.3670  -523.195
 15  12    162.8     65.2   0.3253   0.4066   0.8000   1.0457  -498.051
 15  13    163.0     65.0   0.0339   0.0424   0.8000   0.1090  -347.084
 15  14    163.1     64.9   0.0209   0.0262   0.8000   0.0672  -332.156
 16   1    163.1     64.9   0.4308   0.5386   0.8000   1.3846  -529.025
 16   2    163.8     64.2   0.6167   0.7709   0.8000   1.9804  -554.048
 16   3    164.0     64.0   0.3987   0.4983   0.8000   1.2799  -512.263
 16   4    163.7     64.3   0.4918   0.6148   0.8000   1.5794  -534.237
 16   5    164.0     64.0   0.4545   0.5682   0.8000   1.4592  -526.812
 16   6    164.0     64.0   0.4545   0.5682   0.8000   1.4592  -526.812
 16   7    163.6     64.4   0.4370   0.5463   0.8000   1.4036  -522.911
 16   8    163.6     64.4   0.4370   0.5463   0.8000   1.4036  -522.911
 16   9    162.9     65.1   0.4998   0.6248   0.8000   1.6065  -537.199
 16  10    163.3     64.7   0.4255   0.5319   0.8000   1.3670  -523.195
 16  11    163.3     64.7   0.4255   0.5319   0.8000   1.3670  -523.195
 16  12    162.8     65.2   0.3253   0.4066   0.8000   1.0457  -498.051
 16  13    163.0     65.0   0.0339   0.0424   0.8000   0.1090  -347.084
 16  14    163.1     64.9   0.0209   0.0262   0.8000   0.0672  -332.156
 16  15    163.6     64.4   0.0000   0.0000   0.8000   0.0000  -306.765
 17   1    163.1     64.9   0.4308   0.5386   0.8000   1.3846  -529.025
 17   2    163.8     64.2   0.6167   0.7709   0.8000   1.9804  -554.048
 17   3    164.0     64.0   0.3987   0.4983   0.8000   1.2799  -512.263
 17   4    163.7     64.3   0.4918   0.6148   0.8000   1.5794  -534.237
 17   5    164.0     64.0   0.4545   0.5682   0.8000   1.4592  -526.812
 17   6    164.0     64.0   0.4545   0.5682   0.8000   1.4592  -526.812
 17   7    163.6     64.4   0.4370   0.5463   0.8000   1.4036  -522.911
 17   8    163.6     64.4   0.4370   0.5463   0.8000   1.4036  -522.911
 17   9    162.9     65.1   0.4998   0.6248   0.8000   1.6065  -537.199
 17  10    163.3     64.7   0.4255   0.5319   0.8000   1.3670  -523.195
 17  11    163.3     64.7   0.4255   0.5319   0.8000   1.3670  -523.195
 17  12    162.8     65.2   0.3253   0.4066   0.8000   1.0457  -498.051
 17  13    163.0     65.0   0.0339   0.0424   0.8000   0.1090  -347.084
 17  14    163.1     64.9   0.0209   0.0262   0.8000   0.0672  -332.156
 17  15    163.6     64.4   0.0000   0.0000   0.8000   0.0000  -306.765
 17  16    163.6     64.4   0.0000   0.0000   0.8000   0.0000  -306.765
 18   1    162.1     65.9   0.4805   0.6006   0.8000   1.5457  -539.981
 18   2    162.7     65.3   0.5528   0.6910   0.8000   1.7772  -548.125
 18   3    162.8     65.2   0.4590   0.5738   0.8000   1.4755  -525.542
 18   4    162.6     65.4   0.4855   0.6069   0.8000   1.5611  -536.602
 18   5    162.9     65.1   0.4583   0.5729   0.8000   1.4730  -528.482
 18   6    162.9     65.1   0.4583   0.5729   0.8000   1.4730  -528.482
 18   7    162.6     65.4   0.4363   0.5454   0.8000   1.4028  -524.465
 18   8    162.6     65.4   0.4363   0.5454   0.8000   1.4028  -524.465
 18   9    161.9     66.1   0.4569   0.5711   0.8000   1.4699  -533.711
 18  10    162.3     65.7   0.4869   0.6086   0.8000   1.5660  -533.028
 18  11    162.3     65.7   0.4869   0.6086   0.8000   1.5660  -533.028
 18  12    161.7     66.3   0.3230   0.4038   0.8000   1.0395  -493.443
 18  13    161.9     66.1   0.3058   0.3822   0.8000   0.9839  -485.505
 18  14    162.0     66.0   0.3294   0.4117   0.8000   1.0597  -488.390
 18  15    162.5     65.5   0.3102   0.3878   0.8000   0.9976  -482.990
 18  16    162.5     65.5   0.3102   0.3878   0.8000   0.9976  -482.990
 18  17    162.5     65.5   0.3102   0.3878   0.8000   0.9976  -482.990
 19   1    161.9     66.1   0.4305   0.5381   0.8000   1.3851  -532.396
 19   2    162.5     65.5   0.5646   0.7057   0.8000   1.8153  -553.489
 19   3    162.6     65.4   0.4455   0.5568   0.8000   1.4323  -527.953
 19   4    162.4     65.6   0.4559   0.5698   0.8000   1.4659  -534.430
 19   5    162.7     65.3   0.4007   0.5009   0.8000   1.2883  -522.453
 19   6    162.7     65.3   0.4007   0.5009   0.8000   1.2883  -522.453
 19   7    162.4     65.6   0.4124   0.5154   0.8000   1.3260  -522.951
 19   8    162.4     65.6   0.4124   0.5154   0.8000   1.3260  -522.951
 19   9    161.8     66.2   0.4442   0.5553   0.8000   1.4295  -535.782
 19  10    162.1     65.9   0.4337   0.5422   0.8000   1.3952  -527.343
 19  11    162.1     65.9   0.4337   0.5422   0.8000   1.3952  -527.343
 19  12    161.5     66.5   0.3375   0.4219   0.8000   1.0864  -494.994
 19  13    161.7     66.3   0.3547   0.4433   0.8000   1.1414  -502.542
 19  14    161.8     66.2   0.3529   0.4412   0.8000   1.1357  -500.577
 19  15    162.3     65.7   0.3268   0.4084   0.8000   1.0509  -494.765
 19  16    162.3     65.7   0.3268   0.4084   0.8000   1.0509  -494.765
 19  17    162.3     65.7   0.3268   0.4084   0.8000   1.0509  -494.765
 19  18    161.3     66.7   0.1373   0.1716   0.8000   0.4420  -420.678
 20   1    162.0     66.0   0.4320   0.5400   0.8000   1.3899  -534.030
 20   2    162.6     65.4   0.4640   0.5800   0.8000   1.4918  -534.934
 20   3    162.7     65.3   0.4947   0.6184   0.8000   1.5903  -532.399
 20   4    162.5     65.5   0.5067   0.6334   0.8000   1.6294  -536.769
 20   5    162.8     65.2   0.3948   0.4935   0.8000   1.2691  -519.367
 20   6    162.8     65.2   0.3948   0.4935   0.8000   1.2691  -519.367
 20   7    162.4     65.6   0.3834   0.4792   0.8000   1.2328  -516.927
 20   8    162.4     65.6   0.3834   0.4792   0.8000   1.2328  -516.927
 20   9    161.8     66.2   0.4188   0.5235   0.8000   1.3477  -525.262
 20  10    162.2     65.8   0.4037   0.5046   0.8000   1.2985  -521.758
 20  11    162.2     65.8   0.4037   0.5046   0.8000   1.2985  -521.758
 20  12    161.6     66.4   0.4153   0.5191   0.8000   1.3366  -515.066
 20  13    161.8     66.2   0.4137   0.5171   0.8000   1.3313  -517.795
 20  14    161.9     66.1   0.4142   0.5178   0.8000   1.3328  -517.483
 20  15    162.4     65.6   0.3846   0.4807   0.8000   1.2368  -512.222
 20  16    162.4     65.6   0.3846   0.4807   0.8000   1.2368  -512.222
 20  17    162.4     65.6   0.3846   0.4807   0.8000   1.2368  -512.222
 20  18    161.3     66.7   0.3438   0.4298   0.8000   1.1068  -497.750
 20  19    161.2     66.8   0.3193   0.3991   0.8000   1.0281  -496.527
 21   1    163.3     64.7   0.4697   0.5871   0.8000   1.5091  -532.586
 21   2    164.0     64.0   0.4601   0.5751   0.8000   1.4772  -528.705
 21   3    164.1     63.9   0.4992   0.6240   0.8000   1.6024  -528.266
 21   4    163.9     64.1   0.5259   0.6573   0.8000   1.6885  -534.410
 21   5    164.2     63.8   0.5294   0.6618   0.8000   1.6995  -534.712
 21   6    164.2     63.8   0.5294   0.6618   0.8000   1.6995  -534.712
 21   7    163.8     64.2   0.4678   0.5848   0.8000   1.5023  -527.621
 21   8    163.8     64.2   0.4678   0.5848   0.8000   1.5023  -527.621
 21   9    163.1     64.9   0.4787   0.5984   0.8000   1.5384  -536.837
 21  10    163.5     64.5   0.4845   0.6057   0.8000   1.5564  -532.280
 21  11    163.5     64.5   0.4845   0.6057   0.8000   1.5564  -532.280
 21  12    163.0     65.0   0.3857   0.4822   0.8000   1.2397  -512.465
 21  13    163.2     64.8   0.5104   0.6379   0.8000   1.6399  -527.665
 21  14    163.3     64.7   0.5204   0.6505   0.8000   1.6720  -529.243
 21  15    163.8     64.2   0.4914   0.6142   0.8000   1.5779  -525.057
 21  16    163.8     64.2   0.4914   0.6142   0.8000   1.5779  -525.057
 21  17    163.8     64.2   0.4914   0.6142   0.8000   1.5779  -525.057
 21  18    162.7     65.3   0.4028   0.5035   0.8000   1.2948  -512.643
 21  19    162.5     65.5   0.3908   0.4885   0.8000   1.2566  -514.221
 21  20    162.6     65.4   0.3658   0.4573   0.8000   1.1761  -504.506
 22   1    163.1     64.9   0.4818   0.6023   0.8000   1.5482  -542.513
 22   2    163.9     64.1   0.4216   0.5270   0.8000   1.3538  -527.024
 22   3    164.1     63.9   0.4203   0.5254   0.8000   1.3493  -518.861
 22   4    163.8     64.2   0.4450   0.5562   0.8000   1.4289  -523.342
 22   5    164.1     63.9   0.4214   0.5267   0.8000   1.3527  -519.380
 22   6    164.1     63.9   0.4214   0.5267   0.8000   1.3527  -519.380
 22   7    163.7     64.3   0.3954   0.4942   0.8000   1.2697  -514.971
 22   8    163.7     64.3   0.3954   0.4942   0.8000   1.2697  -514.971
 22   9    163.0     65.0   0.4457   0.5572   0.8000   1.4325  -528.292
 22  10    163.4     64.6   0.4580   0.5725   0.8000   1.4714  -526.210
 22  11    163.4     64.6   0.4580   0.5725   0.8000   1.4714  -526.210
 22  12    162.9     65.1   0.2886   0.3607   0.8000   0.9275  -484.018
 22  13    163.1     64.9   0.4148   0.5186   0.8000   1.3331  -519.703
 22  14    163.2     64.8   0.4398   0.5497   0.8000   1.4131  -523.382
 22  15    163.7     64.3   0.4100   0.5125   0.8000   1.3167  -518.136
 22  16    163.7     64.3   0.4100   0.5125   0.8000   1.3167  -518.136
 22  17    163.7     64.3   0.4100   0.5125   0.8000   1.3167  -518.136
 22  18    162.6     65.4   0.3734   0.4667   0.8000   1.2004  -510.451
 22  19    162.4     65.6   0.3825   0.4782   0.8000   1.2302  -511.696
 22  20    162.5     65.5   0.3520   0.4400   0.8000   1.1318  -505.328
 22  21    163.9     64.1   0.3087   0.3858   0.8000   0.9911  -496.750
 23   1    163.1     64.9   0.4818   0.6023   0.8000   1.5482  -542.513
 23   2    163.9     64.1   0.4216   0.5270   0.8000   1.3538  -527.024
 23   3    164.1     63.9   0.4203   0.5254   0.8000   1.3493  -518.861
 23   4    163.8     64.2   0.4450   0.5562   0.8000   1.4289  -523.342
 23   5    164.1     63.9   0.4214   0.5267   0.8000   1.3527  -519.380
 23   6    164.1     63.9   0.4214   0.5267   0.8000   1.3527  -519.380
 23   7    163.7     64.3   0.3954   0.4942   0.8000   1.2697  -514.971
 23   8    163.7     64.3   0.3954   0.4942   0.8000   1.2697  -514.971
 23   9    163.0     65.0   0.4457   0.5572   0.8000   1.4325  -528.292
 23  10    163.4     64.6   0.4580   0.5725   0.8000   1.4714  -526.210
 23  11    163.4     64.6   0.4580   0.5725   0.8000   1.4714  -526.210
 23  12    162.9     65.1   0.2886   0.3607   0.8000   0.9275  -484.018
 23  13    163.1     64.9   0.4148   0.5186   0.8000   1.3331  -519.703
 23  14    163.2     64.8   0.4398   0.5497   0.8000   1.4131  -523.382
 23  15    163.7     64.3   0.4100   0.5125   0.8000   1.3167  -518.136
 23  16    163.7     64.3   0.4100   0.5125   0.8000   1.3167  -518.136
 23  17    163.7     64.3   0.4100   0.5125   0.8000   1.3167  -518.136
 23  18    162.6     65.4   0.3734   0.4667   0.8000   1.2004  -510.451
 23  19    162.4     65.6   0.3825   0.4782   0.8000   1.2302  -511.696
 23  20    162.5     65.5   0.3520   0.4400   0.8000   1.1318  -505.328
 23  21    163.9     64.1   0.3087   0.3858   0.8000   0.9911  -496.750
 23  22    163.8     64.2   0.0000   0.0000   0.8000   0.0000  -306.459
 24   1    162.7     65.3   0.5191   0.6489   0.8000   1.6688  -546.845
 24   2    163.4     64.6   0.4019   0.5024   0.8000   1.2910  -519.185
 24   3    163.5     64.5   0.4482   0.5603   0.8000   1.4397  -525.316
 24   4    163.3     64.7   0.4940   0.6175   0.8000   1.5870  -535.249
 24   5    163.6     64.4   0.4172   0.5215   0.8000   1.3399  -520.998
 24   6    163.6     64.4   0.4172   0.5215   0.8000   1.3399  -520.998
 24   7    163.3     64.7   0.3995   0.4994   0.8000   1.2837  -517.660
 24   8    163.3     64.7   0.3995   0.4994   0.8000   1.2837  -517.660
 24   9    162.6     65.4   0.4462   0.5577   0.8000   1.4345  -531.592
 24  10    163.0     65.0   0.4101   0.5126   0.8000   1.3179  -522.841
 24  11    163.0     65.0   0.4101   0.5126   0.8000   1.3179  -522.841
 24  12    162.4     65.6   0.3067   0.3833   0.8000   0.9861  -490.761
 24  13    162.6     65.4   0.3676   0.4595   0.8000   1.1820  -508.202
 24  14    162.7     65.3   0.3826   0.4783   0.8000   1.2301  -511.454
 24  15    163.2     64.8   0.3548   0.4436   0.8000   1.1402  -505.744
 24  16    163.2     64.8   0.3548   0.4436   0.8000   1.1402  -505.744
 24  17    163.2     64.8   0.3548   0.4436   0.8000   1.1402  -505.744
 24  18    162.1     65.9   0.3492   0.4366   0.8000   1.1234  -504.969
 24  19    162.0     66.0   0.3345   0.4182   0.8000   1.0763  -503.405
 24  20    162.1     65.9   0.3467   0.4334   0.8000   1.1154  -505.204
 24  21    163.4     64.6   0.3594   0.4493   0.8000   1.1546  -501.977
 24  22    163.3     64.7   0.2461   0.3077   0.8000   0.7908  -466.800
 24  23    163.3     64.7   0.2461   0.3077   0.8000   0.7908  -466.800
 25   1    163.1     64.9   0.4814   0.6017   0.8000   1.5469  -539.096
 25   2    163.8     64.2   0.4029   0.5036   0.8000   1.2938  -521.522
 25   3    164.0     64.0   0.4069   0.5086   0.8000   1.3064  -514.366
 25   4    163.7     64.3   0.4337   0.5421   0.8000   1.3928  -523.203
 25   5    164.0     64.0   0.3432   0.4290   0.8000   1.1018  -502.929
 25   6    164.0     64.0   0.3432   0.4290   0.8000   1.1018  -502.929
 25   7    163.6     64.4   0.3283   0.4104   0.8000   1.0546  -500.763
 25   8    163.6     64.4   0.3283   0.4104   0.8000   1.0546  -500.763
 25   9    162.9     65.1   0.4237   0.5297   0.8000   1.3620  -525.439
 25  10    163.3     64.7   0.4012   0.5016   0.8000   1.2891  -515.647
 25  11    163.3     64.7   0.4012   0.5016   0.8000   1.2891  -515.647
 25  12    162.8     65.2   0.3369   0.4212   0.8000   1.0831  -496.215
 25  13    163.0     65.0   0.4141   0.5176   0.8000   1.3307  -517.152
 25  14    163.1     64.9   0.3995   0.4993   0.8000   1.2837  -514.571
 25  15    163.6     64.4   0.3930   0.4912   0.8000   1.2621  -512.505
 25  16    163.6     64.4   0.3930   0.4912   0.8000   1.2621  -512.505
 25  17    163.6     64.4   0.3930   0.4912   0.8000   1.2621  -512.505
 25  18    162.5     65.5   0.3380   0.4225   0.8000   1.0868  -497.814
 25  19    162.3     65.7   0.3518   0.4398   0.8000   1.1316  -503.121
 25  20    162.4     65.6   0.2797   0.3496   0.8000   0.8995  -486.294
 25  21    163.8     64.2   0.3010   0.3762   0.8000   0.9665  -480.696
 25  22    163.7     64.3   0.2585   0.3232   0.8000   0.8303  -471.224
 25  23    163.7     64.3   0.2585   0.3232   0.8000   0.8303  -471.224
 25  24    163.2     64.8   0.2493   0.3116   0.8000   0.8010  -473.589
 26   1    162.5     65.5   0.5791   0.7239   0.8000   1.8620  -551.037
 26   2    163.2     64.8   0.4718   0.5898   0.8000   1.5160  -530.546
 26   3    163.3     64.7   0.3994   0.4993   0.8000   1.2833  -510.933
 26   4    163.1     64.9   0.4431   0.5539   0.8000   1.4239  -521.218
 26   5    163.4     64.6   0.3487   0.4359   0.8000   1.1203  -505.981
 26   6    163.4     64.6   0.3487   0.4359   0.8000   1.1203  -505.981
 26   7    163.0     65.0   0.3459   0.4324   0.8000   1.1115  -504.623
 26   8    163.0     65.0   0.3459   0.4324   0.8000   1.1115  -504.623
 26   9    162.4     65.6   0.4073   0.5091   0.8000   1.3098  -521.154
 26  10    162.8     65.2   0.3967   0.4959   0.8000   1.2752  -515.304
 26  11    162.8     65.2   0.3967   0.4959   0.8000   1.2752  -515.304
 26  12    162.2     65.8   0.3737   0.4671   0.8000   1.2020  -509.715
 26  13    162.4     65.6   0.4629   0.5786   0.8000   1.4885  -526.519
 26  14    162.5     65.5   0.4245   0.5306   0.8000   1.3650  -518.304
 26  15    163.0     65.0   0.4183   0.5229   0.8000   1.3444  -516.408
 26  16    163.0     65.0   0.4183   0.5229   0.8000   1.3444  -516.408
 26  17    163.0     65.0   0.4183   0.5229   0.8000   1.3444  -516.408
 26  18    162.0     66.0   0.3602   0.4502   0.8000   1.1588  -504.296
 26  19    161.8     66.2   0.3781   0.4726   0.8000   1.2166  -510.988
 26  20    161.9     66.1   0.3406   0.4258   0.8000   1.0960  -500.112
 26  21    163.2     64.8   0.3546   0.4432   0.8000   1.1393  -504.344
 26  22    163.1     64.9   0.4748   0.5936   0.8000   1.5260  -527.971
 26  23    163.1     64.9   0.4748   0.5936   0.8000   1.5260  -527.971
 26  24    162.6     65.4   0.4009   0.5012   0.8000   1.2890  -517.212
 26  25    163.0     65.0   0.3094   0.3867   0.8000   0.9944  -492.379
 27   1    162.5     65.5   0.5791   0.7239   0.8000   1.8620  -551.037
 27   2    163.2     64.8   0.4718   0.5898   0.8000   1.5160  -530.546
 27   3    163.3     64.7   0.3994   0.4993   0.8000   1.2833  -510.933
 27   4    163.1     64.9   0.4431   0.5539   0.8000   1.4239  -521.218
 27   5    163.4     64.6   0.3487   0.4359   0.8000   1.1203  -505.981
 27   6    163.4     64.6   0.3487   0.4359   0.8000   1.1203  -505.981
 27   7    163.0     65.0   0.3459   0.4324   0.8000   1.1115  -504.623
 27   8    163.0     65.0   0.3459   0.4324   0.8000   1.1115  -504.623
 27   9    162.4     65.6   0.4073   0.5091   0.8000   1.3098  -521.154
 27  10    162.8     65.2   0.3967   0.4959   0.8000   1.2752  -515.304
 27  11    162.8     65.2   0.3967   0.4959   0.8000   1.2752  -515.304
 27  12    162.2     65.8   0.3737   0.4671   0.8000   1.2020  -509.715
 27  13    162.4     65.6   0.4629   0.5786   0.8000   1.4885  -526.519
 27  14    162.5     65.5   0.4245   0.5306   0.8000   1.3650  -518.304
 27  15    163.0     65.0   0.4183   0.5229   0.8000   1.3444  -516.408
 27  16    163.0     65.0   0.4183   0.5229   0.8000   1.3444  -516.408
 27  17    163.0     65.0   0.4183   0.5229   0.8000   1.3444  -516.408
 27  18    162.0     66.0   0.3602   0.4502   0.8000   1.1588  -504.296
 27  19    161.8     66.2   0.3781   0.4726   0.8000   1.2166  -510.988
 27  20    161.9     66.1   0.3406   0.4258   0.8000   1.0960  -500.112
 27  21    163.2     64.8   0.3546   0.4432   0.8000   1.1393  -504.344
 27  22    163.1     64.9   0.4748   0.5936   0.8000   1.5260  -527.971
 27  23    163.1     64.9   0.4748   0.5936   0.8000   1.5260  -527.971
 27  24    162.6     65.4   0.4009   0.5012   0.8000   1.2890  -517.212
 27  25    163.0     65.0   0.3094   0.3867   0.8000   0.9944  -492.379
 27  26    162.4     65.6   0.0000   0.0000   0.8000   0.0000  -307.863
 28   1    162.9     65.1   0.4953   0.6191   0.8000   1.5919  -540.061
 28   2    163.5     64.5   0.5101   0.6377   0.8000   1.6386  -538.419
 28   3    163.7     64.3   0.4069   0.5086   0.8000   1.3068  -517.373
 28   4    163.5     64.5   0.4593   0.5741   0.8000   1.4753  -530.026
 28   5    163.7     64.3   0.4244   0.5306   0.8000   1.3631  -521.087
 28   6    163.7     64.3   0.4244   0.5306   0.8000   1.3631  -521.087
 28   7    163.4     64.6   0.3859   0.4824   0.8000   1.2398  -514.123
 28   8    163.4     64.6   0.3859   0.4824   0.8000   1.2398  -514.123
 28   9    162.7     65.3   0.4433   0.5541   0.8000   1.4250  -528.188
 28  10    163.1     64.9   0.4199   0.5249   0.8000   1.3494  -520.619
 28  11    163.1     64.9   0.4199   0.5249   0.8000   1.3494  -520.619
 28  12    162.6     65.4   0.3800   0.4750   0.8000   1.2219  -511.014
 28  13    162.8     65.2   0.3786   0.4733   0.8000   1.2171  -506.435
 28  14    162.9     65.1   0.3689   0.4611   0.8000   1.1858  -503.058
 28  15    163.4     64.6   0.3424   0.4280   0.8000   1.1000  -497.614
 28  16    163.4     64.6   0.3424   0.4280   0.8000   1.1000  -497.614
 28  17    163.4     64.6   0.3424   0.4280   0.8000   1.1000  -497.614
 28  18    162.3     65.7   0.3714   0.4642   0.8000   1.1943  -505.003
 28  19    162.1     65.9   0.3622   0.4528   0.8000   1.1651  -508.143
 28  20    162.2     65.8   0.3259   0.4074   0.8000   1.0483  -495.171
 28  21    163.5     64.5   0.3718   0.4647   0.8000   1.1941  -511.600
 28  22    163.5     64.5   0.3043   0.3804   0.8000   0.9775  -487.756
 28  23    163.5     64.5   0.3043   0.3804   0.8000   0.9775  -487.756
 28  24    163.0     65.0   0.2831   0.3538   0.8000   0.9097  -481.141
 28  25    163.4     64.6   0.3266   0.4082   0.8000   1.0491  -497.610
 28  26    162.8     65.2   0.3352   0.4190   0.8000   1.0775  -498.303
 28  27    162.8     65.2   0.3352   0.4190   0.8000   1.0775  -498.303
 29   1    163.1     64.9   0.5111   0.6389   0.8000   1.6424  -544.758
 29   2    163.8     64.2   0.5038   0.6297   0.8000   1.6178  -537.031
 29   3    163.9     64.1   0.3908   0.4885   0.8000   1.2547  -513.217
 29   4    163.7     64.3   0.4398   0.5497   0.8000   1.4124  -523.748
 29   5    164.0     64.0   0.3958   0.4948   0.8000   1.2708  -514.073
 29   6    164.0     64.0   0.3958   0.4948   0.8000   1.2708  -514.073
 29   7    163.6     64.4   0.3372   0.4215   0.8000   1.0829  -502.647
 29   8    163.6     64.4   0.3372   0.4215   0.8000   1.0829  -502.647
 29   9    163.0     65.0   0.4155   0.5194   0.8000   1.3355  -521.217
 29  10    163.4     64.6   0.3862   0.4827   0.8000   1.2406  -511.851
 29  11    163.4     64.6   0.3862   0.4827   0.8000   1.2406  -511.851
 29  12    162.8     65.2   0.3389   0.4236   0.8000   1.0892  -505.153
 29  13    163.0     65.0   0.3639   0.4548   0.8000   1.1694  -506.788
 29  14    163.1     64.9   0.3786   0.4733   0.8000   1.2167  -508.236
 29  15    163.6     64.4   0.3659   0.4573   0.8000   1.1751  -505.325
 29  16    163.6     64.4   0.3659   0.4573   0.8000   1.1751  -505.325
 29  17    163.6     64.4   0.3659   0.4573   0.8000   1.1751  -505.325
 29  18    162.5     65.5   0.3765   0.4706   0.8000   1.2106  -510.681
 29  19    162.3     65.7   0.3958   0.4947   0.8000   1.2729  -513.525
 29  20    162.4     65.6   0.3190   0.3988   0.8000   1.0258  -493.514
 29  21    163.8     64.2   0.3000   0.3750   0.8000   0.9633  -495.275
 29  22    163.7     64.3   0.2778   0.3472   0.8000   0.8921  -489.067
 29  23    163.7     64.3   0.2778   0.3472   0.8000   0.8921  -489.067
 29  24    163.2     64.8   0.3124   0.3905   0.8000   1.0037  -493.659
 29  25    163.6     64.4   0.3239   0.4048   0.8000   1.0402  -499.894
 29  26    163.0     65.0   0.3034   0.3793   0.8000   0.9751  -491.082
 29  27    163.0     65.0   0.3034   0.3793   0.8000   0.9751  -491.082
 29  28    163.4     64.6   0.1931   0.2414   0.8000   0.6204  -446.581
 30   1    163.1     64.9   0.5111   0.6389   0.8000   1.6424  -544.758
 30   2    163.8     64.2   0.5038   0.6297   0.8000   1.6178  -537.031
 30   3    163.9     64.1   0.3908   0.4885   0.8000   1.2547  -513.217
 30   4    163.7     64.3   0.4398   0.5497   0.8000   1.4124  -523.748
 30   5    164.0     64.0   0.3958   0.4948   0.8000   1.2708  -514.073
 30   6    164.0     64.0   0.3958   0.4948   0.8000   1.2708  -514.073
 30   7    163.6     64.4   0.3372   0.4215   0.8000   1.0829  -502.647
 30   8    163.6     64.4   0.3372   0.4215   0.8000   1.0829  -502.647
 30   9    163.0     65.0   0.4155   0.5194   0.8000   1.3355  -521.217
 30  10    163.4     64.6   0.3862   0.4827   0.8000   1.2406  -511.851
 30  11    163.4     64.6   0.3862   0.4827   0.8000   1.2406  -511.851
 30  12    162.8     65.2   0.3389   0.4236   0.8000   1.0892  -505.153
 30  13    163.0     65.0   0.3639   0.4548   0.8000   1.1694  -506.788
 30  14    163.1     64.9   0.3786   0.4733   0.8000   1.2167  -508.236
 30  15    163.6     64.4   0.3659   0.4573   0.8000   1.1751  -505.325
 30  16    163.6     64.4   0.3659   0.4573   0.8000   1.1751  -505.325
 30  17    163.6     64.4   0.3659   0.4573   0.8000   1.1751  -505.325
 30  18    162.5     65.5   0.3765   0.4706   0.8000   1.2106  -510.681
 30  19    162.3     65.7   0.3958   0.4947   0.8000   1.2729  -513.525
 30  20    162.4     65.6   0.3190   0.3988   0.8000   1.0258  -493.514
 30  21    163.8     64.2   0.3000   0.3750   0.8000   0.9633  -495.275
 30  22    163.7     64.3   0.2778   0.3472   0.8000   0.8921  -489.067
 30  23    163.7     64.3   0.2778   0.3472   0.8000   0.8921  -489.067
 30  24    163.2     64.8   0.3124   0.3905   0.8000   1.0037  -493.659
 30  25    163.6     64.4   0.3239   0.4048   0.8000   1.0402  -499.894
 30  26    163.0     65.0   0.3034   0.3793   0.8000   0.9751  -491.082
 30  27    163.0     65.0   0.3034   0.3793   0.8000   0.9751  -491.082
 30  28    163.4     64.6   0.1931   0.2414   0.8000   0.6204  -446.581
 30  29    163.6     64.4   0.0000   0.0000   0.8000   0.0000  -306.145
 31   1    162.7     65.3   0.4525   0.5656   0.8000   1.4546  -533.581
 31   2    163.3     64.7   0.5024   0.6280   0.8000   1.6142  -536.746
 31   3    163.5     64.5   0.3117   0.3896   0.8000   1.0013  -494.548
 31   4    163.3     64.7   0.4041   0.5051   0.8000   1.2984  -519.715
 31   5    163.5     64.5   0.3569   0.4461   0.8000   1.1464  -504.031
 31   6    163.5     64.5   0.3569   0.4461   0.8000   1.1464  -504.031
 31   7    163.2     64.8   0.3312   0.4140   0.8000   1.0643  -498.123
 31   8    163.2     64.8   0.3312   0.4140   0.8000   1.0643  -498.123
 31   9    162.6     65.4   0.3948   0.4936   0.8000   1.2695  -517.674
 31  10    162.9     65.1   0.3310   0.4137   0.8000   1.0638  -498.453
 31  11    162.9     65.1   0.3310   0.4137   0.8000   1.0638  -498.453
 31  12    162.4     65.6   0.3494   0.4368   0.8000   1.1237  -505.191
 31  13    162.5     65.5   0.3219   0.4024   0.8000   1.0352  -496.364
 31  14    162.6     65.4   0.3184   0.3980   0.8000   1.0237  -491.984
 31  15    163.1     64.9   0.3133   0.3917   0.8000   1.0068  -490.302
 31  16    163.1     64.9   0.3133   0.3917   0.8000   1.0068  -490.302
 31  17    163.1     64.9   0.3133   0.3917   0.8000   1.0068  -490.302
 31  18    162.1     65.9   0.3338   0.4173   0.8000   1.0739  -500.188
 31  19    161.9     66.1   0.3363   0.4204   0.8000   1.0821  -503.671
 31  20    162.0     66.0   0.3296   0.4120   0.8000   1.0603  -492.886
 31  21    163.3     64.7   0.3443   0.4304   0.8000   1.1063  -501.072
 31  22    163.2     64.8   0.3186   0.3983   0.8000   1.0238  -492.637
 31  23    163.2     64.8   0.3186   0.3983   0.8000   1.0238  -492.637
 31  24    162.8     65.2   0.3177   0.3971   0.8000   1.0213  -494.790
 31  25    163.1     64.9   0.3403   0.4254   0.8000   1.0936  -498.647
 31  26    162.6     65.4   0.2958   0.3698   0.8000   0.9511  -488.961
 31  27    162.6     65.4   0.2958   0.3698   0.8000   0.9511  -488.961
 31  28    162.9     65.1   0.2047   0.2559   0.8000   0.6579  -450.187
 31  29    163.2     64.8   0.1688   0.2109   0.8000   0.5423  -430.134
 31  30    163.2     64.8   0.1688   0.2109   0.8000   0.5423  -430.134
 32   1    162.6     65.4   0.4977   0.6221   0.8000   1.6001  -544.620
 32   2    163.2     64.8   0.4927   0.6159   0.8000   1.5832  -539.087
 32   3    163.3     64.7   0.3237   0.4046   0.8000   1.0400  -503.794
 32   4    163.1     64.9   0.4031   0.5039   0.8000   1.2954  -524.042
 32   5    163.4     64.6   0.3464   0.4330   0.8000   1.1128  -513.016
 32   6    163.4     64.6   0.3464   0.4330   0.8000   1.1128  -513.016
 32   7    163.1     64.9   0.2912   0.3640   0.8000   0.9357  -500.703
 32   8    163.1     64.9   0.2912   0.3640   0.8000   0.9357  -500.703
 32   9    162.4     65.6   0.4153   0.5191   0.8000   1.3354  -528.702
 32  10    162.8     65.2   0.3304   0.4131   0.8000   1.0622  -509.622
 32  11    162.8     65.2   0.3304   0.4131   0.8000   1.0622  -509.622
 32  12    162.3     65.7   0.3364   0.4205   0.8000   1.0819  -508.934
 32  13    162.4     65.6   0.3689   0.4612   0.8000   1.1864  -513.713
 32  14    162.5     65.5   0.3876   0.4845   0.8000   1.2463  -513.761
 32  15    163.0     65.0   0.3823   0.4779   0.8000   1.2287  -512.459
 32  16    163.0     65.0   0.3823   0.4779   0.8000   1.2287  -512.459
 32  17    163.0     65.0   0.3823   0.4779   0.8000   1.2287  -512.459
 32  18    162.0     66.0   0.3480   0.4350   0.8000   1.1196  -505.057
 32  19    161.8     66.2   0.3554   0.4442   0.8000   1.1436  -506.685
 32  20    161.9     66.1   0.3229   0.4036   0.8000   1.0389  -499.575
 32  21    163.2     64.8   0.3934   0.4917   0.8000   1.2640  -515.687
 32  22    163.1     64.9   0.3013   0.3766   0.8000   0.9681  -492.360
 32  23    163.1     64.9   0.3013   0.3766   0.8000   0.9681  -492.360
 32  24    162.7     65.3   0.3145   0.3931   0.8000   1.0110  -497.404
 32  25    163.0     65.0   0.3028   0.3785   0.8000   0.9732  -497.343
 32  26    162.5     65.5   0.2910   0.3637   0.8000   0.9356  -490.956
 32  27    162.5     65.5   0.2910   0.3637   0.8000   0.9356  -490.956
 32  28    162.8     65.2   0.2218   0.2772   0.8000   0.7129  -457.322
 32  29    163.1     64.9   0.1621   0.2027   0.8000   0.5211  -431.875
 32  30    163.1     64.9   0.1621   0.2027   0.8000   0.5211  -431.875
 32  31    162.6     65.4   0.1924   0.2405   0.8000   0.6186  -446.035
 33   1    162.0     66.0   0.4885   0.6106   0.8000   1.5715  -540.411
 33   2    162.6     65.4   0.5319   0.6648   0.8000   1.7100  -545.670
 33   3    162.7     65.3   0.3941   0.4926   0.8000   1.2669  -512.451
 33   4    162.5     65.5   0.4108   0.5135   0.8000   1.3208  -522.044
 33   5    162.8     65.2   0.4415   0.5518   0.8000   1.4191  -525.892
 33   6    162.8     65.2   0.4415   0.5518   0.8000   1.4191  -525.892
 33   7    162.4     65.6   0.4193   0.5241   0.8000   1.3482  -521.174
 33   8    162.4     65.6   0.4193   0.5241   0.8000   1.3482  -521.174
 33   9    161.8     66.2   0.4378   0.5472   0.8000   1.4086  -528.898
 33  10    162.2     65.8   0.4191   0.5239   0.8000   1.3480  -521.486
 33  11    162.2     65.8   0.4191   0.5239   0.8000   1.3480  -521.486
 33  12    161.6     66.4   0.3293   0.4117   0.8000   1.0599  -498.779
 33  13    161.8     66.2   0.3738   0.4672   0.8000   1.2028  -504.655
 33  14    161.9     66.1   0.4226   0.5283   0.8000   1.3598  -514.858
 33  15    162.4     65.6   0.4153   0.5191   0.8000   1.3356  -512.775
 33  16    162.4     65.6   0.4153   0.5191   0.8000   1.3356  -512.775
 33  17    162.4     65.6   0.4153   0.5191   0.8000   1.3356  -512.775
 33  18    161.3     66.7   0.3573   0.4466   0.8000   1.1501  -503.562
 33  19    161.2     66.8   0.3257   0.4071   0.8000   1.0487  -497.164
 33  20    161.2     66.8   0.3449   0.4311   0.8000   1.1105  -501.864
 33  21    162.6     65.4   0.3212   0.4015   0.8000   1.0328  -495.625
 33  22    162.5     65.5   0.2965   0.3707   0.8000   0.9535  -489.617
 33  23    162.5     65.5   0.2965   0.3707   0.8000   0.9535  -489.617
 33  24    162.1     65.9   0.3093   0.3866   0.8000   0.9949  -492.296
 33  25    162.4     65.6   0.3293   0.4116   0.8000   1.0588  -496.691
 33  26    161.9     66.1   0.3553   0.4441   0.8000   1.1432  -505.203
 33  27    161.9     66.1   0.3553   0.4441   0.8000   1.1432  -505.203
 33  28    162.2     65.8   0.3005   0.3756   0.8000   0.9665  -488.199
 33  29    162.4     65.6   0.3150   0.3938   0.8000   1.0130  -490.915
 33  30    162.4     65.6   0.3150   0.3938   0.8000   1.0130  -490.915
 33  31    162.0     66.0   0.3122   0.3902   0.8000   1.0043  -492.756
 33  32    161.9     66.1   0.2595   0.3244   0.8000   0.8349  -482.649
 34   1    162.0     66.0   0.4885   0.6106   0.8000   1.5715  -540.411
 34   2    162.6     65.4   0.5319   0.6648   0.8000   1.7100  -545.670
 34   3    162.7     65.3   0.3941   0.4926   0.8000   1.2669  -512.451
 34   4    162.5     65.5   0.4108   0.5135   0.8000   1.3208  -522.044
 34   5    162.8     65.2   0.4415   0.5518   0.8000   1.4191  -525.892
 34   6    162.8     65.2   0.4415   0.5518   0.8000   1.4191  -525.892
 34   7    162.4     65.6   0.4193   0.5241   0.8000   1.3482  -521.174
 34   8    162.4     65.6   0.4193   0.5241   0.8000   1.3482  -521.174
 34   9    161.8     66.2   0.4378   0.5472   0.8000   1.4086  -528.898
 34  10    162.2     65.8   0.4191   0.5239   0.8000   1.3480  -521.486
 34  11    162.2     65.8   0.4191   0.5239   0.8000   1.3480  -521.486
 34  12    161.6     66.4   0.3293   0.4117   0.8000   1.0599  -498.779
 34  13    161.8     66.2   0.3738   0.4672   0.8000   1.2028  -504.655
 34  14    161.9     66.1   0.4226   0.5283   0.8000   1.3598  -514.858
 34  15    162.4     65.6   0.4153   0.5191   0.8000   1.3356  -512.775
 34  16    162.4     65.6   0.4153   0.5191   0.8000   1.3356  -512.775
 34  17    162.4     65.6   0.4153   0.5191   0.8000   1.3356  -512.775
 34  18    161.3     66.7   0.3573   0.4466   0.8000   1.1501  -503.562
 34  19    161.2     66.8   0.3257   0.4071   0.8000   1.0487  -497.164
 34  20    161.2     66.8   0.3449   0.4311   0.8000   1.1105  -501.864
 34  21    162.6     65.4   0.3212   0.4015   0.8000   1.0328  -495.625
 34  22    162.5     65.5   0.2965   0.3707   0.8000   0.9535  -489.617
 34  23    162.5     65.5   0.2965   0.3707   0.8000   0.9535  -489.617
 34  24    162.1     65.9   0.3093   0.3866   0.8000   0.9949  -492.296
 34  25    162.4     65.6   0.3293   0.4116   0.8000   1.0588  -496.691
 34  26    161.9     66.1   0.3553   0.4441   0.8000   1.1432  -505.203
 34  27    161.9     66.1   0.3553   0.4441   0.8000   1.1432  -505.203
 34  28    162.2     65.8   0.3005   0.3756   0.8000   0.9665  -488.199
 34  29    162.4     65.6   0.3150   0.3938   0.8000   1.0130  -490.915
 34  30    162.4     65.6   0.3150   0.3938   0.8000   1.0130  -490.915
 34  31    162.0     66.0   0.3122   0.3902   0.8000   1.0043  -492.756
 34  32    161.9     66.1   0.2595   0.3244   0.8000   0.8349  -482.649
 34  33    161.2     66.8   0.0000   0.0000   0.8000   0.0000  -308.944
 35   1    162.5     65.5   0.5281   0.6602   0.8000   1.6981  -546.464
 35   2    163.3     64.7   0.5123   0.6404   0.8000   1.6460  -541.520
 35   3    163.4     64.6   0.3763   0.4703   0.8000   1.2087  -511.494
 35   4    163.2     64.8   0.4200   0.5250   0.8000   1.3495  -523.104
 35   5    163.5     64.5   0.3778   0.4723   0.8000   1.2136  -512.679
 35   6    163.5     64.5   0.3778   0.4723   0.8000   1.2136  -512.679
 35   7    163.1     64.9   0.3429   0.4286   0.8000   1.1019  -504.917
 35   8    163.1     64.9   0.3429   0.4286   0.8000   1.1019  -504.917
 35   9    162.4     65.6   0.4166   0.5208   0.8000   1.3398  -526.858
 35  10    162.8     65.2   0.3631   0.4539   0.8000   1.1673  -510.781
 35  11    162.8     65.2   0.3631   0.4539   0.8000   1.1673  -510.781
 35  12    162.2     65.8   0.2674   0.3343   0.8000   0.8601  -475.637
 35  13    162.4     65.6   0.3715   0.4644   0.8000   1.1946  -507.890
 35  14    162.5     65.5   0.3940   0.4925   0.8000   1.2667  -511.643
 35  15    163.1     64.9   0.3817   0.4771   0.8000   1.2265  -508.819
 35  16    163.1     64.9   0.3817   0.4771   0.8000   1.2265  -508.819
 35  17    163.1     64.9   0.3817   0.4771   0.8000   1.2265  -508.819
 35  18    161.9     66.1   0.3661   0.4577   0.8000   1.1780  -505.526
 35  19    161.7     66.3   0.3181   0.3977   0.8000   1.0238  -494.331
 35  20    161.8     66.2   0.3201   0.4001   0.8000   1.0299  -498.080
 35  21    163.3     64.7   0.3352   0.4190   0.8000   1.0770  -501.484
 35  22    163.2     64.8   0.3206   0.4007   0.8000   1.0301  -496.281
 35  23    163.2     64.8   0.3206   0.4007   0.8000   1.0301  -496.281
 35  24    162.7     65.3   0.3170   0.3962   0.8000   1.0191  -492.105
 35  25    163.1     64.9   0.2827   0.3533   0.8000   0.9083  -483.423
 35  26    162.4     65.6   0.3338   0.4173   0.8000   1.0735  -496.364
 35  27    162.4     65.6   0.3338   0.4173   0.8000   1.0735  -496.364
 35  28    162.8     65.2   0.3265   0.4081   0.8000   1.0493  -496.379
 35  29    163.1     64.9   0.3020   0.3775   0.8000   0.9704  -492.830
 35  30    163.1     64.9   0.3020   0.3775   0.8000   0.9704  -492.830
 35  31    162.6     65.4   0.3211   0.4014   0.8000   1.0323  -499.634
 35  32    162.5     65.5   0.2453   0.3066   0.8000   0.7887  -474.540
 35  33    161.8     66.2   0.2493   0.3116   0.8000   0.8022  -468.316
 35  34    161.8     66.2   0.2493   0.3116   0.8000   0.8022  -468.316
 36   1    163.4     64.6   0.4344   0.5430   0.8000   1.3954  -527.153
 36   2    164.1     63.9   0.4705   0.5881   0.8000   1.5105  -532.052
 36   3    164.2     63.8   0.4248   0.5310   0.8000   1.3636  -516.532
 36   4    164.0     64.0   0.4176   0.5220   0.8000   1.3408  -520.573
 36   5    164.3     63.7   0.4213   0.5267   0.8000   1.3523  -519.388
 36   6    164.3     63.7   0.4213   0.5267   0.8000   1.3523  -519.388
 36   7    163.9     64.1   0.3685   0.4606   0.8000   1.1831  -510.402
 36   8    163.9     64.1   0.3685   0.4606   0.8000   1.1831  -510.402
 36   9    163.3     64.7   0.4849   0.6061   0.8000   1.5579  -535.755
 36  10    163.6     64.4   0.4155   0.5194   0.8000   1.3346  -517.935
 36  11    163.6     64.4   0.4155   0.5194   0.8000   1.3346  -517.935
 36  12    163.1     64.9   0.3037   0.3796   0.8000   0.9760  -486.773
 36  13    163.3     64.7   0.3569   0.4461   0.8000   1.1466  -500.814
 36  14    163.4     64.6   0.3643   0.4553   0.8000   1.1702  -501.985
 36  15    163.9     64.1   0.3519   0.4399   0.8000   1.1299  -499.038
 36  16    163.9     64.1   0.3519   0.4399   0.8000   1.1299  -499.038
 36  17    163.9     64.1   0.3519   0.4399   0.8000   1.1299  -499.038
 36  18    162.8     65.2   0.3472   0.4340   0.8000   1.1162  -496.291
 36  19    162.6     65.4   0.3311   0.4139   0.8000   1.0647  -494.353
 36  20    162.7     65.3   0.3453   0.4316   0.8000   1.1099  -499.207
 36  21    164.1     63.9   0.2566   0.3208   0.8000   0.8238  -473.752
 36  22    164.0     64.0   0.2781   0.3476   0.8000   0.8927  -483.428
 36  23    164.0     64.0   0.2781   0.3476   0.8000   0.8927  -483.428
 36  24    163.5     64.5   0.3001   0.3752   0.8000   0.9641  -485.954
 36  25    163.9     64.1   0.2771   0.3463   0.8000   0.8897  -475.579
 36  26    163.3     64.7   0.3256   0.4070   0.8000   1.0460  -489.405
 36  27    163.3     64.7   0.3256   0.4070   0.8000   1.0460  -489.405
 36  28    163.7     64.3   0.2503   0.3129   0.8000   0.8039  -472.661
 36  29    163.9     64.1   0.2965   0.3706   0.8000   0.9519  -490.150
 36  30    163.9     64.1   0.2965   0.3706   0.8000   0.9519  -490.150
 36  31    163.4     64.6   0.3043   0.3804   0.8000   0.9775  -486.550
 36  32    163.3     64.7   0.2750   0.3437   0.8000   0.8834  -485.307
 36  33    162.7     65.3   0.1987   0.2483   0.8000   0.6387  -449.101
 36  34    162.7     65.3   0.1987   0.2483   0.8000   0.6387  -449.101
 36  35    163.4     64.6   0.2213   0.2766   0.8000   0.7110  -459.319
 37   1    163.1     64.9   0.5298   0.6622   0.8000   1.7023  -545.622
 37   2    163.9     64.1   0.5183   0.6478   0.8000   1.6641  -536.838
 37   3    164.1     63.9   0.3743   0.4679   0.8000   1.2016  -511.070
 37   4    163.8     64.2   0.4132   0.5164   0.8000   1.3267  -522.132
 37   5    164.1     63.9   0.4139   0.5174   0.8000   1.3287  -520.962
 37   6    164.1     63.9   0.4139   0.5174   0.8000   1.3287  -520.962
 37   7    163.7     64.3   0.3845   0.4806   0.8000   1.2348  -515.890
 37   8    163.7     64.3   0.3845   0.4806   0.8000   1.2348  -515.890
 37   9    163.0     65.0   0.4870   0.6087   0.8000   1.5651  -537.085
 37  10    163.4     64.6   0.4490   0.5612   0.8000   1.4423  -527.278
 37  11    163.4     64.6   0.4490   0.5612   0.8000   1.4423  -527.278
 37  12    162.9     65.1   0.3057   0.3821   0.8000   0.9825  -497.941
 37  13    163.1     64.9   0.3615   0.4519   0.8000   1.1617  -506.592
 37  14    163.2     64.8   0.3714   0.4642   0.8000   1.1934  -509.401
 37  15    163.7     64.3   0.3660   0.4575   0.8000   1.1753  -508.037
 37  16    163.7     64.3   0.3660   0.4575   0.8000   1.1753  -508.037
 37  17    163.7     64.3   0.3660   0.4575   0.8000   1.1753  -508.037
 37  18    162.5     65.5   0.3571   0.4464   0.8000   1.1483  -507.086
 37  19    162.3     65.7   0.3684   0.4605   0.8000   1.1849  -510.149
 37  20    162.4     65.6   0.3944   0.4930   0.8000   1.2684  -507.660
 37  21    163.9     64.1   0.2880   0.3600   0.8000   0.9248  -480.883
 37  22    163.8     64.2   0.3618   0.4522   0.8000   1.1616  -506.517
 37  23    163.8     64.2   0.3618   0.4522   0.8000   1.1616  -506.517
 37  24    163.3     64.7   0.3303   0.4128   0.8000   1.0611  -495.677
 37  25    163.7     64.3   0.2391   0.2989   0.8000   0.7680  -465.183
 37  26    163.0     65.0   0.3304   0.4131   0.8000   1.0620  -497.703
 37  27    163.0     65.0   0.3304   0.4131   0.8000   1.0620  -497.703
 37  28    163.4     64.6   0.3391   0.4238   0.8000   1.0892  -494.705
 37  29    163.7     64.3   0.3396   0.4245   0.8000   1.0906  -501.205
 37  30    163.7     64.3   0.3396   0.4245   0.8000   1.0906  -501.205
 37  31    163.2     64.8   0.3546   0.4432   0.8000   1.1393  -502.417
 37  32    163.1     64.9   0.2702   0.3378   0.8000   0.8684  -487.765
 37  33    162.4     65.6   0.1881   0.2352   0.8000   0.6049  -448.208
 37  34    162.4     65.6   0.1881   0.2352   0.8000   0.6049  -448.208
 37  35    163.2     64.8   0.2273   0.2841   0.8000   0.7304  -461.714
 37  36    164.0     64.0   0.1394   0.1742   0.8000   0.4475  -419.015
 38   1    163.2     64.8   0.5171   0.6464   0.8000   1.6616  -542.664
 38   2    163.9     64.1   0.4798   0.5998   0.8000   1.5405  -529.531
 38   3    164.1     63.9   0.4116   0.5145   0.8000   1.3214  -512.367
 38   4    163.8     64.2   0.4768   0.5960   0.8000   1.5310  -525.283
 38   5    164.2     63.8   0.4266   0.5332   0.8000   1.3693  -520.022
 38   6    164.2     63.8   0.4266   0.5332   0.8000   1.3693  -520.022
 38   7    163.7     64.3   0.4297   0.5371   0.8000   1.3799  -519.562
 38   8    163.7     64.3   0.4297   0.5371   0.8000   1.3799  -519.562
 38   9    163.1     64.9   0.4931   0.6164   0.8000   1.5848  -534.903
 38  10    163.5     64.5   0.4524   0.5655   0.8000   1.4533  -524.261
 38  11    163.5     64.5   0.4524   0.5655   0.8000   1.4533  -524.261
 38  12    163.0     65.0   0.2893   0.3616   0.8000   0.9298  -486.419
 38  13    163.2     64.8   0.3642   0.4553   0.8000   1.1704  -505.080
 38  14    163.3     64.7   0.3983   0.4979   0.8000   1.2796  -512.892
 38  15    163.8     64.2   0.3770   0.4713   0.8000   1.2106  -508.373
 38  16    163.8     64.2   0.3770   0.4713   0.8000   1.2106  -508.373
 38  17    163.8     64.2   0.3770   0.4713   0.8000   1.2106  -508.373
 38  18    162.6     65.4   0.3294   0.4118   0.8000   1.0591  -498.522
 38  19    162.5     65.5   0.3096   0.3870   0.8000   0.9955  -493.746
 38  20    162.5     65.5   0.3291   0.4114   0.8000   1.0582  -489.887
 38  21    163.9     64.1   0.2790   0.3487   0.8000   0.8958  -480.587
 38  22    163.9     64.1   0.2797   0.3496   0.8000   0.8980  -484.757
 38  23    163.9     64.1   0.2797   0.3496   0.8000   0.8980  -484.757
 38  24    163.4     64.6   0.3105   0.3881   0.8000   0.9974  -487.754
 38  25    163.8     64.2   0.2938   0.3672   0.8000   0.9433  -481.561
 38  26    163.1     64.9   0.2889   0.3611   0.8000   0.9282  -485.970
 38  27    163.1     64.9   0.2889   0.3611   0.8000   0.9282  -485.970
 38  28    163.5     64.5   0.3132   0.3915   0.8000   1.0060  -486.922
 38  29    163.8     64.2   0.3025   0.3781   0.8000   0.9713  -488.805
 38  30    163.8     64.2   0.3025   0.3781   0.8000   0.9713  -488.805
 38  31    163.3     64.7   0.3172   0.3965   0.8000   1.0190  -490.394
 38  32    163.2     64.8   0.2804   0.3505   0.8000   0.9010  -484.534
 38  33    162.5     65.5   0.1779   0.2223   0.8000   0.5719  -441.727
 38  34    162.5     65.5   0.1779   0.2223   0.8000   0.5719  -441.727
 38  35    163.3     64.7   0.2466   0.3083   0.8000   0.7924  -464.529
 38  36    164.1     63.9   0.1358   0.1697   0.8000   0.4358  -419.020
 38  37    163.9     64.1   0.0936   0.1170   0.8000   0.3004  -394.823

