Supplemental results for CODEML (seqf: /gpfs/scratch/cltucker/EBH381-Group-Project/SIV_aligned_ENV.fas  treef: )


pairwise comparison (Goldman & Yang 1994)
seq seq        N       S       dN       dS     dN/dS   Paras.
  2   1    934.6    304.4   0.4738   0.2961   1.6000   1.2903 -2850.787
  3   1    928.9    310.1   0.4318   0.2699   1.6000   1.1740 -2818.321
  3   2    930.6    308.4   0.3238   0.2024   1.6000   0.8806 -2651.877
  4   1    931.3    307.7   0.4113   0.2571   1.6000   1.1191 -2778.249
  4   2    933.0    306.0   0.3470   0.2169   1.6000   0.9447 -2688.665
  4   3    927.3    311.7   0.2608   0.1630   1.6000   0.7086 -2554.035
  5   1    932.5    306.5   0.4032   0.2520   1.6000   1.0973 -2773.503
  5   2    934.2    304.8   0.3077   0.1923   1.6000   0.8379 -2624.907
  5   3    928.5    310.5   0.2561   0.1601   1.6000   0.6961 -2535.718
  5   4    931.0    308.0   0.2508   0.1567   1.6000   0.6822 -2522.346
  6   1    932.5    306.5   0.4032   0.2520   1.6000   1.0973 -2773.503
  6   2    934.2    304.8   0.3077   0.1923   1.6000   0.8379 -2624.907
  6   3    928.5    310.5   0.2561   0.1601   1.6000   0.6961 -2535.718
  6   4    931.0    308.0   0.2508   0.1567   1.6000   0.6822 -2522.346
  6   5    932.3    306.7   0.0000   0.0000   1.6000   0.0000 -1656.103
  7   1    931.8    307.2   0.3938   0.2461   1.6000   1.0714 -2760.547
  7   2    933.6    305.4   0.3182   0.1989   1.6000   0.8663 -2649.021
  7   3    927.9    311.1   0.2631   0.1644   1.6000   0.7149 -2546.241
  7   4    930.3    308.7   0.2507   0.1567   1.6000   0.6817 -2527.160
  7   5    931.6    307.4   0.0937   0.0586   1.6000   0.2551 -2103.000
  7   6    931.6    307.4   0.0937   0.0586   1.6000   0.2551 -2103.000
  8   1    931.8    307.2   0.3938   0.2461   1.6000   1.0714 -2760.547
  8   2    933.6    305.4   0.3182   0.1989   1.6000   0.8663 -2649.021
  8   3    927.9    311.1   0.2631   0.1644   1.6000   0.7149 -2546.241
  8   4    930.3    308.7   0.2507   0.1567   1.6000   0.6817 -2527.160
  8   5    931.6    307.4   0.0937   0.0586   1.6000   0.2551 -2103.000
  8   6    931.6    307.4   0.0937   0.0586   1.6000   0.2551 -2103.000
  8   7    931.0    308.0   0.0000   0.0000   1.6000   0.0000 -1658.131
  9   1    931.1    307.9   0.3944   0.2465   1.6000   1.0730 -2755.978
  9   2    932.8    306.2   0.3300   0.2063   1.6000   0.8983 -2676.438
  9   3    927.1    311.9   0.2624   0.1640   1.6000   0.7129 -2561.711
  9   4    929.5    309.5   0.2344   0.1465   1.6000   0.6375 -2506.999
  9   5    930.8    308.2   0.1666   0.1041   1.6000   0.4532 -2321.956
  9   6    930.8    308.2   0.1666   0.1041   1.6000   0.4532 -2321.956
  9   7    930.2    308.8   0.1663   0.1040   1.6000   0.4524 -2328.332
  9   8    930.2    308.8   0.1663   0.1040   1.6000   0.4524 -2328.332
 10   1    930.6    308.4   0.4068   0.2543   1.6000   1.1065 -2773.989
 10   2    932.4    306.6   0.3278   0.2049   1.6000   0.8921 -2669.979
 10   3    926.6    312.4   0.2611   0.1632   1.6000   0.7093 -2555.988
 10   4    929.1    309.9   0.2564   0.1603   1.6000   0.6972 -2539.023
 10   5    930.3    308.7   0.1637   0.1023   1.6000   0.4453 -2314.804
 10   6    930.3    308.7   0.1637   0.1023   1.6000   0.4453 -2314.804
 10   7    929.7    309.3   0.1659   0.1037   1.6000   0.4512 -2328.858
 10   8    929.7    309.3   0.1659   0.1037   1.6000   0.4512 -2328.858
 10   9    928.9    310.1   0.1627   0.1017   1.6000   0.4422 -2319.272
 11   1    930.6    308.4   0.4068   0.2543   1.6000   1.1065 -2774.460
 11   2    932.4    306.6   0.3278   0.2049   1.6000   0.8921 -2670.453
 11   3    926.6    312.4   0.2587   0.1617   1.6000   0.7027 -2551.505
 11   4    929.1    309.9   0.2564   0.1603   1.6000   0.6972 -2539.494
 11   5    930.3    308.7   0.1637   0.1023   1.6000   0.4453 -2315.276
 11   6    930.3    308.7   0.1637   0.1023   1.6000   0.4453 -2315.276
 11   7    929.7    309.3   0.1659   0.1037   1.6000   0.4512 -2329.330
 11   8    929.7    309.3   0.1659   0.1037   1.6000   0.4512 -2329.330
 11   9    928.9    310.1   0.1627   0.1017   1.6000   0.4422 -2319.743
 11  10    928.4    310.6   0.0017   0.0011   1.6000   0.0047 -1678.612
 12   1    929.9    309.1   0.5322   0.3326   1.6000   1.4473 -2921.437
 12   2    931.4    307.6   0.5869   0.3668   1.6000   1.5967 -2957.854
 12   3    925.9    313.1   0.5742   0.3589   1.6000   1.5594 -2962.812
 12   4    928.2    310.8   0.5624   0.3515   1.6000   1.5285 -2950.836
 12   5    929.4    309.6   0.5483   0.3427   1.6000   1.4908 -2937.758
 12   6    929.4    309.6   0.5483   0.3427   1.6000   1.4908 -2937.758
 12   7    928.7    310.3   0.5685   0.3553   1.6000   1.5453 -2956.119
 12   8    928.7    310.3   0.5685   0.3553   1.6000   1.5453 -2956.119
 12   9    928.0    311.0   0.5404   0.3377   1.6000   1.4685 -2934.348
 12  10    927.6    311.4   0.5382   0.3364   1.6000   1.4623 -2937.322
 12  11    927.6    311.4   0.5364   0.3353   1.6000   1.4576 -2936.206
 13   1    925.5    313.5   0.5383   0.3364   1.6000   1.4616 -2934.710
 13   2    926.9    312.1   0.5815   0.3634   1.6000   1.5796 -2962.154
 13   3    921.4    317.6   0.5670   0.3544   1.6000   1.5374 -2975.105
 13   4    923.7    315.3   0.5667   0.3542   1.6000   1.5380 -2964.443
 13   5    924.8    314.2   0.5399   0.3374   1.6000   1.4657 -2938.837
 13   6    924.8    314.2   0.5399   0.3374   1.6000   1.4657 -2938.837
 13   7    924.1    314.9   0.5689   0.3556   1.6000   1.5441 -2963.299
 13   8    924.1    314.9   0.5689   0.3556   1.6000   1.5441 -2963.299
 13   9    923.5    315.5   0.5386   0.3366   1.6000   1.4614 -2942.071
 13  10    923.0    316.0   0.5316   0.3323   1.6000   1.4424 -2930.438
 13  11    923.0    316.0   0.5300   0.3312   1.6000   1.4378 -2929.306
 13  12    922.2    316.8   0.3100   0.1937   1.6000   0.8408 -2653.339
 14   1    927.2    311.8   0.5279   0.3299   1.6000   1.4342 -2923.569
 14   2    928.7    310.3   0.5868   0.3667   1.6000   1.5950 -2965.079
 14   3    923.1    315.9   0.5687   0.3554   1.6000   1.5430 -2975.527
 14   4    925.5    313.5   0.5713   0.3571   1.6000   1.5513 -2962.562
 14   5    926.6    312.4   0.5409   0.3381   1.6000   1.4693 -2937.648
 14   6    926.6    312.4   0.5409   0.3381   1.6000   1.4693 -2937.648
 14   7    926.0    313.0   0.5733   0.3583   1.6000   1.5571 -2965.132
 14   8    926.0    313.0   0.5733   0.3583   1.6000   1.5571 -2965.132
 14   9    925.3    313.7   0.5391   0.3369   1.6000   1.4637 -2939.997
 14  10    924.8    314.2   0.5372   0.3357   1.6000   1.4583 -2931.938
 14  11    924.8    314.2   0.5355   0.3347   1.6000   1.4536 -2930.808
 14  12    923.9    315.1   0.3102   0.1939   1.6000   0.8420 -2649.173
 14  13    919.5    319.5   0.0596   0.0373   1.6000   0.1616 -1995.058
 15   1    926.3    312.7   0.5375   0.3360   1.6000   1.4600 -2934.419
 15   2    927.7    311.3   0.5842   0.3651   1.6000   1.5875 -2964.035
 15   3    922.2    316.8   0.5695   0.3559   1.6000   1.5446 -2975.663
 15   4    924.5    314.5   0.5615   0.3509   1.6000   1.5242 -2955.557
 15   5    925.6    313.4   0.5582   0.3489   1.6000   1.5157 -2952.727
 15   6    925.6    313.4   0.5582   0.3489   1.6000   1.5157 -2952.727
 15   7    925.0    314.0   0.5694   0.3559   1.6000   1.5459 -2965.495
 15   8    925.0    314.0   0.5694   0.3559   1.6000   1.5459 -2965.495
 15   9    924.3    314.7   0.5378   0.3361   1.6000   1.4598 -2940.672
 15  10    923.9    315.1   0.5265   0.3290   1.6000   1.4287 -2926.967
 15  11    923.9    315.1   0.5248   0.3280   1.6000   1.4242 -2925.819
 15  12    923.0    316.0   0.3061   0.1913   1.6000   0.8304 -2649.493
 15  13    918.5    320.5   0.0606   0.0379   1.6000   0.1641 -1997.694
 15  14    920.2    318.8   0.0327   0.0204   1.6000   0.0887 -1868.954
 16   1    926.2    312.8   0.5356   0.3347   1.6000   1.4546 -2933.322
 16   2    927.6    311.4   0.5819   0.3637   1.6000   1.5811 -2962.361
 16   3    922.0    317.0   0.5674   0.3546   1.6000   1.5388 -2974.533
 16   4    924.3    314.7   0.5595   0.3497   1.6000   1.5187 -2954.545
 16   5    925.5    313.5   0.5561   0.3476   1.6000   1.5101 -2951.721
 16   6    925.5    313.5   0.5561   0.3476   1.6000   1.5101 -2951.721
 16   7    924.8    314.2   0.5676   0.3547   1.6000   1.5409 -2965.038
 16   8    924.8    314.2   0.5676   0.3547   1.6000   1.5409 -2965.038
 16   9    924.2    314.8   0.5359   0.3349   1.6000   1.4544 -2939.629
 16  10    923.7    315.3   0.5245   0.3278   1.6000   1.4234 -2925.909
 16  11    923.7    315.3   0.5229   0.3268   1.6000   1.4189 -2924.759
 16  12    922.8    316.2   0.3047   0.1905   1.6000   0.8267 -2647.825
 16  13    918.4    320.6   0.0596   0.0373   1.6000   0.1615 -1994.285
 16  14    920.1    318.9   0.0318   0.0199   1.6000   0.0862 -1864.925
 16  15    919.2    319.8   0.0009   0.0005   1.6000   0.0024 -1684.700
 17   1    926.2    312.8   0.5356   0.3347   1.6000   1.4546 -2933.322
 17   2    927.6    311.4   0.5819   0.3637   1.6000   1.5811 -2962.361
 17   3    922.0    317.0   0.5674   0.3546   1.6000   1.5388 -2974.533
 17   4    924.3    314.7   0.5595   0.3497   1.6000   1.5187 -2954.545
 17   5    925.5    313.5   0.5561   0.3476   1.6000   1.5101 -2951.721
 17   6    925.5    313.5   0.5561   0.3476   1.6000   1.5101 -2951.721
 17   7    924.8    314.2   0.5676   0.3547   1.6000   1.5409 -2965.038
 17   8    924.8    314.2   0.5676   0.3547   1.6000   1.5409 -2965.038
 17   9    924.2    314.8   0.5359   0.3349   1.6000   1.4544 -2939.629
 17  10    923.7    315.3   0.5245   0.3278   1.6000   1.4234 -2925.909
 17  11    923.7    315.3   0.5229   0.3268   1.6000   1.4189 -2924.759
 17  12    922.8    316.2   0.3047   0.1905   1.6000   0.8267 -2647.825
 17  13    918.4    320.6   0.0596   0.0373   1.6000   0.1615 -1994.285
 17  14    920.1    318.9   0.0318   0.0199   1.6000   0.0862 -1864.925
 17  15    919.2    319.8   0.0009   0.0005   1.6000   0.0024 -1684.700
 17  16    919.0    320.0   0.0000   0.0000   1.6000   0.0000 -1676.046
 18   1    928.9    310.1   0.5471   0.3419   1.6000   1.4872 -2939.246
 18   2    930.5    308.5   0.6050   0.3781   1.6000   1.6455 -2970.845
 18   3    924.8    314.2   0.5749   0.3593   1.6000   1.5607 -2967.698
 18   4    927.2    311.8   0.5557   0.3473   1.6000   1.5098 -2943.077
 18   5    928.4    310.6   0.5818   0.3636   1.6000   1.5814 -2962.105
 18   6    928.4    310.6   0.5818   0.3636   1.6000   1.5814 -2962.105
 18   7    927.8    311.2   0.5933   0.3708   1.6000   1.6122 -2978.122
 18   8    927.8    311.2   0.5933   0.3708   1.6000   1.6122 -2978.122
 18   9    927.0    312.0   0.5755   0.3597   1.6000   1.5636 -2968.138
 18  10    926.6    312.4   0.5794   0.3621   1.6000   1.5739 -2971.702
 18  11    926.6    312.4   0.5776   0.3610   1.6000   1.5689 -2970.625
 18  12    925.6    313.4   0.3114   0.1946   1.6000   0.8455 -2656.321
 18  13    921.1    317.9   0.3203   0.2002   1.6000   0.8685 -2666.562
 18  14    922.9    316.1   0.3263   0.2040   1.6000   0.8853 -2676.858
 18  15    921.9    317.1   0.3151   0.1969   1.6000   0.8545 -2657.518
 18  16    921.8    317.2   0.3137   0.1960   1.6000   0.8507 -2655.802
 18  17    921.8    317.2   0.3137   0.1960   1.6000   0.8507 -2655.802
 19   1    932.6    306.4   0.5373   0.3358   1.6000   1.4624 -2911.911
 19   2    934.2    304.8   0.5601   0.3501   1.6000   1.5254 -2924.331
 19   3    928.6    310.4   0.5850   0.3656   1.6000   1.5901 -2962.059
 19   4    930.9    308.1   0.5570   0.3481   1.6000   1.5151 -2929.136
 19   5    932.1    306.9   0.5476   0.3423   1.6000   1.4903 -2923.566
 19   6    932.1    306.9   0.5476   0.3423   1.6000   1.4903 -2923.566
 19   7    931.5    307.5   0.5690   0.3556   1.6000   1.5480 -2945.637
 19   8    931.5    307.5   0.5690   0.3556   1.6000   1.5480 -2945.637
 19   9    930.8    308.2   0.5577   0.3486   1.6000   1.5171 -2940.999
 19  10    930.3    308.7   0.5353   0.3346   1.6000   1.4558 -2920.468
 19  11    930.3    308.7   0.5336   0.3335   1.6000   1.4512 -2919.372
 19  12    929.4    309.6   0.3112   0.1945   1.6000   0.8462 -2644.533
 19  13    925.0    314.0   0.3190   0.1994   1.6000   0.8661 -2653.801
 19  14    926.7    312.3   0.3158   0.1974   1.6000   0.8578 -2649.655
 19  15    925.8    313.2   0.3007   0.1880   1.6000   0.8167 -2629.014
 19  16    925.6    313.4   0.2994   0.1871   1.6000   0.8130 -2627.253
 19  17    925.6    313.4   0.2994   0.1871   1.6000   0.8130 -2627.253
 19  18    928.4    310.6   0.2530   0.1581   1.6000   0.6876 -2525.927
 20   1    931.9    307.1   0.5093   0.3183   1.6000   1.3859 -2893.361
 20   2    933.5    305.5   0.5354   0.3346   1.6000   1.4576 -2908.421
 20   3    927.9    311.1   0.5396   0.3373   1.6000   1.4665 -2932.784
 20   4    930.3    308.7   0.4938   0.3086   1.6000   1.3430 -2882.686
 20   5    931.5    307.5   0.5117   0.3198   1.6000   1.3923 -2895.692
 20   6    931.5    307.5   0.5117   0.3198   1.6000   1.3923 -2895.692
 20   7    930.8    308.2   0.5159   0.3224   1.6000   1.4033 -2907.132
 20   8    930.8    308.2   0.5159   0.3224   1.6000   1.4033 -2907.132
 20   9    930.1    308.9   0.4861   0.3038   1.6000   1.3221 -2885.172
 20  10    929.6    309.4   0.5127   0.3204   1.6000   1.3940 -2908.229
 20  11    929.6    309.4   0.5110   0.3194   1.6000   1.3894 -2907.073
 20  12    928.7    310.3   0.4313   0.2695   1.6000   1.1723 -2816.246
 20  13    924.3    314.7   0.4321   0.2700   1.6000   1.1727 -2820.076
 20  14    926.0    313.0   0.4217   0.2636   1.6000   1.1453 -2807.071
 20  15    925.1    313.9   0.4131   0.2582   1.6000   1.1216 -2800.001
 20  16    924.9    314.1   0.4115   0.2572   1.6000   1.1171 -2798.577
 20  17    924.9    314.1   0.4115   0.2572   1.6000   1.1171 -2798.577
 20  18    927.7    311.3   0.4049   0.2531   1.6000   1.1003 -2780.696
 20  19    931.5    307.5   0.4080   0.2550   1.6000   1.1102 -2774.210
 21   1    929.8    309.2   0.5140   0.3213   1.6000   1.3978 -2898.771
 21   2    931.3    307.7   0.5425   0.3390   1.6000   1.4758 -2917.068
 21   3    925.7    313.3   0.5753   0.3596   1.6000   1.5623 -2965.276
 21   4    928.0    311.0   0.5470   0.3418   1.6000   1.4864 -2938.239
 21   5    929.1    309.9   0.5233   0.3270   1.6000   1.4225 -2914.435
 21   6    929.1    309.9   0.5233   0.3270   1.6000   1.4225 -2914.435
 21   7    928.5    310.5   0.5244   0.3278   1.6000   1.4254 -2915.812
 21   8    928.5    310.5   0.5244   0.3278   1.6000   1.4254 -2915.812
 21   9    927.8    311.2   0.5157   0.3223   1.6000   1.4013 -2915.411
 21  10    927.4    311.6   0.5332   0.3333   1.6000   1.4489 -2925.837
 21  11    927.4    311.6   0.5333   0.3333   1.6000   1.4490 -2926.604
 21  12    926.6    312.4   0.4543   0.2839   1.6000   1.2340 -2845.473
 21  13    922.2    316.8   0.4500   0.2812   1.6000   1.2205 -2844.802
 21  14    923.9    315.1   0.4467   0.2792   1.6000   1.2123 -2839.227
 21  15    923.0    316.0   0.4489   0.2806   1.6000   1.2180 -2844.521
 21  16    922.8    316.2   0.4472   0.2795   1.6000   1.2133 -2843.201
 21  17    922.8    316.2   0.4472   0.2795   1.6000   1.2133 -2843.201
 21  18    925.5    313.5   0.4568   0.2855   1.6000   1.2403 -2841.730
 21  19    929.4    309.6   0.4356   0.2723   1.6000   1.1844 -2809.959
 21  20    928.7    310.3   0.3127   0.1954   1.6000   0.8500 -2653.153
 22   1    932.8    306.2   0.4950   0.3094   1.6000   1.3475 -2874.908
 22   2    934.3    304.7   0.5168   0.3230   1.6000   1.4075 -2888.084
 22   3    928.8    310.2   0.5237   0.3273   1.6000   1.4236 -2920.253
 22   4    931.1    307.9   0.5105   0.3190   1.6000   1.3887 -2894.344
 22   5    932.3    306.7   0.5203   0.3252   1.6000   1.4160 -2907.955
 22   6    932.3    306.7   0.5203   0.3252   1.6000   1.4160 -2907.955
 22   7    931.6    307.4   0.4994   0.3121   1.6000   1.3588 -2896.061
 22   8    931.6    307.4   0.4994   0.3121   1.6000   1.3588 -2896.061
 22   9    930.9    308.1   0.5036   0.3148   1.6000   1.3700 -2899.156
 22  10    930.5    308.5   0.5117   0.3198   1.6000   1.3917 -2906.926
 22  11    930.5    308.5   0.5117   0.3198   1.6000   1.3918 -2907.656
 22  12    929.5    309.5   0.4397   0.2748   1.6000   1.1955 -2825.789
 22  13    925.0    314.0   0.4224   0.2640   1.6000   1.1468 -2812.249
 22  14    926.8    312.2   0.4302   0.2689   1.6000   1.1686 -2818.618
 22  15    925.8    313.2   0.4213   0.2633   1.6000   1.1441 -2812.489
 22  16    925.7    313.3   0.4196   0.2623   1.6000   1.1396 -2811.061
 22  17    925.7    313.3   0.4196   0.2623   1.6000   1.1396 -2811.061
 22  18    928.5    310.5   0.4148   0.2593   1.6000   1.1275 -2787.517
 22  19    932.3    306.7   0.4303   0.2690   1.6000   1.1712 -2799.733
 22  20    931.6    307.4   0.2806   0.1754   1.6000   0.7634 -2586.220
 22  21    929.5    309.5   0.3507   0.2192   1.6000   0.9536 -2705.747
 23   1    932.7    306.3   0.5100   0.3187   1.6000   1.3880 -2890.108
 23   2    934.1    304.9   0.5222   0.3264   1.6000   1.4222 -2894.426
 23   3    928.6    310.4   0.5237   0.3273   1.6000   1.4235 -2921.501
 23   4    930.9    308.1   0.5189   0.3243   1.6000   1.4116 -2903.600
 23   5    932.1    306.9   0.5235   0.3272   1.6000   1.4245 -2913.312
 23   6    932.1    306.9   0.5235   0.3272   1.6000   1.4245 -2913.312
 23   7    931.4    307.6   0.5082   0.3176   1.6000   1.3826 -2905.278
 23   8    931.4    307.6   0.5082   0.3176   1.6000   1.3826 -2905.278
 23   9    930.8    308.2   0.5092   0.3183   1.6000   1.3852 -2906.153
 23  10    930.3    308.7   0.5199   0.3249   1.6000   1.4139 -2915.633
 23  11    930.3    308.7   0.5199   0.3250   1.6000   1.4140 -2916.373
 23  12    929.3    309.7   0.4414   0.2759   1.6000   1.2002 -2825.863
 23  13    924.9    314.1   0.4373   0.2733   1.6000   1.1873 -2831.843
 23  14    926.7    312.3   0.4326   0.2704   1.6000   1.1751 -2825.993
 23  15    925.7    313.3   0.4289   0.2681   1.6000   1.1647 -2822.499
 23  16    925.6    313.4   0.4272   0.2670   1.6000   1.1601 -2821.098
 23  17    925.6    313.4   0.4272   0.2670   1.6000   1.1601 -2821.098
 23  18    928.3    310.7   0.4224   0.2640   1.6000   1.1481 -2795.699
 23  19    932.1    306.9   0.4304   0.2690   1.6000   1.1714 -2801.318
 23  20    931.5    307.5   0.2860   0.1788   1.6000   0.7782 -2600.086
 23  21    929.3    309.7   0.3471   0.2169   1.6000   0.9437 -2702.562
 23  22    932.1    306.9   0.0219   0.0137   1.6000   0.0596 -1805.852
 24   1    933.1    305.9   0.5196   0.3247   1.6000   1.4144 -2900.593
 24   2    934.5    304.5   0.5280   0.3300   1.6000   1.4381 -2908.596
 24   3    929.0    310.0   0.5006   0.3129   1.6000   1.3609 -2896.629
 24   4    931.3    307.7   0.5244   0.3278   1.6000   1.4268 -2913.238
 24   5    932.5    306.5   0.4962   0.3101   1.6000   1.3506 -2882.141
 24   6    932.5    306.5   0.4962   0.3101   1.6000   1.3506 -2882.141
 24   7    931.8    307.2   0.5154   0.3221   1.6000   1.4024 -2901.539
 24   8    931.8    307.2   0.5154   0.3221   1.6000   1.4024 -2901.539
 24   9    931.2    307.8   0.4693   0.2933   1.6000   1.2768 -2865.207
 24  10    930.7    308.3   0.5091   0.3182   1.6000   1.3849 -2895.741
 24  11    930.7    308.3   0.5092   0.3182   1.6000   1.3850 -2896.502
 24  12    929.8    309.2   0.4080   0.2550   1.6000   1.1095 -2792.570
 24  13    925.4    313.6   0.4345   0.2716   1.6000   1.1797 -2833.885
 24  14    927.1    311.9   0.4390   0.2744   1.6000   1.1927 -2832.629
 24  15    926.2    312.8   0.4324   0.2703   1.6000   1.1744 -2831.205
 24  16    926.0    313.0   0.4307   0.2692   1.6000   1.1698 -2829.788
 24  17    926.0    313.0   0.4307   0.2692   1.6000   1.1698 -2829.788
 24  18    928.8    310.2   0.4312   0.2695   1.6000   1.1723 -2814.626
 24  19    932.6    306.4   0.4219   0.2637   1.6000   1.1484 -2790.783
 24  20    931.9    307.1   0.3109   0.1943   1.6000   0.8461 -2648.457
 24  21    929.8    309.2   0.3484   0.2177   1.6000   0.9474 -2705.790
 24  22    932.6    306.4   0.2660   0.1663   1.6000   0.7240 -2563.586
 24  23    932.5    306.5   0.2720   0.1700   1.6000   0.7402 -2572.750
 25   1    932.3    306.7   0.5008   0.3130   1.6000   1.3628 -2882.972
 25   2    933.9    305.1   0.5135   0.3210   1.6000   1.3983 -2897.512
 25   3    928.3    310.7   0.5245   0.3278   1.6000   1.4255 -2920.167
 25   4    930.7    308.3   0.5231   0.3269   1.6000   1.4228 -2908.067
 25   5    931.9    307.1   0.4828   0.3018   1.6000   1.3139 -2871.380
 25   6    931.9    307.1   0.4828   0.3018   1.6000   1.3139 -2871.380
 25   7    931.3    307.7   0.4897   0.3060   1.6000   1.3322 -2877.830
 25   8    931.3    307.7   0.4897   0.3060   1.6000   1.3322 -2877.830
 25   9    930.5    308.5   0.4728   0.2955   1.6000   1.2861 -2867.302
 25  10    930.0    309.0   0.4890   0.3056   1.6000   1.3299 -2882.678
 25  11    930.0    309.0   0.4891   0.3057   1.6000   1.3300 -2883.396
 25  12    929.0    310.0   0.4758   0.2974   1.6000   1.2935 -2870.888
 25  13    924.5    314.5   0.4473   0.2796   1.6000   1.2141 -2845.130
 25  14    926.3    312.7   0.4370   0.2731   1.6000   1.1869 -2832.796
 25  15    925.3    313.7   0.4305   0.2691   1.6000   1.1689 -2829.564
 25  16    925.2    313.8   0.4288   0.2680   1.6000   1.1643 -2828.127
 25  17    925.2    313.8   0.4288   0.2680   1.6000   1.1643 -2828.127
 25  18    928.1    310.9   0.4362   0.2726   1.6000   1.1853 -2820.679
 25  19    931.8    307.2   0.4165   0.2603   1.6000   1.1334 -2795.349
 25  20    931.2    307.8   0.3280   0.2050   1.6000   0.8924 -2681.599
 25  21    928.9    310.1   0.3368   0.2105   1.6000   0.9155 -2689.990
 25  22    931.8    307.2   0.2690   0.1681   1.6000   0.7319 -2573.274
 25  23    931.7    307.3   0.2694   0.1684   1.6000   0.7330 -2575.929
 25  24    932.1    306.9   0.1980   0.1238   1.6000   0.5390 -2405.967
 26   1    931.3    307.7   0.5269   0.3293   1.6000   1.4334 -2908.785
 26   2    932.7    306.3   0.4763   0.2977   1.6000   1.2964 -2851.655
 26   3    927.2    311.8   0.5144   0.3215   1.6000   1.3974 -2907.334
 26   4    929.5    309.5   0.5345   0.3341   1.6000   1.4534 -2919.725
 26   5    930.6    308.4   0.4793   0.2995   1.6000   1.3036 -2876.806
 26   6    930.6    308.4   0.4793   0.2995   1.6000   1.3036 -2876.806
 26   7    929.9    309.1   0.5144   0.3215   1.6000   1.3988 -2911.278
 26   8    929.9    309.1   0.5144   0.3215   1.6000   1.3988 -2911.278
 26   9    929.3    309.7   0.4782   0.2989   1.6000   1.3000 -2874.519
 26  10    928.8    310.2   0.4773   0.2983   1.6000   1.2975 -2874.189
 26  11    928.8    310.2   0.4741   0.2963   1.6000   1.2887 -2871.425
 26  12    928.1    310.9   0.4334   0.2709   1.6000   1.1779 -2832.823
 26  13    923.7    315.3   0.4573   0.2858   1.6000   1.2409 -2857.714
 26  14    925.4    313.6   0.4518   0.2824   1.6000   1.2268 -2850.726
 26  15    924.5    314.5   0.4392   0.2745   1.6000   1.1921 -2838.845
 26  16    924.3    314.7   0.4375   0.2734   1.6000   1.1875 -2837.503
 26  17    924.3    314.7   0.4375   0.2734   1.6000   1.1875 -2837.503
 26  18    927.0    312.0   0.4465   0.2791   1.6000   1.2131 -2840.124
 26  19    930.8    308.2   0.4246   0.2654   1.6000   1.1549 -2803.668
 26  20    930.1    308.9   0.3270   0.2044   1.6000   0.8893 -2685.489
 26  21    928.1    310.9   0.3190   0.1993   1.6000   0.8668 -2670.714
 26  22    930.9    308.1   0.3166   0.1979   1.6000   0.8613 -2648.547
 26  23    930.8    308.2   0.3248   0.2030   1.6000   0.8835 -2661.296
 26  24    931.2    307.8   0.3149   0.1968   1.6000   0.8567 -2656.332
 26  25    930.4    308.6   0.3216   0.2010   1.6000   0.8746 -2672.134
 27   1    931.3    307.7   0.5269   0.3293   1.6000   1.4334 -2908.785
 27   2    932.7    306.3   0.4763   0.2977   1.6000   1.2964 -2851.655
 27   3    927.2    311.8   0.5144   0.3215   1.6000   1.3974 -2907.334
 27   4    929.5    309.5   0.5345   0.3341   1.6000   1.4534 -2919.725
 27   5    930.6    308.4   0.4793   0.2995   1.6000   1.3036 -2876.806
 27   6    930.6    308.4   0.4793   0.2995   1.6000   1.3036 -2876.806
 27   7    929.9    309.1   0.5144   0.3215   1.6000   1.3988 -2911.278
 27   8    929.9    309.1   0.5144   0.3215   1.6000   1.3988 -2911.278
 27   9    929.3    309.7   0.4782   0.2989   1.6000   1.3000 -2874.519
 27  10    928.8    310.2   0.4773   0.2983   1.6000   1.2975 -2874.189
 27  11    928.8    310.2   0.4741   0.2963   1.6000   1.2887 -2871.425
 27  12    928.1    310.9   0.4334   0.2709   1.6000   1.1779 -2832.823
 27  13    923.7    315.3   0.4573   0.2858   1.6000   1.2409 -2857.714
 27  14    925.4    313.6   0.4518   0.2824   1.6000   1.2268 -2850.726
 27  15    924.5    314.5   0.4392   0.2745   1.6000   1.1921 -2838.845
 27  16    924.3    314.7   0.4375   0.2734   1.6000   1.1875 -2837.503
 27  17    924.3    314.7   0.4375   0.2734   1.6000   1.1875 -2837.503
 27  18    927.0    312.0   0.4465   0.2791   1.6000   1.2131 -2840.124
 27  19    930.8    308.2   0.4246   0.2654   1.6000   1.1549 -2803.668
 27  20    930.1    308.9   0.3270   0.2044   1.6000   0.8893 -2685.489
 27  21    928.1    310.9   0.3190   0.1993   1.6000   0.8668 -2670.714
 27  22    930.9    308.1   0.3166   0.1979   1.6000   0.8613 -2648.547
 27  23    930.8    308.2   0.3248   0.2030   1.6000   0.8835 -2661.296
 27  24    931.2    307.8   0.3149   0.1968   1.6000   0.8567 -2656.332
 27  25    930.4    308.6   0.3216   0.2010   1.6000   0.8746 -2672.134
 27  26    929.6    309.4   0.0000   0.0000   1.6000   0.0000 -1662.232
 28   1    930.0    309.0   0.5243   0.3277   1.6000   1.4258 -2903.162
 28   2    931.5    307.5   0.5095   0.3185   1.6000   1.3864 -2892.531
 28   3    925.9    313.1   0.5288   0.3305   1.6000   1.4360 -2923.284
 28   4    928.3    310.7   0.5114   0.3196   1.6000   1.3899 -2905.078
 28   5    929.4    309.6   0.5180   0.3237   1.6000   1.4084 -2909.001
 28   6    929.4    309.6   0.5180   0.3237   1.6000   1.4084 -2909.001
 28   7    928.8    310.2   0.5092   0.3182   1.6000   1.3841 -2902.913
 28   8    928.8    310.2   0.5092   0.3182   1.6000   1.3841 -2902.913
 28   9    928.1    310.9   0.5042   0.3151   1.6000   1.3703 -2904.786
 28  10    927.6    311.4   0.5089   0.3181   1.6000   1.3828 -2901.926
 28  11    927.6    311.4   0.5089   0.3181   1.6000   1.3829 -2902.704
 28  12    926.9    312.1   0.4469   0.2793   1.6000   1.2140 -2835.705
 28  13    922.4    316.6   0.4639   0.2899   1.6000   1.2584 -2856.760
 28  14    924.2    314.8   0.4633   0.2896   1.6000   1.2575 -2851.831
 28  15    923.2    315.8   0.4523   0.2827   1.6000   1.2271 -2842.216
 28  16    923.1    315.9   0.4537   0.2836   1.6000   1.2309 -2844.191
 28  17    923.1    315.9   0.4537   0.2836   1.6000   1.2309 -2844.191
 28  18    925.8    313.2   0.4762   0.2976   1.6000   1.2932 -2863.229
 28  19    929.6    309.4   0.4664   0.2915   1.6000   1.2681 -2846.407
 28  20    928.9    310.1   0.3679   0.2299   1.6000   1.0001 -2733.302
 28  21    926.8    312.2   0.3711   0.2319   1.6000   1.0081 -2746.532
 28  22    929.8    309.2   0.3535   0.2209   1.6000   0.9612 -2711.065
 28  23    929.6    309.4   0.3604   0.2252   1.6000   0.9799 -2717.846
 28  24    930.0    309.0   0.3593   0.2246   1.6000   0.9772 -2720.037
 28  25    929.2    309.8   0.3758   0.2349   1.6000   1.0218 -2752.832
 28  26    928.3    310.7   0.3728   0.2330   1.6000   1.0133 -2745.662
 28  27    928.3    310.7   0.3728   0.2330   1.6000   1.0133 -2745.662
 29   1    930.9    308.1   0.5403   0.3377   1.6000   1.4697 -2917.147
 29   2    932.5    306.5   0.5218   0.3261   1.6000   1.4200 -2899.566
 29   3    926.9    312.1   0.5563   0.3477   1.6000   1.5112 -2949.080
 29   4    929.2    309.8   0.5629   0.3518   1.6000   1.5303 -2946.059
 29   5    930.4    308.6   0.5231   0.3270   1.6000   1.4228 -2912.998
 29   6    930.4    308.6   0.5231   0.3270   1.6000   1.4228 -2912.998
 29   7    929.7    309.3   0.5321   0.3326   1.6000   1.4469 -2921.857
 29   8    929.7    309.3   0.5321   0.3326   1.6000   1.4469 -2921.857
 29   9    929.0    310.0   0.5014   0.3134   1.6000   1.3632 -2900.420
 29  10    928.6    310.4   0.5053   0.3158   1.6000   1.3734 -2895.649
 29  11    928.6    310.4   0.5053   0.3158   1.6000   1.3735 -2896.422
 29  12    927.8    311.2   0.4768   0.2980   1.6000   1.2957 -2867.498
 29  13    923.3    315.7   0.4801   0.3001   1.6000   1.3027 -2880.062
 29  14    925.1    313.9   0.4845   0.3028   1.6000   1.3155 -2878.345
 29  15    924.1    314.9   0.4868   0.3043   1.6000   1.3213 -2882.555
 29  16    924.0    315.0   0.4851   0.3032   1.6000   1.3165 -2881.387
 29  17    924.0    315.0   0.4851   0.3032   1.6000   1.3165 -2881.387
 29  18    926.7    312.3   0.5046   0.3154   1.6000   1.3707 -2893.567
 29  19    930.5    308.5   0.4775   0.2985   1.6000   1.2989 -2852.943
 29  20    929.8    309.2   0.3707   0.2317   1.6000   1.0079 -2739.955
 29  21    927.7    311.3   0.3783   0.2364   1.6000   1.0279 -2756.498
 29  22    930.6    308.4   0.3260   0.2038   1.6000   0.8868 -2674.441
 29  23    930.5    308.5   0.3401   0.2126   1.6000   0.9251 -2695.315
 29  24    930.9    308.1   0.3681   0.2301   1.6000   1.0013 -2738.475
 29  25    930.1    308.9   0.3636   0.2273   1.6000   0.9890 -2738.180
 29  26    929.2    309.8   0.3475   0.2172   1.6000   0.9447 -2708.951
 29  27    929.2    309.8   0.3475   0.2172   1.6000   0.9447 -2708.951
 29  28    927.9    311.1   0.2742   0.1714   1.6000   0.7451 -2573.838
 30   1    930.9    308.1   0.5403   0.3377   1.6000   1.4697 -2917.147
 30   2    932.5    306.5   0.5218   0.3261   1.6000   1.4200 -2899.566
 30   3    926.9    312.1   0.5563   0.3477   1.6000   1.5112 -2949.080
 30   4    929.2    309.8   0.5629   0.3518   1.6000   1.5303 -2946.059
 30   5    930.4    308.6   0.5231   0.3270   1.6000   1.4228 -2912.998
 30   6    930.4    308.6   0.5231   0.3270   1.6000   1.4228 -2912.998
 30   7    929.7    309.3   0.5321   0.3326   1.6000   1.4469 -2921.857
 30   8    929.7    309.3   0.5321   0.3326   1.6000   1.4469 -2921.857
 30   9    929.0    310.0   0.5014   0.3134   1.6000   1.3632 -2900.420
 30  10    928.6    310.4   0.5053   0.3158   1.6000   1.3734 -2895.649
 30  11    928.6    310.4   0.5053   0.3158   1.6000   1.3735 -2896.422
 30  12    927.8    311.2   0.4768   0.2980   1.6000   1.2957 -2867.498
 30  13    923.3    315.7   0.4801   0.3001   1.6000   1.3027 -2880.062
 30  14    925.1    313.9   0.4845   0.3028   1.6000   1.3155 -2878.345
 30  15    924.1    314.9   0.4868   0.3043   1.6000   1.3213 -2882.555
 30  16    924.0    315.0   0.4851   0.3032   1.6000   1.3165 -2881.387
 30  17    924.0    315.0   0.4851   0.3032   1.6000   1.3165 -2881.387
 30  18    926.7    312.3   0.5046   0.3154   1.6000   1.3707 -2893.567
 30  19    930.5    308.5   0.4775   0.2985   1.6000   1.2989 -2852.943
 30  20    929.8    309.2   0.3707   0.2317   1.6000   1.0079 -2739.955
 30  21    927.7    311.3   0.3783   0.2364   1.6000   1.0279 -2756.498
 30  22    930.6    308.4   0.3260   0.2038   1.6000   0.8868 -2674.441
 30  23    930.5    308.5   0.3401   0.2126   1.6000   0.9251 -2695.315
 30  24    930.9    308.1   0.3681   0.2301   1.6000   1.0013 -2738.475
 30  25    930.1    308.9   0.3636   0.2273   1.6000   0.9890 -2738.180
 30  26    929.2    309.8   0.3475   0.2172   1.6000   0.9447 -2708.951
 30  27    929.2    309.8   0.3475   0.2172   1.6000   0.9447 -2708.951
 30  28    927.9    311.1   0.2742   0.1714   1.6000   0.7451 -2573.838
 30  29    928.9    310.1   0.0000   0.0000   1.6000   0.0000 -1663.439
 31   1    931.2    307.8   0.5624   0.3515   1.6000   1.5300 -2927.516
 31   2    932.7    306.3   0.5563   0.3477   1.6000   1.5143 -2930.495
 31   3    927.2    311.8   0.5845   0.3653   1.6000   1.5879 -2967.742
 31   4    929.5    309.5   0.5738   0.3586   1.6000   1.5601 -2949.106
 31   5    930.6    308.4   0.5793   0.3621   1.6000   1.5758 -2953.483
 31   6    930.6    308.4   0.5793   0.3621   1.6000   1.5758 -2953.483
 31   7    930.0    309.0   0.5803   0.3627   1.6000   1.5781 -2954.276
 31   8    930.0    309.0   0.5803   0.3627   1.6000   1.5781 -2954.276
 31   9    929.3    309.7   0.5580   0.3487   1.6000   1.5171 -2947.195
 31  10    928.8    310.2   0.5963   0.3727   1.6000   1.6211 -2968.179
 31  11    928.8    310.2   0.5964   0.3728   1.6000   1.6213 -2968.935
 31  12    928.0    311.0   0.4633   0.2895   1.6000   1.2590 -2846.390
 31  13    923.6    315.4   0.4661   0.2913   1.6000   1.2648 -2858.758
 31  14    925.3    313.7   0.4536   0.2835   1.6000   1.2317 -2842.777
 31  15    924.4    314.6   0.4511   0.2819   1.6000   1.2243 -2838.879
 31  16    924.2    314.8   0.4494   0.2809   1.6000   1.2197 -2837.524
 31  17    924.2    314.8   0.4494   0.2809   1.6000   1.2197 -2837.524
 31  18    927.0    312.0   0.4769   0.2980   1.6000   1.2955 -2867.933
 31  19    930.8    308.2   0.4510   0.2819   1.6000   1.2268 -2831.847
 31  20    930.1    308.9   0.3884   0.2428   1.6000   1.0563 -2761.001
 31  21    928.0    311.0   0.3799   0.2375   1.6000   1.0325 -2750.958
 31  22    930.8    308.2   0.3882   0.2426   1.6000   1.0560 -2753.711
 31  23    930.7    308.3   0.3888   0.2430   1.6000   1.0577 -2754.251
 31  24    931.1    307.9   0.3937   0.2461   1.6000   1.0711 -2763.973
 31  25    930.4    308.6   0.4030   0.2519   1.6000   1.0961 -2783.804
 31  26    929.4    309.6   0.3569   0.2230   1.6000   0.9703 -2725.120
 31  27    929.4    309.6   0.3569   0.2230   1.6000   0.9703 -2725.120
 31  28    928.2    310.8   0.2804   0.1753   1.6000   0.7621 -2577.178
 31  29    929.1    309.9   0.2955   0.1847   1.6000   0.8034 -2607.040
 31  30    929.1    309.9   0.2955   0.1847   1.6000   0.8034 -2607.040
 32   1    933.8    305.2   0.5411   0.3382   1.6000   1.4733 -2908.432
 32   2    935.4    303.6   0.5265   0.3291   1.6000   1.4343 -2897.890
 32   3    929.8    309.2   0.5661   0.3538   1.6000   1.5393 -2949.962
 32   4    932.2    306.8   0.5577   0.3486   1.6000   1.5178 -2934.117
 32   5    933.4    305.6   0.5724   0.3577   1.6000   1.5583 -2944.692
 32   6    933.4    305.6   0.5724   0.3577   1.6000   1.5583 -2944.692
 32   7    932.8    306.2   0.5721   0.3576   1.6000   1.5573 -2945.300
 32   8    932.8    306.2   0.5721   0.3576   1.6000   1.5573 -2945.300
 32   9    932.1    306.9   0.5585   0.3490   1.6000   1.5197 -2947.391
 32  10    931.6    307.4   0.5719   0.3574   1.6000   1.5559 -2950.237
 32  11    931.6    307.4   0.5719   0.3574   1.6000   1.5561 -2950.965
 32  12    930.5    308.5   0.4720   0.2950   1.6000   1.2837 -2860.494
 32  13    926.0    313.0   0.4640   0.2900   1.6000   1.2602 -2859.363
 32  14    927.8    311.2   0.4483   0.2802   1.6000   1.2183 -2837.383
 32  15    926.9    312.1   0.4569   0.2856   1.6000   1.2412 -2848.393
 32  16    926.7    312.3   0.4551   0.2845   1.6000   1.2364 -2846.990
 32  17    926.7    312.3   0.4551   0.2845   1.6000   1.2364 -2846.990
 32  18    929.6    309.4   0.4749   0.2968   1.6000   1.2912 -2856.786
 32  19    933.3    305.7   0.4617   0.2885   1.6000   1.2569 -2838.558
 32  20    932.7    306.3   0.3798   0.2374   1.6000   1.0339 -2742.957
 32  21    930.5    308.5   0.4011   0.2507   1.6000   1.0910 -2776.569
 32  22    933.3    305.7   0.3405   0.2128   1.6000   0.9270 -2689.682
 32  23    933.2    305.8   0.3447   0.2155   1.6000   0.9385 -2696.419
 32  24    933.6    305.4   0.3564   0.2228   1.6000   0.9704 -2710.330
 32  25    933.0    306.0   0.3610   0.2256   1.6000   0.9828 -2725.019
 32  26    931.9    307.1   0.3552   0.2220   1.6000   0.9666 -2720.405
 32  27    931.9    307.1   0.3552   0.2220   1.6000   0.9666 -2720.405
 32  28    930.8    308.2   0.2636   0.1647   1.6000   0.7170 -2546.560
 32  29    931.7    307.3   0.2652   0.1658   1.6000   0.7217 -2550.700
 32  30    931.7    307.3   0.2652   0.1658   1.6000   0.7217 -2550.700
 32  31    931.9    307.1   0.2344   0.1465   1.6000   0.6379 -2478.864
 33   1    930.9    308.1   0.4844   0.3028   1.6000   1.3177 -2873.341
 33   2    932.3    306.7   0.5002   0.3126   1.6000   1.3613 -2882.561
 33   3    926.8    312.2   0.5109   0.3193   1.6000   1.3879 -2911.229
 33   4    929.1    309.9   0.5138   0.3211   1.6000   1.3969 -2913.772
 33   5    930.2    308.8   0.4861   0.3038   1.6000   1.3221 -2872.569
 33   6    930.2    308.8   0.4861   0.3038   1.6000   1.3221 -2872.569
 33   7    929.5    309.5   0.4828   0.3018   1.6000   1.3128 -2868.270
 33   8    929.5    309.5   0.4828   0.3018   1.6000   1.3128 -2868.270
 33   9    928.9    310.1   0.4789   0.2993   1.6000   1.3019 -2872.271
 33  10    928.4    310.6   0.4983   0.3114   1.6000   1.3544 -2891.371
 33  11    928.4    310.6   0.4984   0.3115   1.6000   1.3545 -2892.175
 33  12    927.7    311.3   0.4611   0.2882   1.6000   1.2529 -2852.736
 33  13    923.4    315.6   0.4487   0.2805   1.6000   1.2176 -2843.517
 33  14    925.1    313.9   0.4443   0.2777   1.6000   1.2062 -2832.995
 33  15    924.1    314.9   0.4412   0.2757   1.6000   1.1975 -2832.016
 33  16    924.0    315.0   0.4395   0.2747   1.6000   1.1929 -2830.771
 33  17    924.0    315.0   0.4395   0.2747   1.6000   1.1929 -2830.771
 33  18    926.6    312.4   0.4589   0.2868   1.6000   1.2465 -2851.699
 33  19    930.5    308.5   0.4358   0.2724   1.6000   1.1853 -2815.054
 33  20    929.8    309.2   0.3246   0.2028   1.6000   0.8825 -2667.000
 33  21    927.7    311.3   0.3390   0.2118   1.6000   0.9211 -2685.704
 33  22    930.6    308.4   0.3195   0.1997   1.6000   0.8691 -2656.502
 33  23    930.5    308.5   0.3262   0.2039   1.6000   0.8873 -2667.628
 33  24    930.9    308.1   0.2976   0.1860   1.6000   0.8096 -2627.650
 33  25    930.0    309.0   0.3139   0.1962   1.6000   0.8535 -2656.953
 33  26    929.2    309.8   0.3079   0.1924   1.6000   0.8371 -2649.661
 33  27    929.2    309.8   0.3079   0.1924   1.6000   0.8371 -2649.661
 33  28    927.9    311.1   0.3451   0.2157   1.6000   0.9377 -2695.891
 33  29    928.8    310.2   0.3678   0.2298   1.6000   0.9997 -2730.259
 33  30    928.8    310.2   0.3678   0.2298   1.6000   0.9997 -2730.259
 33  31    929.1    309.9   0.3443   0.2152   1.6000   0.9360 -2695.845
 33  32    931.6    307.4   0.3581   0.2238   1.6000   0.9742 -2719.416
 34   1    930.9    308.1   0.4844   0.3028   1.6000   1.3177 -2873.341
 34   2    932.3    306.7   0.5002   0.3126   1.6000   1.3613 -2882.561
 34   3    926.8    312.2   0.5109   0.3193   1.6000   1.3879 -2911.229
 34   4    929.1    309.9   0.5138   0.3211   1.6000   1.3969 -2913.772
 34   5    930.2    308.8   0.4861   0.3038   1.6000   1.3221 -2872.569
 34   6    930.2    308.8   0.4861   0.3038   1.6000   1.3221 -2872.569
 34   7    929.5    309.5   0.4828   0.3018   1.6000   1.3128 -2868.270
 34   8    929.5    309.5   0.4828   0.3018   1.6000   1.3128 -2868.270
 34   9    928.9    310.1   0.4789   0.2993   1.6000   1.3019 -2872.271
 34  10    928.4    310.6   0.4983   0.3114   1.6000   1.3544 -2891.371
 34  11    928.4    310.6   0.4984   0.3115   1.6000   1.3545 -2892.175
 34  12    927.7    311.3   0.4611   0.2882   1.6000   1.2529 -2852.736
 34  13    923.4    315.6   0.4487   0.2805   1.6000   1.2176 -2843.517
 34  14    925.1    313.9   0.4443   0.2777   1.6000   1.2062 -2832.995
 34  15    924.1    314.9   0.4412   0.2757   1.6000   1.1975 -2832.016
 34  16    924.0    315.0   0.4395   0.2747   1.6000   1.1929 -2830.771
 34  17    924.0    315.0   0.4395   0.2747   1.6000   1.1929 -2830.771
 34  18    926.6    312.4   0.4589   0.2868   1.6000   1.2465 -2851.699
 34  19    930.5    308.5   0.4358   0.2724   1.6000   1.1853 -2815.054
 34  20    929.8    309.2   0.3246   0.2028   1.6000   0.8825 -2667.000
 34  21    927.7    311.3   0.3390   0.2118   1.6000   0.9211 -2685.704
 34  22    930.6    308.4   0.3195   0.1997   1.6000   0.8691 -2656.502
 34  23    930.5    308.5   0.3262   0.2039   1.6000   0.8873 -2667.628
 34  24    930.9    308.1   0.2976   0.1860   1.6000   0.8096 -2627.650
 34  25    930.0    309.0   0.3139   0.1962   1.6000   0.8535 -2656.953
 34  26    929.2    309.8   0.3079   0.1924   1.6000   0.8371 -2649.661
 34  27    929.2    309.8   0.3079   0.1924   1.6000   0.8371 -2649.661
 34  28    927.9    311.1   0.3451   0.2157   1.6000   0.9377 -2695.891
 34  29    928.8    310.2   0.3678   0.2298   1.6000   0.9997 -2730.259
 34  30    928.8    310.2   0.3678   0.2298   1.6000   0.9997 -2730.259
 34  31    929.1    309.9   0.3443   0.2152   1.6000   0.9360 -2695.845
 34  32    931.6    307.4   0.3581   0.2238   1.6000   0.9742 -2719.416
 34  33    928.9    310.1   0.0000   0.0000   1.6000   0.0000 -1663.240
 35   1    931.5    307.5   0.5632   0.3520   1.6000   1.5323 -2941.597
 35   2    933.0    306.0   0.5148   0.3218   1.6000   1.4014 -2889.590
 35   3    927.4    311.6   0.5466   0.3416   1.6000   1.4852 -2937.552
 35   4    929.7    309.3   0.5572   0.3482   1.6000   1.5151 -2942.192
 35   5    930.9    308.1   0.5281   0.3301   1.6000   1.4365 -2915.462
 35   6    930.9    308.1   0.5281   0.3301   1.6000   1.4365 -2915.462
 35   7    930.2    308.8   0.5386   0.3366   1.6000   1.4647 -2925.930
 35   8    930.2    308.8   0.5386   0.3366   1.6000   1.4647 -2925.930
 35   9    929.5    309.5   0.5156   0.3223   1.6000   1.4020 -2906.491
 35  10    929.1    309.9   0.5333   0.3333   1.6000   1.4498 -2918.389
 35  11    929.1    309.9   0.5334   0.3334   1.6000   1.4500 -2919.175
 35  12    928.3    310.7   0.4485   0.2803   1.6000   1.2190 -2834.413
 35  13    923.9    315.1   0.4485   0.2803   1.6000   1.2172 -2840.019
 35  14    925.6    313.4   0.4630   0.2894   1.6000   1.2574 -2854.056
 35  15    924.7    314.3   0.4463   0.2790   1.6000   1.2117 -2836.443
 35  16    924.6    314.4   0.4446   0.2779   1.6000   1.2069 -2835.095
 35  17    924.6    314.4   0.4446   0.2779   1.6000   1.2069 -2835.095
 35  18    927.3    311.7   0.4507   0.2817   1.6000   1.2246 -2846.998
 35  19    931.1    307.9   0.4645   0.2903   1.6000   1.2636 -2845.407
 35  20    930.4    308.6   0.3319   0.2074   1.6000   0.9026 -2685.515
 35  21    928.3    310.7   0.3513   0.2196   1.6000   0.9549 -2705.586
 35  22    931.2    307.8   0.3169   0.1980   1.6000   0.8620 -2653.006
 35  23    931.0    308.0   0.3278   0.2049   1.6000   0.8917 -2668.565
 35  24    931.5    307.5   0.3167   0.1979   1.6000   0.8615 -2664.578
 35  25    930.7    308.3   0.3200   0.2000   1.6000   0.8704 -2669.592
 35  26    929.8    309.2   0.3294   0.2059   1.6000   0.8956 -2685.258
 35  27    929.8    309.2   0.3294   0.2059   1.6000   0.8956 -2685.258
 35  28    928.5    310.5   0.3747   0.2342   1.6000   1.0185 -2741.566
 35  29    929.4    309.6   0.3745   0.2341   1.6000   1.0183 -2739.697
 35  30    929.4    309.6   0.3745   0.2341   1.6000   1.0183 -2739.697
 35  31    929.7    309.3   0.3750   0.2344   1.6000   1.0198 -2735.543
 35  32    932.2    306.8   0.3767   0.2354   1.6000   1.0250 -2749.027
 35  33    929.4    309.6   0.2582   0.1614   1.6000   0.7020 -2540.207
 35  34    929.4    309.6   0.2582   0.1614   1.6000   0.7020 -2540.207
 36   1    931.8    307.2   0.5109   0.3193   1.6000   1.3901 -2898.343
 36   2    933.3    305.7   0.5152   0.3220   1.6000   1.4025 -2896.621
 36   3    927.7    311.3   0.5375   0.3360   1.6000   1.4607 -2937.937
 36   4    930.1    308.9   0.5398   0.3374   1.6000   1.4680 -2939.347
 36   5    931.2    307.8   0.5109   0.3193   1.6000   1.3898 -2906.068
 36   6    931.2    307.8   0.5109   0.3193   1.6000   1.3898 -2906.068
 36   7    930.5    308.5   0.5183   0.3240   1.6000   1.4098 -2914.152
 36   8    930.5    308.5   0.5183   0.3240   1.6000   1.4098 -2914.152
 36   9    929.9    309.1   0.4971   0.3107   1.6000   1.3519 -2898.019
 36  10    929.4    309.6   0.5246   0.3279   1.6000   1.4264 -2922.158
 36  11    929.4    309.6   0.5247   0.3279   1.6000   1.4266 -2922.962
 36  12    928.7    310.3   0.4447   0.2780   1.6000   1.2089 -2838.684
 36  13    924.3    314.7   0.4554   0.2846   1.6000   1.2361 -2860.811
 36  14    926.0    313.0   0.4638   0.2899   1.6000   1.2596 -2867.870
 36  15    925.1    313.9   0.4611   0.2882   1.6000   1.2520 -2866.527
 36  16    924.9    314.1   0.4594   0.2871   1.6000   1.2471 -2865.181
 36  17    924.9    314.1   0.4594   0.2871   1.6000   1.2471 -2865.181
 36  18    927.6    311.4   0.4397   0.2748   1.6000   1.1947 -2833.185
 36  19    931.4    307.6   0.4363   0.2727   1.6000   1.1871 -2815.672
 36  20    930.7    308.3   0.3262   0.2039   1.6000   0.8874 -2685.068
 36  21    928.6    310.4   0.3329   0.2081   1.6000   0.9049 -2690.780
 36  22    931.5    307.5   0.3266   0.2041   1.6000   0.8885 -2669.838
 36  23    931.4    307.6   0.3351   0.2095   1.6000   0.9118 -2684.745
 36  24    931.8    307.2   0.3075   0.1922   1.6000   0.8368 -2642.965
 36  25    931.0    308.0   0.3002   0.1877   1.6000   0.8168 -2635.772
 36  26    930.1    308.9   0.3308   0.2067   1.6000   0.8995 -2691.447
 36  27    930.1    308.9   0.3308   0.2067   1.6000   0.8995 -2691.447
 36  28    928.8    310.2   0.3714   0.2321   1.6000   1.0096 -2750.799
 36  29    929.8    309.2   0.3613   0.2258   1.6000   0.9825 -2730.594
 36  30    929.8    309.2   0.3613   0.2258   1.6000   0.9825 -2730.594
 36  31    930.0    309.0   0.3566   0.2229   1.6000   0.9698 -2721.007
 36  32    932.5    306.5   0.3495   0.2185   1.6000   0.9513 -2716.034
 36  33    929.8    309.2   0.2621   0.1638   1.6000   0.7127 -2551.794
 36  34    929.8    309.2   0.2621   0.1638   1.6000   0.7127 -2551.794
 36  35    930.3    308.7   0.2545   0.1591   1.6000   0.6923 -2546.964
 37   1    928.7    310.3   0.5259   0.3287   1.6000   1.4294 -2925.158
 37   2    930.2    308.8   0.5268   0.3292   1.6000   1.4326 -2913.504
 37   3    924.6    314.4   0.5139   0.3212   1.6000   1.3951 -2923.040
 37   4    926.9    312.1   0.5192   0.3245   1.6000   1.4104 -2927.633
 37   5    928.1    310.9   0.5157   0.3223   1.6000   1.4015 -2915.671
 37   6    928.1    310.9   0.5157   0.3223   1.6000   1.4015 -2915.671
 37   7    927.4    311.6   0.5231   0.3269   1.6000   1.4213 -2921.698
 37   8    927.4    311.6   0.5231   0.3269   1.6000   1.4213 -2921.698
 37   9    926.7    312.3   0.4939   0.3087   1.6000   1.3417 -2900.609
 37  10    926.3    312.7   0.5439   0.3400   1.6000   1.4774 -2944.914
 37  11    926.3    312.7   0.5440   0.3400   1.6000   1.4776 -2945.645
 37  12    925.4    313.6   0.4294   0.2684   1.6000   1.1659 -2825.797
 37  13    921.0    318.0   0.4561   0.2850   1.6000   1.2365 -2861.570
 37  14    922.7    316.3   0.4547   0.2842   1.6000   1.2335 -2857.640
 37  15    921.8    317.2   0.4349   0.2718   1.6000   1.1794 -2838.774
 37  16    921.6    317.4   0.4332   0.2707   1.6000   1.1748 -2837.355
 37  17    921.6    317.4   0.4332   0.2707   1.6000   1.1748 -2837.355
 37  18    924.4    314.6   0.4301   0.2688   1.6000   1.1675 -2827.393
 37  19    928.2    310.8   0.4393   0.2745   1.6000   1.1939 -2826.449
 37  20    927.5    311.5   0.3467   0.2167   1.6000   0.9420 -2715.476
 37  21    925.4    313.6   0.3358   0.2099   1.6000   0.9119 -2693.472
 37  22    928.3    310.7   0.3362   0.2102   1.6000   0.9139 -2694.742
 37  23    928.2    310.8   0.3473   0.2170   1.6000   0.9438 -2707.381
 37  24    928.6    310.4   0.2917   0.1823   1.6000   0.7929 -2621.729
 37  25    927.8    311.2   0.3185   0.1990   1.6000   0.8654 -2670.120
 37  26    926.9    312.1   0.3432   0.2145   1.6000   0.9322 -2709.522
 37  27    926.9    312.1   0.3432   0.2145   1.6000   0.9322 -2709.522
 37  28    925.6    313.4   0.3784   0.2365   1.6000   1.0276 -2758.665
 37  29    926.6    312.4   0.3675   0.2297   1.6000   0.9982 -2750.554
 37  30    926.6    312.4   0.3675   0.2297   1.6000   0.9982 -2750.554
 37  31    926.8    312.2   0.3654   0.2284   1.6000   0.9925 -2741.726
 37  32    929.3    309.7   0.3703   0.2315   1.6000   1.0069 -2747.072
 37  33    926.6    312.4   0.2378   0.1486   1.6000   0.6460 -2515.231
 37  34    926.6    312.4   0.2378   0.1486   1.6000   0.6460 -2515.231
 37  35    927.1    311.9   0.2615   0.1634   1.6000   0.7104 -2554.204
 37  36    927.5    311.5   0.1537   0.0961   1.6000   0.4177 -2302.321
 38   1    928.5    310.5   0.5375   0.3359   1.6000   1.4609 -2928.243
 38   2    930.0    309.0   0.5274   0.3296   1.6000   1.4343 -2915.534
 38   3    924.4    314.6   0.5097   0.3186   1.6000   1.3835 -2917.166
 38   4    926.7    312.3   0.5404   0.3377   1.6000   1.4679 -2943.871
 38   5    927.9    311.1   0.5356   0.3348   1.6000   1.4556 -2927.864
 38   6    927.9    311.1   0.5356   0.3348   1.6000   1.4556 -2927.864
 38   7    927.2    311.8   0.5162   0.3226   1.6000   1.4025 -2911.283
 38   8    927.2    311.8   0.5162   0.3226   1.6000   1.4025 -2911.283
 38   9    926.6    312.4   0.4996   0.3123   1.6000   1.3572 -2903.930
 38  10    926.1    312.9   0.5488   0.3430   1.6000   1.4905 -2945.440
 38  11    926.1    312.9   0.5453   0.3408   1.6000   1.4809 -2942.899
 38  12    925.3    313.7   0.4337   0.2711   1.6000   1.1776 -2824.500
 38  13    920.9    318.1   0.4613   0.2883   1.6000   1.2507 -2867.713
 38  14    922.6    316.4   0.4537   0.2835   1.6000   1.2307 -2858.613
 38  15    921.7    317.3   0.4529   0.2831   1.6000   1.2282 -2856.814
 38  16    921.5    317.5   0.4512   0.2820   1.6000   1.2235 -2855.478
 38  17    921.5    317.5   0.4512   0.2820   1.6000   1.2235 -2855.478
 38  18    924.2    314.8   0.4278   0.2674   1.6000   1.1611 -2822.211
 38  19    928.1    310.9   0.4285   0.2678   1.6000   1.1644 -2811.143
 38  20    927.4    311.6   0.3574   0.2234   1.6000   0.9710 -2727.458
 38  21    925.3    313.7   0.3515   0.2197   1.6000   0.9544 -2721.514
 38  22    928.2    310.8   0.3206   0.2004   1.6000   0.8714 -2669.731
 38  23    928.0    311.0   0.3332   0.2082   1.6000   0.9054 -2686.965
 38  24    928.5    310.5   0.3345   0.2091   1.6000   0.9092 -2685.778
 38  25    927.6    311.4   0.3177   0.1986   1.6000   0.8633 -2666.259
 38  26    926.8    312.2   0.3497   0.2186   1.6000   0.9500 -2720.948
 38  27    926.8    312.2   0.3497   0.2186   1.6000   0.9500 -2720.948
 38  28    925.5    313.5   0.3849   0.2406   1.6000   1.0452 -2763.950
 38  29    926.4    312.6   0.3650   0.2281   1.6000   0.9913 -2741.177
 38  30    926.4    312.6   0.3650   0.2281   1.6000   0.9913 -2741.177
 38  31    926.7    312.3   0.3576   0.2235   1.6000   0.9713 -2727.283
 38  32    929.2    309.8   0.3495   0.2185   1.6000   0.9503 -2718.318
 38  33    926.4    312.6   0.2617   0.1636   1.6000   0.7108 -2552.495
 38  34    926.4    312.6   0.2617   0.1636   1.6000   0.7108 -2552.495
 38  35    927.0    312.0   0.2624   0.1640   1.6000   0.7128 -2563.491
 38  36    927.4    311.6   0.1751   0.1094   1.6000   0.4757 -2353.238
 38  37    924.1    314.9   0.1425   0.0891   1.6000   0.3867 -2272.541

