Supplemental results for CODEML (seqf: /gpfs/scratch/cltucker/EBH381-Group-Project/SIV_aligned_VPX.fas  treef: )


pairwise comparison (Goldman & Yang 1994)
seq seq        N       S       dN       dS     dN/dS   Paras.
  2   1    163.3     64.7   0.2751   5.5022   0.0500   5.2761  -519.365
  3   1    163.4     64.6   0.2764   5.5278   0.0500   5.2932  -515.306
  3   2    164.1     63.9   0.3165   6.3305   0.0500   6.0066  -517.372
  4   1    163.2     64.8   0.3061   6.1214   0.0500   5.8757  -520.921
  4   2    163.9     64.1   0.3129   6.2579   0.0500   5.9559  -514.046
  4   3    164.0     64.0   0.0796   1.5913   0.0500   1.5119  -449.815
  5   1    163.5     64.5   0.2744   5.4877   0.0500   5.2496  -513.881
  5   2    164.2     63.8   0.2062   4.1240   0.0500   3.9097  -497.071
  5   3    164.3     63.7   0.0709   1.4186   0.0500   1.3419  -456.972
  5   4    164.1     63.9   0.0702   1.4031   0.0500   1.3317  -454.666
  6   1    163.5     64.5   0.2744   5.4877   0.0500   5.2496  -513.881
  6   2    164.2     63.8   0.2062   4.1240   0.0500   3.9097  -497.071
  6   3    164.3     63.7   0.0709   1.4186   0.0500   1.3419  -456.972
  6   4    164.1     63.9   0.0702   1.4031   0.0500   1.3317  -454.666
  6   5    164.4     63.6   0.0000   0.0000   0.0500   0.0000  -304.678
  7   1    163.1     64.9   0.2317   4.6342   0.0500   4.4519  -506.212
  7   2    163.8     64.2   0.2168   4.3358   0.0500   4.1318  -501.074
  7   3    163.9     64.1   0.0576   1.1528   0.0500   1.0972  -449.693
  7   4    163.7     64.3   0.0514   1.0289   0.0500   0.9818  -448.332
  7   5    164.0     64.0   0.0093   0.1866   0.0500   0.1774  -354.399
  7   6    164.0     64.0   0.0093   0.1866   0.0500   0.1774  -354.399
  8   1    163.1     64.9   0.2317   4.6342   0.0500   4.4519  -506.212
  8   2    163.8     64.2   0.2168   4.3358   0.0500   4.1318  -501.074
  8   3    163.9     64.1   0.0576   1.1528   0.0500   1.0972  -449.693
  8   4    163.7     64.3   0.0514   1.0289   0.0500   0.9818  -448.332
  8   5    164.0     64.0   0.0093   0.1866   0.0500   0.1774  -354.399
  8   6    164.0     64.0   0.0093   0.1866   0.0500   0.1774  -354.399
  8   7    163.6     64.4   0.0000   0.0000   0.0500   0.0000  -304.842
  9   1    162.5     65.5   0.3307   6.6147   0.0500   6.4067  -531.299
  9   2    163.1     64.9   0.2576   5.1519   0.0500   4.9503  -515.894
  9   3    163.2     64.8   0.0722   1.4444   0.0500   1.3865  -465.451
  9   4    163.0     65.0   0.0894   1.7888   0.0500   1.7211  -478.337
  9   5    163.3     64.7   0.0295   0.5894   0.0500   0.5650  -424.820
  9   6    163.3     64.7   0.0295   0.5894   0.0500   0.5650  -424.820
  9   7    163.0     65.0   0.0270   0.5391   0.0500   0.5191  -421.405
  9   8    163.0     65.0   0.0270   0.5391   0.0500   0.5191  -421.405
 10   1    162.9     65.1   0.2171   4.3416   0.0500   4.1849  -505.238
 10   2    163.5     64.5   0.3155   6.3090   0.0500   6.0319  -519.194
 10   3    163.6     64.4   0.0904   1.8089   0.0500   1.7272  -459.697
 10   4    163.4     64.6   0.0799   1.5979   0.0500   1.5296  -463.427
 10   5    163.7     64.3   0.0309   0.6184   0.0500   0.5898  -416.546
 10   6    163.7     64.3   0.0309   0.6184   0.0500   0.5898  -416.546
 10   7    163.4     64.6   0.0243   0.4863   0.0500   0.4659  -399.146
 10   8    163.4     64.6   0.0243   0.4863   0.0500   0.4659  -399.146
 10   9    162.7     65.3   0.0307   0.6139   0.0500   0.5929  -440.597
 11   1    162.9     65.1   0.2171   4.3416   0.0500   4.1849  -505.238
 11   2    163.5     64.5   0.3155   6.3090   0.0500   6.0319  -519.194
 11   3    163.6     64.4   0.0904   1.8089   0.0500   1.7272  -459.697
 11   4    163.4     64.6   0.0799   1.5979   0.0500   1.5296  -463.427
 11   5    163.7     64.3   0.0309   0.6184   0.0500   0.5898  -416.546
 11   6    163.7     64.3   0.0309   0.6184   0.0500   0.5898  -416.546
 11   7    163.4     64.6   0.0243   0.4863   0.0500   0.4659  -399.146
 11   8    163.4     64.6   0.0243   0.4863   0.0500   0.4659  -399.146
 11   9    162.7     65.3   0.0307   0.6139   0.0500   0.5929  -440.597
 11  10    163.1     64.9   0.0000   0.0000   0.0500   0.0000  -306.211
 12   1    162.3     65.7   0.4365   8.7307   0.0500   8.4783  -551.853
 12   2    163.0     65.0   0.4052   8.1041   0.0500   7.7980  -543.082
 12   3    163.2     64.8   0.3037   6.0737   0.0500   5.8328  -524.035
 12   4    163.0     65.0   0.3867   7.7342   0.0500   7.4484  -540.195
 12   5    163.2     64.8   0.3422   6.8431   0.0500   6.5675  -530.916
 12   6    163.2     64.8   0.3422   6.8431   0.0500   6.5675  -530.916
 12   7    162.9     65.1   0.3221   6.4429   0.0500   6.2118  -529.426
 12   8    162.9     65.1   0.3221   6.4429   0.0500   6.2118  -529.426
 12   9    162.2     65.8   0.3688   7.3767   0.0500   7.1736  -545.311
 12  10    162.6     65.4   0.3253   6.5067   0.0500   6.2965  -533.250
 12  11    162.6     65.4   0.3253   6.5067   0.0500   6.2965  -533.250
 13   1    162.5     65.5   0.3648   7.2957   0.0500   7.0703  -540.213
 13   2    163.2     64.8   0.5941  11.8812   0.0500  11.4083  -565.376
 13   3    163.3     64.7   0.3400   6.7997   0.0500   6.5159  -527.199
 13   4    163.1     64.9   0.4165   8.3308   0.0500   8.0083  -544.922
 13   5    163.4     64.6   0.3984   7.9686   0.0500   7.6300  -539.210
 13   6    163.4     64.6   0.3984   7.9686   0.0500   7.6300  -539.210
 13   7    163.0     65.0   0.3716   7.4313   0.0500   7.1531  -535.653
 13   8    163.0     65.0   0.3716   7.4313   0.0500   7.1531  -535.653
 13   9    162.3     65.7   0.4524   9.0486   0.0500   8.7862  -551.111
 13  10    162.7     65.3   0.3101   6.2027   0.0500   5.9917  -530.224
 13  11    162.7     65.3   0.3101   6.2027   0.0500   5.9917  -530.224
 13  12    162.2     65.8   0.2114   4.2283   0.0500   4.1127  -513.645
 14   1    162.6     65.4   0.3744   7.4878   0.0500   7.2473  -540.250
 14   2    163.3     64.7   0.6031  12.0624   0.0500  11.5672  -564.853
 14   3    163.4     64.6   0.3347   6.6942   0.0500   6.4061  -524.384
 14   4    163.2     64.8   0.4248   8.4953   0.0500   8.1555  -544.754
 14   5    163.5     64.5   0.4242   8.4836   0.0500   8.1125  -540.488
 14   6    163.5     64.5   0.4242   8.4836   0.0500   8.1125  -540.488
 14   7    163.1     64.9   0.3983   7.9662   0.0500   7.6579  -537.222
 14   8    163.1     64.9   0.3983   7.9662   0.0500   7.6579  -537.222
 14   9    162.4     65.6   0.4787   9.5734   0.0500   9.2835  -552.226
 14  10    162.8     65.2   0.3345   6.6908   0.0500   6.4548  -532.041
 14  11    162.8     65.2   0.3345   6.6908   0.0500   6.4548  -532.041
 14  12    162.3     65.7   0.2237   4.4731   0.0500   4.3452  -514.117
 14  13    162.5     65.5   0.0060   0.1204   0.0500   0.1167  -348.489
 15   1    163.1     64.9   0.3531   7.0619   0.0500   6.7925  -535.595
 15   2    163.8     64.2   0.5711  11.4220   0.0500  10.8803  -561.002
 15   3    164.0     64.0   0.3328   6.6552   0.0500   6.3231  -522.107
 15   4    163.7     64.3   0.4080   8.1604   0.0500   7.7807  -541.079
 15   5    164.0     64.0   0.4013   8.0262   0.0500   7.6228  -535.826
 15   6    164.0     64.0   0.4013   8.0262   0.0500   7.6228  -535.826
 15   7    163.6     64.4   0.3753   7.5070   0.0500   7.1695  -532.531
 15   8    163.6     64.4   0.3753   7.5070   0.0500   7.1695  -532.531
 15   9    162.9     65.1   0.4525   9.0504   0.0500   8.7202  -548.477
 15  10    163.3     64.7   0.3208   6.4150   0.0500   6.1492  -527.914
 15  11    163.3     64.7   0.3208   6.4150   0.0500   6.1492  -527.914
 15  12    162.8     65.2   0.2252   4.5047   0.0500   4.3476  -512.248
 15  13    163.0     65.0   0.0061   0.1229   0.0500   0.1182  -344.331
 15  14    163.1     64.9   0.0037   0.0748   0.0500   0.0719  -332.526
 16   1    163.1     64.9   0.3531   7.0619   0.0500   6.7925  -535.595
 16   2    163.8     64.2   0.5711  11.4220   0.0500  10.8803  -561.002
 16   3    164.0     64.0   0.3328   6.6552   0.0500   6.3231  -522.107
 16   4    163.7     64.3   0.4080   8.1604   0.0500   7.7807  -541.079
 16   5    164.0     64.0   0.4013   8.0262   0.0500   7.6228  -535.826
 16   6    164.0     64.0   0.4013   8.0262   0.0500   7.6228  -535.826
 16   7    163.6     64.4   0.3753   7.5070   0.0500   7.1695  -532.531
 16   8    163.6     64.4   0.3753   7.5070   0.0500   7.1695  -532.531
 16   9    162.9     65.1   0.4525   9.0504   0.0500   8.7202  -548.477
 16  10    163.3     64.7   0.3208   6.4150   0.0500   6.1492  -527.914
 16  11    163.3     64.7   0.3208   6.4150   0.0500   6.1492  -527.914
 16  12    162.8     65.2   0.2252   4.5047   0.0500   4.3476  -512.248
 16  13    163.0     65.0   0.0061   0.1229   0.0500   0.1182  -344.331
 16  14    163.1     64.9   0.0037   0.0748   0.0500   0.0719  -332.526
 16  15    163.6     64.4   0.0000   0.0000   0.0500   0.0000  -306.765
 17   1    163.1     64.9   0.3531   7.0619   0.0500   6.7925  -535.595
 17   2    163.8     64.2   0.5711  11.4220   0.0500  10.8803  -561.002
 17   3    164.0     64.0   0.3328   6.6552   0.0500   6.3231  -522.107
 17   4    163.7     64.3   0.4080   8.1604   0.0500   7.7807  -541.079
 17   5    164.0     64.0   0.4013   8.0262   0.0500   7.6228  -535.826
 17   6    164.0     64.0   0.4013   8.0262   0.0500   7.6228  -535.826
 17   7    163.6     64.4   0.3753   7.5070   0.0500   7.1695  -532.531
 17   8    163.6     64.4   0.3753   7.5070   0.0500   7.1695  -532.531
 17   9    162.9     65.1   0.4525   9.0504   0.0500   8.7202  -548.477
 17  10    163.3     64.7   0.3208   6.4150   0.0500   6.1492  -527.914
 17  11    163.3     64.7   0.3208   6.4150   0.0500   6.1492  -527.914
 17  12    162.8     65.2   0.2252   4.5047   0.0500   4.3476  -512.248
 17  13    163.0     65.0   0.0061   0.1229   0.0500   0.1182  -344.331
 17  14    163.1     64.9   0.0037   0.0748   0.0500   0.0719  -332.526
 17  15    163.6     64.4   0.0000   0.0000   0.0500   0.0000  -306.765
 17  16    163.6     64.4   0.0000   0.0000   0.0500   0.0000  -306.765
 18   1    162.1     65.9   0.3734   7.4684   0.0500   7.2764  -544.928
 18   2    162.7     65.3   0.4662   9.3241   0.0500   9.0094  -554.896
 18   3    162.8     65.2   0.3557   7.1133   0.0500   6.8656  -534.780
 18   4    162.6     65.4   0.3771   7.5423   0.0500   7.2964  -543.007
 18   5    162.9     65.1   0.3427   6.8548   0.0500   6.6077  -534.457
 18   6    162.9     65.1   0.3427   6.8548   0.0500   6.6077  -534.457
 18   7    162.6     65.4   0.3087   6.1744   0.0500   5.9776  -529.185
 18   8    162.6     65.4   0.3087   6.1744   0.0500   5.9776  -529.185
 18   9    161.9     66.1   0.3552   7.1034   0.0500   6.9340  -543.438
 18  10    162.3     65.7   0.3715   7.4305   0.0500   7.2174  -539.739
 18  11    162.3     65.7   0.3715   7.4305   0.0500   7.2174  -539.739
 18  12    161.7     66.3   0.1576   3.1522   0.0500   3.0842  -493.017
 18  13    161.9     66.1   0.1643   3.2867   0.0500   3.2103  -503.694
 18  14    162.0     66.0   0.1799   3.5978   0.0500   3.5095  -506.002
 18  15    162.5     65.5   0.1601   3.2014   0.0500   3.1029  -500.074
 18  16    162.5     65.5   0.1601   3.2014   0.0500   3.1029  -500.074
 18  17    162.5     65.5   0.1601   3.2014   0.0500   3.1029  -500.074
 19   1    161.9     66.1   0.3431   6.8616   0.0500   6.7007  -542.909
 19   2    162.5     65.5   0.4962   9.9248   0.0500   9.6113  -559.938
 19   3    162.6     65.4   0.3825   7.6497   0.0500   7.3997  -540.300
 19   4    162.4     65.6   0.3684   7.3685   0.0500   7.1432  -544.437
 19   5    162.7     65.3   0.3219   6.4376   0.0500   6.2199  -533.933
 19   6    162.7     65.3   0.3219   6.4376   0.0500   6.2199  -533.933
 19   7    162.4     65.6   0.2894   5.7876   0.0500   5.6143  -528.357
 19   8    162.4     65.6   0.2894   5.7876   0.0500   5.6143  -528.357
 19   9    161.8     66.2   0.3605   7.2095   0.0500   7.0518  -546.626
 19  10    162.1     65.9   0.3259   6.5176   0.0500   6.3441  -536.005
 19  11    162.1     65.9   0.3259   6.5176   0.0500   6.3441  -536.005
 19  12    161.5     66.5   0.1607   3.2140   0.0500   3.1526  -498.866
 19  13    161.7     66.3   0.2187   4.3744   0.0500   4.2830  -512.855
 19  14    161.8     66.2   0.2303   4.6069   0.0500   4.5048  -514.576
 19  15    162.3     65.7   0.2105   4.2097   0.0500   4.0907  -509.428
 19  16    162.3     65.7   0.2105   4.2097   0.0500   4.0907  -509.428
 19  17    162.3     65.7   0.2105   4.2097   0.0500   4.0907  -509.428
 19  18    161.3     66.7   0.0303   0.6056   0.0500   0.5959  -416.306
 20   1    162.0     66.0   0.4259   8.5171   0.0500   8.3090  -552.258
 20   2    162.6     65.4   0.3948   7.8965   0.0500   7.6402  -545.397
 20   3    162.7     65.3   0.4317   8.6330   0.0500   8.3438  -545.765
 20   4    162.5     65.5   0.4558   9.1160   0.0500   8.8320  -552.612
 20   5    162.8     65.2   0.3573   7.1457   0.0500   6.8966  -539.502
 20   6    162.8     65.2   0.3573   7.1457   0.0500   6.8966  -539.502
 20   7    162.4     65.6   0.3324   6.6478   0.0500   6.4460  -535.818
 20   8    162.4     65.6   0.3324   6.6478   0.0500   6.4460  -535.818
 20   9    161.8     66.2   0.3869   7.7371   0.0500   7.5648  -546.882
 20  10    162.2     65.8   0.3862   7.7232   0.0500   7.5128  -544.586
 20  11    162.2     65.8   0.3862   7.7232   0.0500   7.5128  -544.586
 20  12    161.6     66.4   0.2820   5.6395   0.0500   5.5238  -520.906
 20  13    161.8     66.2   0.3355   6.7103   0.0500   6.5625  -532.908
 20  14    161.9     66.1   0.3349   6.6981   0.0500   6.5417  -531.632
 20  15    162.4     65.6   0.3129   6.2570   0.0500   6.0707  -527.257
 20  16    162.4     65.6   0.3129   6.2570   0.0500   6.0707  -527.257
 20  17    162.4     65.6   0.3129   6.2570   0.0500   6.0707  -527.257
 20  18    161.3     66.7   0.1900   3.8007   0.0500   3.7376  -503.266
 20  19    161.2     66.8   0.1889   3.7781   0.0500   3.7230  -503.753
 21   1    163.3     64.7   0.3677   7.3533   0.0500   7.0510  -538.167
 21   2    164.0     64.0   0.4228   8.4568   0.0500   8.0391  -544.164
 21   3    164.1     63.9   0.4100   8.1999   0.0500   7.7803  -535.592
 21   4    163.9     64.1   0.4786   9.5715   0.0500   9.1096  -548.054
 21   5    164.2     63.8   0.4575   9.1497   0.0500   8.6741  -543.198
 21   6    164.2     63.8   0.4575   9.1497   0.0500   8.6741  -543.198
 21   7    163.8     64.2   0.4162   8.3241   0.0500   7.9326  -539.077
 21   8    163.8     64.2   0.4162   8.3241   0.0500   7.9326  -539.077
 21   9    163.1     64.9   0.4359   8.7176   0.0500   8.3765  -549.799
 21  10    163.5     64.5   0.4442   8.8837   0.0500   8.4934  -544.387
 21  11    163.5     64.5   0.4442   8.8837   0.0500   8.4934  -544.387
 21  12    163.0     65.0   0.2332   4.6634   0.0500   4.4872  -509.705
 21  13    163.2     64.8   0.3727   7.4539   0.0500   7.1573  -535.653
 21  14    163.3     64.7   0.3892   7.7845   0.0500   7.4649  -535.884
 21  15    163.8     64.2   0.3840   7.6795   0.0500   7.3152  -533.126
 21  16    163.8     64.2   0.3840   7.6795   0.0500   7.3152  -533.126
 21  17    163.8     64.2   0.3840   7.6795   0.0500   7.3152  -533.126
 21  18    162.7     65.3   0.2424   4.8481   0.0500   4.6845  -515.799
 21  19    162.5     65.5   0.2713   5.4264   0.0500   5.2550  -519.740
 21  20    162.6     65.4   0.2670   5.3402   0.0500   5.1669  -519.357
 22   1    163.1     64.9   0.4496   8.9911   0.0500   8.6375  -553.843
 22   2    163.9     64.1   0.3336   6.6714   0.0500   6.3469  -532.503
 22   3    164.1     63.9   0.3198   6.3958   0.0500   6.0686  -526.550
 22   4    163.8     64.2   0.3269   6.5381   0.0500   6.2259  -529.812
 22   5    164.1     63.9   0.3186   6.3711   0.0500   6.0433  -525.597
 22   6    164.1     63.9   0.3186   6.3711   0.0500   6.0433  -525.597
 22   7    163.7     64.3   0.3052   6.1033   0.0500   5.8215  -525.873
 22   8    163.7     64.3   0.3052   6.1033   0.0500   5.8215  -525.873
 22   9    163.0     65.0   0.3565   7.1296   0.0500   6.8606  -537.911
 22  10    163.4     64.6   0.3625   7.2500   0.0500   6.9409  -535.246
 22  11    163.4     64.6   0.3625   7.2500   0.0500   6.9409  -535.246
 22  12    162.9     65.1   0.1459   2.9189   0.0500   2.8136  -496.602
 22  13    163.1     64.9   0.3168   6.3365   0.0500   6.0909  -530.260
 22  14    163.2     64.8   0.3418   6.8361   0.0500   6.5625  -531.541
 22  15    163.7     64.3   0.3264   6.5279   0.0500   6.2235  -527.472
 22  16    163.7     64.3   0.3264   6.5279   0.0500   6.2235  -527.472
 22  17    163.7     64.3   0.3264   6.5279   0.0500   6.2235  -527.472
 22  18    162.6     65.4   0.2446   4.8914   0.0500   4.7347  -514.885
 22  19    162.4     65.6   0.2757   5.5139   0.0500   5.3513  -520.007
 22  20    162.5     65.5   0.2435   4.8708   0.0500   4.7194  -512.185
 22  21    163.9     64.1   0.2053   4.1058   0.0500   3.9061  -499.435
 23   1    163.1     64.9   0.4496   8.9911   0.0500   8.6375  -553.843
 23   2    163.9     64.1   0.3336   6.6714   0.0500   6.3469  -532.503
 23   3    164.1     63.9   0.3198   6.3958   0.0500   6.0686  -526.550
 23   4    163.8     64.2   0.3269   6.5381   0.0500   6.2259  -529.812
 23   5    164.1     63.9   0.3186   6.3711   0.0500   6.0433  -525.597
 23   6    164.1     63.9   0.3186   6.3711   0.0500   6.0433  -525.597
 23   7    163.7     64.3   0.3052   6.1033   0.0500   5.8215  -525.873
 23   8    163.7     64.3   0.3052   6.1033   0.0500   5.8215  -525.873
 23   9    163.0     65.0   0.3565   7.1296   0.0500   6.8606  -537.911
 23  10    163.4     64.6   0.3625   7.2500   0.0500   6.9409  -535.246
 23  11    163.4     64.6   0.3625   7.2500   0.0500   6.9409  -535.246
 23  12    162.9     65.1   0.1459   2.9189   0.0500   2.8136  -496.602
 23  13    163.1     64.9   0.3168   6.3365   0.0500   6.0909  -530.260
 23  14    163.2     64.8   0.3418   6.8361   0.0500   6.5625  -531.541
 23  15    163.7     64.3   0.3264   6.5279   0.0500   6.2235  -527.472
 23  16    163.7     64.3   0.3264   6.5279   0.0500   6.2235  -527.472
 23  17    163.7     64.3   0.3264   6.5279   0.0500   6.2235  -527.472
 23  18    162.6     65.4   0.2446   4.8914   0.0500   4.7347  -514.885
 23  19    162.4     65.6   0.2757   5.5139   0.0500   5.3513  -520.007
 23  20    162.5     65.5   0.2435   4.8708   0.0500   4.7194  -512.185
 23  21    163.9     64.1   0.2053   4.1058   0.0500   3.9061  -499.435
 23  22    163.8     64.2   0.0000   0.0000   0.0500   0.0000  -306.459
 24   1    162.7     65.3   0.4449   8.8983   0.0500   8.5951  -552.328
 24   2    163.4     64.6   0.3342   6.6843   0.0500   6.3996  -529.977
 24   3    163.5     64.5   0.3625   7.2490   0.0500   6.9276  -530.497
 24   4    163.3     64.7   0.3946   7.8926   0.0500   7.5634  -539.546
 24   5    163.6     64.4   0.3338   6.6764   0.0500   6.3758  -525.667
 24   6    163.6     64.4   0.3338   6.6764   0.0500   6.3758  -525.667
 24   7    163.3     64.7   0.3318   6.6367   0.0500   6.3666  -526.482
 24   8    163.3     64.7   0.3318   6.6367   0.0500   6.3666  -526.482
 24   9    162.6     65.4   0.3593   7.1865   0.0500   6.9521  -537.534
 24  10    163.0     65.0   0.3206   6.4110   0.0500   6.1719  -527.745
 24  11    163.0     65.0   0.3206   6.4110   0.0500   6.1719  -527.745
 24  12    162.4     65.6   0.1365   2.7296   0.0500   2.6473  -488.950
 24  13    162.6     65.4   0.2621   5.2413   0.0500   5.0713  -521.519
 24  14    162.7     65.3   0.2910   5.8194   0.0500   5.6235  -523.839
 24  15    163.2     64.8   0.2756   5.5112   0.0500   5.2917  -519.222
 24  16    163.2     64.8   0.2756   5.5112   0.0500   5.2917  -519.222
 24  17    163.2     64.8   0.2756   5.5112   0.0500   5.2917  -519.222
 24  18    162.1     65.9   0.2203   4.4068   0.0500   4.2885  -510.288
 24  19    162.0     66.0   0.2142   4.2835   0.0500   4.1788  -508.610
 24  20    162.1     65.9   0.2398   4.7953   0.0500   4.6720  -511.142
 24  21    163.4     64.6   0.2110   4.2200   0.0500   4.0402  -505.461
 24  22    163.3     64.7   0.0959   1.9170   0.0500   1.8384  -464.036
 24  23    163.3     64.7   0.0959   1.9170   0.0500   1.8384  -464.036
 25   1    163.1     64.9   0.4059   8.1185   0.0500   7.8090  -547.841
 25   2    163.8     64.2   0.3462   6.9233   0.0500   6.5960  -533.085
 25   3    164.0     64.0   0.3383   6.7662   0.0500   6.4303  -524.980
 25   4    163.7     64.3   0.3119   6.2372   0.0500   5.9480  -525.918
 25   5    164.0     64.0   0.3068   6.1354   0.0500   5.8285  -521.873
 25   6    164.0     64.0   0.3068   6.1354   0.0500   5.8285  -521.873
 25   7    163.6     64.4   0.2950   5.9006   0.0500   5.6357  -521.994
 25   8    163.6     64.4   0.2950   5.9006   0.0500   5.6357  -521.994
 25   9    162.9     65.1   0.3862   7.7244   0.0500   7.4423  -541.859
 25  10    163.3     64.7   0.3437   6.8746   0.0500   6.5899  -530.143
 25  11    163.3     64.7   0.3437   6.8746   0.0500   6.5899  -530.143
 25  12    162.8     65.2   0.2197   4.3934   0.0500   4.2407  -506.411
 25  13    163.0     65.0   0.3132   6.2635   0.0500   6.0296  -527.966
 25  14    163.1     64.9   0.2947   5.8933   0.0500   5.6659  -522.592
 25  15    163.6     64.4   0.2971   5.9429   0.0500   5.6746  -520.817
 25  16    163.6     64.4   0.2971   5.9429   0.0500   5.6746  -520.817
 25  17    163.6     64.4   0.2971   5.9429   0.0500   5.6746  -520.817
 25  18    162.5     65.5   0.1789   3.5779   0.0500   3.4676  -498.652
 25  19    162.3     65.7   0.1914   3.8283   0.0500   3.7199  -504.209
 25  20    162.4     65.6   0.1782   3.5647   0.0500   3.4584  -502.160
 25  21    163.8     64.2   0.1924   3.8479   0.0500   3.6660  -495.044
 25  22    163.7     64.3   0.1263   2.5259   0.0500   2.4088  -473.588
 25  23    163.7     64.3   0.1263   2.5259   0.0500   2.4088  -473.588
 25  24    163.2     64.8   0.1200   2.3993   0.0500   2.3040  -472.420
 26   1    162.5     65.5   0.4879   9.7578   0.0500   9.4474  -555.692
 26   2    163.2     64.8   0.3962   7.9248   0.0500   7.6086  -536.127
 26   3    163.3     64.7   0.2754   5.5082   0.0500   5.2813  -514.366
 26   4    163.1     64.9   0.3224   6.4489   0.0500   6.1981  -525.608
 26   5    163.4     64.6   0.2751   5.5015   0.0500   5.2694  -517.656
 26   6    163.4     64.6   0.2751   5.5015   0.0500   5.2694  -517.656
 26   7    163.0     65.0   0.2426   4.8523   0.0500   4.6674  -511.607
 26   8    163.0     65.0   0.2426   4.8523   0.0500   4.6674  -511.607
 26   9    162.4     65.6   0.2921   5.8423   0.0500   5.6658  -528.248
 26  10    162.8     65.2   0.2989   5.9776   0.0500   5.7690  -522.579
 26  11    162.8     65.2   0.2989   5.9776   0.0500   5.7690  -522.579
 26  12    162.2     65.8   0.2278   4.5568   0.0500   4.4305  -509.958
 26  13    162.4     65.6   0.3549   7.0990   0.0500   6.8886  -537.638
 26  14    162.5     65.5   0.3205   6.4098   0.0500   6.2119  -532.854
 26  15    163.0     65.0   0.3210   6.4203   0.0500   6.1831  -531.143
 26  16    163.0     65.0   0.3210   6.4203   0.0500   6.1831  -531.143
 26  17    163.0     65.0   0.3210   6.4203   0.0500   6.1831  -531.143
 26  18    162.0     66.0   0.2310   4.6196   0.0500   4.5066  -515.855
 26  19    161.8     66.2   0.2632   5.2636   0.0500   5.1466  -522.315
 26  20    161.9     66.1   0.2505   5.0093   0.0500   4.8933  -519.248
 26  21    163.2     64.8   0.2394   4.7871   0.0500   4.5961  -513.481
 26  22    163.1     64.9   0.2936   5.8715   0.0500   5.6476  -522.647
 26  23    163.1     64.9   0.2936   5.8715   0.0500   5.6476  -522.647
 26  24    162.6     65.4   0.3005   6.0106   0.0500   5.8129  -523.337
 26  25    163.0     65.0   0.1892   3.7840   0.0500   3.6442  -499.694
 27   1    162.5     65.5   0.4879   9.7578   0.0500   9.4474  -555.692
 27   2    163.2     64.8   0.3962   7.9248   0.0500   7.6086  -536.127
 27   3    163.3     64.7   0.2754   5.5082   0.0500   5.2813  -514.366
 27   4    163.1     64.9   0.3224   6.4489   0.0500   6.1981  -525.608
 27   5    163.4     64.6   0.2751   5.5015   0.0500   5.2694  -517.656
 27   6    163.4     64.6   0.2751   5.5015   0.0500   5.2694  -517.656
 27   7    163.0     65.0   0.2426   4.8523   0.0500   4.6674  -511.607
 27   8    163.0     65.0   0.2426   4.8523   0.0500   4.6674  -511.607
 27   9    162.4     65.6   0.2921   5.8423   0.0500   5.6658  -528.248
 27  10    162.8     65.2   0.2989   5.9776   0.0500   5.7690  -522.579
 27  11    162.8     65.2   0.2989   5.9776   0.0500   5.7690  -522.579
 27  12    162.2     65.8   0.2278   4.5568   0.0500   4.4305  -509.958
 27  13    162.4     65.6   0.3549   7.0990   0.0500   6.8886  -537.638
 27  14    162.5     65.5   0.3205   6.4098   0.0500   6.2119  -532.854
 27  15    163.0     65.0   0.3210   6.4203   0.0500   6.1831  -531.143
 27  16    163.0     65.0   0.3210   6.4203   0.0500   6.1831  -531.143
 27  17    163.0     65.0   0.3210   6.4203   0.0500   6.1831  -531.143
 27  18    162.0     66.0   0.2310   4.6196   0.0500   4.5066  -515.855
 27  19    161.8     66.2   0.2632   5.2636   0.0500   5.1466  -522.315
 27  20    161.9     66.1   0.2505   5.0093   0.0500   4.8933  -519.248
 27  21    163.2     64.8   0.2394   4.7871   0.0500   4.5961  -513.481
 27  22    163.1     64.9   0.2936   5.8715   0.0500   5.6476  -522.647
 27  23    163.1     64.9   0.2936   5.8715   0.0500   5.6476  -522.647
 27  24    162.6     65.4   0.3005   6.0106   0.0500   5.8129  -523.337
 27  25    163.0     65.0   0.1892   3.7840   0.0500   3.6442  -499.694
 27  26    162.4     65.6   0.0000   0.0000   0.0500   0.0000  -307.863
 28   1    162.9     65.1   0.4491   8.9826   0.0500   8.6583  -553.278
 28   2    163.5     64.5   0.4281   8.5627   0.0500   8.1828  -544.811
 28   3    163.7     64.3   0.3223   6.4458   0.0500   6.1497  -526.112
 28   4    163.5     64.5   0.3325   6.6506   0.0500   6.3629  -528.985
 28   5    163.7     64.3   0.3189   6.3776   0.0500   6.0787  -525.383
 28   6    163.7     64.3   0.3189   6.3776   0.0500   6.0787  -525.383
 28   7    163.4     64.6   0.2918   5.8355   0.0500   5.5893  -521.488
 28   8    163.4     64.6   0.2918   5.8355   0.0500   5.5893  -521.488
 28   9    162.7     65.3   0.3794   7.5878   0.0500   7.3282  -537.634
 28  10    163.1     64.9   0.3124   6.2483   0.0500   6.0045  -526.544
 28  11    163.1     64.9   0.3124   6.2483   0.0500   6.0045  -526.544
 28  12    162.6     65.4   0.2129   4.2571   0.0500   4.1188  -511.599
 28  13    162.8     65.2   0.2187   4.3741   0.0500   4.2234  -511.750
 28  14    162.9     65.1   0.2317   4.6344   0.0500   4.4689  -513.398
 28  15    163.4     64.6   0.2179   4.3589   0.0500   4.1757  -508.944
 28  16    163.4     64.6   0.2179   4.3589   0.0500   4.1757  -508.944
 28  17    163.4     64.6   0.2179   4.3589   0.0500   4.1757  -508.944
 28  18    162.3     65.7   0.2126   4.2515   0.0500   4.1296  -515.024
 28  19    162.1     65.9   0.2173   4.3454   0.0500   4.2304  -514.192
 28  20    162.2     65.8   0.2440   4.8798   0.0500   4.7463  -508.363
 28  21    163.5     64.5   0.2623   5.2461   0.0500   5.0134  -515.726
 28  22    163.5     64.5   0.1580   3.1591   0.0500   3.0225  -489.040
 28  23    163.5     64.5   0.1580   3.1591   0.0500   3.0225  -489.040
 28  24    163.0     65.0   0.1429   2.8578   0.0500   2.7507  -484.154
 28  25    163.4     64.6   0.1977   3.9543   0.0500   3.7884  -498.002
 28  26    162.8     65.2   0.2010   4.0195   0.0500   3.8793  -503.839
 28  27    162.8     65.2   0.2010   4.0195   0.0500   3.8793  -503.839
 29   1    163.1     64.9   0.4358   8.7161   0.0500   8.3777  -549.553
 29   2    163.8     64.2   0.4334   8.6674   0.0500   8.2578  -545.897
 29   3    163.9     64.1   0.2841   5.6810   0.0500   5.4023  -519.382
 29   4    163.7     64.3   0.3282   6.5630   0.0500   6.2593  -527.471
 29   5    164.0     64.0   0.3044   6.0885   0.0500   5.7856  -520.006
 29   6    164.0     64.0   0.3044   6.0885   0.0500   5.7856  -520.006
 29   7    163.6     64.4   0.2650   5.2992   0.0500   5.0600  -514.184
 29   8    163.6     64.4   0.2650   5.2992   0.0500   5.0600  -514.184
 29   9    163.0     65.0   0.3259   6.5173   0.0500   6.2751  -529.937
 29  10    163.4     64.6   0.2987   5.9738   0.0500   5.7236  -521.254
 29  11    163.4     64.6   0.2987   5.9738   0.0500   5.7236  -521.254
 29  12    162.8     65.2   0.2205   4.4092   0.0500   4.2540  -508.701
 29  13    163.0     65.0   0.2733   5.4653   0.0500   5.2608  -516.596
 29  14    163.1     64.9   0.2622   5.2438   0.0500   5.0411  -516.908
 29  15    163.6     64.4   0.2648   5.2954   0.0500   5.0577  -514.922
 29  16    163.6     64.4   0.2648   5.2954   0.0500   5.0577  -514.922
 29  17    163.6     64.4   0.2648   5.2954   0.0500   5.0577  -514.922
 29  18    162.5     65.5   0.2534   5.0680   0.0500   4.9079  -519.823
 29  19    162.3     65.7   0.2270   4.5404   0.0500   4.4074  -514.748
 29  20    162.4     65.6   0.2126   4.2520   0.0500   4.1226  -508.520
 29  21    163.8     64.2   0.1996   3.9916   0.0500   3.8030  -503.964
 29  22    163.7     64.3   0.1796   3.5929   0.0500   3.4274  -497.633
 29  23    163.7     64.3   0.1796   3.5929   0.0500   3.4274  -497.633
 29  24    163.2     64.8   0.2139   4.2771   0.0500   4.1053  -500.268
 29  25    163.6     64.4   0.2189   4.3779   0.0500   4.1820  -502.708
 29  26    163.0     65.0   0.1664   3.3286   0.0500   3.2032  -498.053
 29  27    163.0     65.0   0.1664   3.3286   0.0500   3.2032  -498.053
 29  28    163.4     64.6   0.0642   1.2834   0.0500   1.2292  -453.284
 30   1    163.1     64.9   0.4358   8.7161   0.0500   8.3777  -549.553
 30   2    163.8     64.2   0.4334   8.6674   0.0500   8.2578  -545.897
 30   3    163.9     64.1   0.2841   5.6810   0.0500   5.4023  -519.382
 30   4    163.7     64.3   0.3282   6.5630   0.0500   6.2593  -527.471
 30   5    164.0     64.0   0.3044   6.0885   0.0500   5.7856  -520.006
 30   6    164.0     64.0   0.3044   6.0885   0.0500   5.7856  -520.006
 30   7    163.6     64.4   0.2650   5.2992   0.0500   5.0600  -514.184
 30   8    163.6     64.4   0.2650   5.2992   0.0500   5.0600  -514.184
 30   9    163.0     65.0   0.3259   6.5173   0.0500   6.2751  -529.937
 30  10    163.4     64.6   0.2987   5.9738   0.0500   5.7236  -521.254
 30  11    163.4     64.6   0.2987   5.9738   0.0500   5.7236  -521.254
 30  12    162.8     65.2   0.2205   4.4092   0.0500   4.2540  -508.701
 30  13    163.0     65.0   0.2733   5.4653   0.0500   5.2608  -516.596
 30  14    163.1     64.9   0.2622   5.2438   0.0500   5.0411  -516.908
 30  15    163.6     64.4   0.2648   5.2954   0.0500   5.0577  -514.922
 30  16    163.6     64.4   0.2648   5.2954   0.0500   5.0577  -514.922
 30  17    163.6     64.4   0.2648   5.2954   0.0500   5.0577  -514.922
 30  18    162.5     65.5   0.2534   5.0680   0.0500   4.9079  -519.823
 30  19    162.3     65.7   0.2270   4.5404   0.0500   4.4074  -514.748
 30  20    162.4     65.6   0.2126   4.2520   0.0500   4.1226  -508.520
 30  21    163.8     64.2   0.1996   3.9916   0.0500   3.8030  -503.964
 30  22    163.7     64.3   0.1796   3.5929   0.0500   3.4274  -497.633
 30  23    163.7     64.3   0.1796   3.5929   0.0500   3.4274  -497.633
 30  24    163.2     64.8   0.2139   4.2771   0.0500   4.1053  -500.268
 30  25    163.6     64.4   0.2189   4.3779   0.0500   4.1820  -502.708
 30  26    163.0     65.0   0.1664   3.3286   0.0500   3.2032  -498.053
 30  27    163.0     65.0   0.1664   3.3286   0.0500   3.2032  -498.053
 30  28    163.4     64.6   0.0642   1.2834   0.0500   1.2292  -453.284
 30  29    163.6     64.4   0.0000   0.0000   0.0500   0.0000  -306.145
 31   1    162.7     65.3   0.3763   7.5252   0.0500   7.2716  -540.913
 31   2    163.3     64.7   0.4362   8.7242   0.0500   8.3595  -547.245
 31   3    163.5     64.5   0.2525   5.0508   0.0500   4.8328  -513.826
 31   4    163.3     64.7   0.3089   6.1771   0.0500   5.9252  -526.677
 31   5    163.5     64.5   0.2849   5.6971   0.0500   5.4457  -516.283
 31   6    163.5     64.5   0.2849   5.6971   0.0500   5.4457  -516.283
 31   7    163.2     64.8   0.2534   5.0688   0.0500   4.8664  -511.615
 31   8    163.2     64.8   0.2534   5.0688   0.0500   4.8664  -511.615
 31   9    162.6     65.4   0.3461   6.9211   0.0500   6.6995  -533.163
 31  10    162.9     65.1   0.2459   4.9180   0.0500   4.7374  -510.911
 31  11    162.9     65.1   0.2459   4.9180   0.0500   4.7374  -510.911
 31  12    162.4     65.6   0.1886   3.7725   0.0500   3.6603  -501.892
 31  13    162.5     65.5   0.2129   4.2586   0.0500   4.1238  -507.516
 31  14    162.6     65.4   0.1853   3.7057   0.0500   3.5837  -500.742
 31  15    163.1     64.9   0.1974   3.9479   0.0500   3.7939  -500.977
 31  16    163.1     64.9   0.1974   3.9479   0.0500   3.7939  -500.977
 31  17    163.1     64.9   0.1974   3.9479   0.0500   3.7939  -500.977
 31  18    162.1     65.9   0.2132   4.2645   0.0500   4.1521  -512.856
 31  19    161.9     66.1   0.2265   4.5302   0.0500   4.4209  -516.318
 31  20    162.0     66.0   0.1946   3.8916   0.0500   3.7941  -501.617
 31  21    163.3     64.7   0.2095   4.1901   0.0500   4.0149  -504.884
 31  22    163.2     64.8   0.1526   3.0529   0.0500   2.9302  -491.190
 31  23    163.2     64.8   0.1526   3.0529   0.0500   2.9302  -491.190
 31  24    162.8     65.2   0.2053   4.1061   0.0500   3.9630  -502.358
 31  25    163.1     64.9   0.1948   3.8959   0.0500   3.7441  -494.153
 31  26    162.6     65.4   0.1878   3.7552   0.0500   3.6332  -501.209
 31  27    162.6     65.4   0.1878   3.7552   0.0500   3.6332  -501.209
 31  28    162.9     65.1   0.0675   1.3498   0.0500   1.3001  -456.018
 31  29    163.2     64.8   0.0457   0.9149   0.0500   0.8787  -434.701
 31  30    163.2     64.8   0.0457   0.9149   0.0500   0.8787  -434.701
 32   1    162.6     65.4   0.4721   9.4418   0.0500   9.1357  -556.889
 32   2    163.2     64.8   0.4319   8.6383   0.0500   8.2907  -548.484
 32   3    163.3     64.7   0.2503   5.0053   0.0500   4.7984  -523.238
 32   4    163.1     64.9   0.2951   5.9023   0.0500   5.6714  -528.852
 32   5    163.4     64.6   0.2744   5.4888   0.0500   5.2556  -522.223
 32   6    163.4     64.6   0.2744   5.4888   0.0500   5.2556  -522.223
 32   7    163.1     64.9   0.2368   4.7360   0.0500   4.5541  -515.607
 32   8    163.1     64.9   0.2368   4.7360   0.0500   4.5541  -515.607
 32   9    162.4     65.6   0.3610   7.2193   0.0500   6.9983  -539.899
 32  10    162.8     65.2   0.2588   5.1756   0.0500   4.9928  -521.466
 32  11    162.8     65.2   0.2588   5.1756   0.0500   4.9928  -521.466
 32  12    162.3     65.7   0.2321   4.6412   0.0500   4.5095  -517.553
 32  13    162.4     65.6   0.3034   6.0678   0.0500   5.8854  -528.991
 32  14    162.5     65.5   0.2961   5.9220   0.0500   5.7365  -527.105
 32  15    163.0     65.0   0.3051   6.1028   0.0500   5.8747  -526.810
 32  16    163.0     65.0   0.3051   6.1028   0.0500   5.8747  -526.810
 32  17    163.0     65.0   0.3051   6.1028   0.0500   5.8747  -526.810
 32  18    162.0     66.0   0.2144   4.2883   0.0500   4.1812  -514.044
 32  19    161.8     66.2   0.2070   4.1398   0.0500   4.0450  -514.269
 32  20    161.9     66.1   0.2248   4.4964   0.0500   4.3905  -510.706
 32  21    163.2     64.8   0.2797   5.5933   0.0500   5.3682  -518.528
 32  22    163.1     64.9   0.1772   3.5443   0.0500   3.4075  -501.500
 32  23    163.1     64.9   0.1772   3.5443   0.0500   3.4075  -501.500
 32  24    162.7     65.3   0.1969   3.9374   0.0500   3.8055  -501.890
 32  25    163.0     65.0   0.1864   3.7273   0.0500   3.5878  -498.003
 32  26    162.5     65.5   0.1942   3.8846   0.0500   3.7634  -502.041
 32  27    162.5     65.5   0.1942   3.8846   0.0500   3.7634  -502.041
 32  28    162.8     65.2   0.0699   1.3981   0.0500   1.3487  -454.966
 32  29    163.1     64.9   0.0447   0.8946   0.0500   0.8605  -446.261
 32  30    163.1     64.9   0.0447   0.8946   0.0500   0.8605  -446.261
 32  31    162.6     65.4   0.0577   1.1533   0.0500   1.1152  -456.727
 33   1    162.0     66.0   0.3995   7.9896   0.0500   7.7943  -549.018
 33   2    162.6     65.4   0.4250   8.5006   0.0500   8.2247  -549.869
 33   3    162.7     65.3   0.3040   6.0808   0.0500   5.8771  -523.828
 33   4    162.5     65.5   0.3277   6.5538   0.0500   6.3496  -534.227
 33   5    162.8     65.2   0.3337   6.6735   0.0500   6.4408  -530.955
 33   6    162.8     65.2   0.3337   6.6735   0.0500   6.4408  -530.955
 33   7    162.4     65.6   0.2982   5.9633   0.0500   5.7823  -525.262
 33   8    162.4     65.6   0.2982   5.9633   0.0500   5.7823  -525.262
 33   9    161.8     66.2   0.3223   6.4453   0.0500   6.3017  -536.443
 33  10    162.2     65.8   0.3109   6.2182   0.0500   6.0488  -528.536
 33  11    162.2     65.8   0.3109   6.2182   0.0500   6.0488  -528.536
 33  12    161.6     66.4   0.1799   3.5974   0.0500   3.5236  -504.313
 33  13    161.8     66.2   0.2584   5.1676   0.0500   5.0538  -517.596
 33  14    161.9     66.1   0.2976   5.9526   0.0500   5.8136  -523.801
 33  15    162.4     65.6   0.2841   5.6825   0.0500   5.5133  -520.301
 33  16    162.4     65.6   0.2841   5.6825   0.0500   5.5133  -520.301
 33  17    162.4     65.6   0.2841   5.6825   0.0500   5.5133  -520.301
 33  18    161.3     66.7   0.2096   4.1922   0.0500   4.1226  -511.202
 33  19    161.2     66.8   0.2109   4.2174   0.0500   4.1559  -511.329
 33  20    161.2     66.8   0.1969   3.9385   0.0500   3.8793  -510.937
 33  21    162.6     65.4   0.1686   3.3715   0.0500   3.2620  -500.520
 33  22    162.5     65.5   0.1448   2.8950   0.0500   2.8051  -491.941
 33  23    162.5     65.5   0.1448   2.8950   0.0500   2.8051  -491.941
 33  24    162.1     65.9   0.1332   2.6648   0.0500   2.5963  -490.516
 33  25    162.4     65.6   0.1708   3.4163   0.0500   3.3144  -496.309
 33  26    161.9     66.1   0.2188   4.3768   0.0500   4.2755  -511.801
 33  27    161.9     66.1   0.2188   4.3768   0.0500   4.2755  -511.801
 33  28    162.2     65.8   0.1463   2.9250   0.0500   2.8451  -492.649
 33  29    162.4     65.6   0.1577   3.1540   0.0500   3.0581  -488.062
 33  30    162.4     65.6   0.1577   3.1540   0.0500   3.0581  -488.062
 33  31    162.0     66.0   0.1594   3.1874   0.0500   3.1076  -489.925
 33  32    161.9     66.1   0.1082   2.1634   0.0500   2.1125  -485.319
 34   1    162.0     66.0   0.3995   7.9896   0.0500   7.7943  -549.018
 34   2    162.6     65.4   0.4250   8.5006   0.0500   8.2247  -549.869
 34   3    162.7     65.3   0.3040   6.0808   0.0500   5.8771  -523.828
 34   4    162.5     65.5   0.3277   6.5538   0.0500   6.3496  -534.227
 34   5    162.8     65.2   0.3337   6.6735   0.0500   6.4408  -530.955
 34   6    162.8     65.2   0.3337   6.6735   0.0500   6.4408  -530.955
 34   7    162.4     65.6   0.2982   5.9633   0.0500   5.7823  -525.262
 34   8    162.4     65.6   0.2982   5.9633   0.0500   5.7823  -525.262
 34   9    161.8     66.2   0.3223   6.4453   0.0500   6.3017  -536.443
 34  10    162.2     65.8   0.3109   6.2182   0.0500   6.0488  -528.536
 34  11    162.2     65.8   0.3109   6.2182   0.0500   6.0488  -528.536
 34  12    161.6     66.4   0.1799   3.5974   0.0500   3.5236  -504.313
 34  13    161.8     66.2   0.2584   5.1676   0.0500   5.0538  -517.596
 34  14    161.9     66.1   0.2976   5.9526   0.0500   5.8136  -523.801
 34  15    162.4     65.6   0.2841   5.6825   0.0500   5.5133  -520.301
 34  16    162.4     65.6   0.2841   5.6825   0.0500   5.5133  -520.301
 34  17    162.4     65.6   0.2841   5.6825   0.0500   5.5133  -520.301
 34  18    161.3     66.7   0.2096   4.1922   0.0500   4.1226  -511.202
 34  19    161.2     66.8   0.2109   4.2174   0.0500   4.1559  -511.329
 34  20    161.2     66.8   0.1969   3.9385   0.0500   3.8793  -510.937
 34  21    162.6     65.4   0.1686   3.3715   0.0500   3.2620  -500.520
 34  22    162.5     65.5   0.1448   2.8950   0.0500   2.8051  -491.941
 34  23    162.5     65.5   0.1448   2.8950   0.0500   2.8051  -491.941
 34  24    162.1     65.9   0.1332   2.6648   0.0500   2.5963  -490.516
 34  25    162.4     65.6   0.1708   3.4163   0.0500   3.3144  -496.309
 34  26    161.9     66.1   0.2188   4.3768   0.0500   4.2755  -511.801
 34  27    161.9     66.1   0.2188   4.3768   0.0500   4.2755  -511.801
 34  28    162.2     65.8   0.1463   2.9250   0.0500   2.8451  -492.649
 34  29    162.4     65.6   0.1577   3.1540   0.0500   3.0581  -488.062
 34  30    162.4     65.6   0.1577   3.1540   0.0500   3.0581  -488.062
 34  31    162.0     66.0   0.1594   3.1874   0.0500   3.1076  -489.925
 34  32    161.9     66.1   0.1082   2.1634   0.0500   2.1125  -485.319
 34  33    161.2     66.8   0.0000   0.0000   0.0500   0.0000  -308.944
 35   1    162.5     65.5   0.4649   9.2971   0.0500   9.0032  -553.663
 35   2    163.3     64.7   0.4482   8.9639   0.0500   8.5982  -546.894
 35   3    163.4     64.6   0.2810   5.6201   0.0500   5.3785  -515.399
 35   4    163.2     64.8   0.3441   6.8812   0.0500   6.6068  -532.601
 35   5    163.5     64.5   0.2872   5.7442   0.0500   5.4941  -523.187
 35   6    163.5     64.5   0.2872   5.7442   0.0500   5.4941  -523.187
 35   7    163.1     64.9   0.2493   4.9851   0.0500   4.7932  -517.478
 35   8    163.1     64.9   0.2493   4.9851   0.0500   4.7932  -517.478
 35   9    162.4     65.6   0.3465   6.9292   0.0500   6.7216  -541.703
 35  10    162.8     65.2   0.2807   5.6140   0.0500   5.4179  -525.184
 35  11    162.8     65.2   0.2807   5.6140   0.0500   5.4179  -525.184
 35  12    162.2     65.8   0.1278   2.5562   0.0500   2.4845  -490.928
 35  13    162.4     65.6   0.2739   5.4783   0.0500   5.3111  -520.749
 35  14    162.5     65.5   0.2848   5.6959   0.0500   5.5147  -521.046
 35  15    163.1     64.9   0.2882   5.7632   0.0500   5.5417  -519.158
 35  16    163.1     64.9   0.2882   5.7632   0.0500   5.5417  -519.158
 35  17    163.1     64.9   0.2882   5.7632   0.0500   5.5417  -519.158
 35  18    161.9     66.1   0.2145   4.2906   0.0500   4.1872  -508.728
 35  19    161.7     66.3   0.2054   4.1072   0.0500   4.0184  -512.345
 35  20    161.8     66.2   0.2197   4.3936   0.0500   4.2924  -510.634
 35  21    163.3     64.7   0.2680   5.3594   0.0500   5.1407  -512.126
 35  22    163.2     64.8   0.2142   4.2831   0.0500   4.1132  -508.367
 35  23    163.2     64.8   0.2142   4.2831   0.0500   4.1132  -508.367
 35  24    162.7     65.3   0.1984   3.9688   0.0500   3.8372  -503.523
 35  25    163.1     64.9   0.1735   3.4707   0.0500   3.3380  -493.994
 35  26    162.4     65.6   0.1890   3.7802   0.0500   3.6654  -492.956
 35  27    162.4     65.6   0.1890   3.7802   0.0500   3.6654  -492.956
 35  28    162.8     65.2   0.1896   3.7924   0.0500   3.6583  -496.156
 35  29    163.1     64.9   0.1855   3.7107   0.0500   3.5687  -493.323
 35  30    163.1     64.9   0.1855   3.7107   0.0500   3.5687  -493.323
 35  31    162.6     65.4   0.2068   4.1365   0.0500   4.0023  -499.516
 35  32    162.5     65.5   0.1084   2.1674   0.0500   2.1004  -473.888
 35  33    161.8     66.2   0.0948   1.8959   0.0500   1.8522  -479.778
 35  34    161.8     66.2   0.0948   1.8959   0.0500   1.8522  -479.778
 36   1    163.4     64.6   0.3848   7.6964   0.0500   7.3714  -540.741
 36   2    164.1     63.9   0.4388   8.7759   0.0500   8.3299  -542.186
 36   3    164.2     63.8   0.3560   7.1199   0.0500   6.7434  -526.442
 36   4    164.0     64.0   0.3652   7.3042   0.0500   6.9394  -533.002
 36   5    164.3     63.7   0.3642   7.2842   0.0500   6.8954  -530.721
 36   6    164.3     63.7   0.3642   7.2842   0.0500   6.8954  -530.721
 36   7    163.9     64.1   0.3264   6.5284   0.0500   6.2107  -525.584
 36   8    163.9     64.1   0.3264   6.5284   0.0500   6.2107  -525.584
 36   9    163.3     64.7   0.4330   8.6607   0.0500   8.3083  -547.305
 36  10    163.6     64.4   0.3359   6.7170   0.0500   6.4124  -527.820
 36  11    163.6     64.4   0.3359   6.7170   0.0500   6.4124  -527.820
 36  12    163.1     64.9   0.1633   3.2668   0.0500   3.1402  -491.600
 36  13    163.3     64.7   0.2190   4.3798   0.0500   4.1995  -507.177
 36  14    163.4     64.6   0.2232   4.4647   0.0500   4.2756  -505.572
 36  15    163.9     64.1   0.2307   4.6137   0.0500   4.3896  -504.590
 36  16    163.9     64.1   0.2307   4.6137   0.0500   4.3896  -504.590
 36  17    163.9     64.1   0.2307   4.6137   0.0500   4.3896  -504.590
 36  18    162.8     65.2   0.1898   3.7957   0.0500   3.6624  -499.599
 36  19    162.6     65.4   0.1977   3.9540   0.0500   3.8245  -504.308
 36  20    162.7     65.3   0.2548   5.0964   0.0500   4.9226  -507.601
 36  21    164.1     63.9   0.1510   3.0200   0.0500   2.8666  -490.041
 36  22    164.0     64.0   0.1603   3.2056   0.0500   3.0462  -488.849
 36  23    164.0     64.0   0.1603   3.2056   0.0500   3.0462  -488.849
 36  24    163.5     64.5   0.1606   3.2119   0.0500   3.0717  -494.089
 36  25    163.9     64.1   0.1497   2.9947   0.0500   2.8498  -483.890
 36  26    163.3     64.7   0.1913   3.8253   0.0500   3.6682  -491.353
 36  27    163.3     64.7   0.1913   3.8253   0.0500   3.6682  -491.353
 36  28    163.7     64.3   0.1205   2.4099   0.0500   2.2996  -481.846
 36  29    163.9     64.1   0.2316   4.6322   0.0500   4.4078  -500.858
 36  30    163.9     64.1   0.2316   4.6322   0.0500   4.4078  -500.858
 36  31    163.4     64.6   0.1619   3.2382   0.0500   3.0989  -482.337
 36  32    163.3     64.7   0.1765   3.5295   0.0500   3.3828  -491.785
 36  33    162.7     65.3   0.0561   1.1214   0.0500   1.0832  -459.507
 36  34    162.7     65.3   0.0561   1.1214   0.0500   1.0832  -459.507
 36  35    163.4     64.6   0.1146   2.2928   0.0500   2.1966  -474.059
 37   1    163.1     64.9   0.4022   8.0450   0.0500   7.7307  -546.832
 37   2    163.9     64.1   0.4307   8.6150   0.0500   8.1971  -540.813
 37   3    164.1     63.9   0.2991   5.9830   0.0500   5.6772  -520.676
 37   4    163.8     64.2   0.3274   6.5478   0.0500   6.2366  -529.647
 37   5    164.1     63.9   0.3347   6.6941   0.0500   6.3495  -528.621
 37   6    164.1     63.9   0.3347   6.6941   0.0500   6.3495  -528.621
 37   7    163.7     64.3   0.3097   6.1940   0.0500   5.9102  -525.916
 37   8    163.7     64.3   0.3097   6.1940   0.0500   5.9102  -525.916
 37   9    163.0     65.0   0.3917   7.8336   0.0500   7.5419  -543.928
 37  10    163.4     64.6   0.3373   6.7466   0.0500   6.4613  -533.374
 37  11    163.4     64.6   0.3373   6.7466   0.0500   6.4613  -533.374
 37  12    162.9     65.1   0.2172   4.3449   0.0500   4.1884  -506.755
 37  13    163.1     64.9   0.2471   4.9425   0.0500   4.7515  -513.608
 37  14    163.2     64.8   0.2608   5.2159   0.0500   5.0076  -515.930
 37  15    163.7     64.3   0.2702   5.4045   0.0500   5.1517  -515.584
 37  16    163.7     64.3   0.2702   5.4045   0.0500   5.1517  -515.584
 37  17    163.7     64.3   0.2702   5.4045   0.0500   5.1517  -515.584
 37  18    162.5     65.5   0.2013   4.0256   0.0500   3.8985  -506.162
 37  19    162.3     65.7   0.2294   4.5881   0.0500   4.4547  -514.663
 37  20    162.4     65.6   0.2505   5.0097   0.0500   4.8566  -510.246
 37  21    163.9     64.1   0.1625   3.2503   0.0500   3.0926  -489.989
 37  22    163.8     64.2   0.2128   4.2557   0.0500   4.0514  -498.949
 37  23    163.8     64.2   0.2128   4.2557   0.0500   4.0514  -498.949
 37  24    163.3     64.7   0.1736   3.4716   0.0500   3.3296  -494.607
 37  25    163.7     64.3   0.1070   2.1392   0.0500   2.0398  -473.367
 37  26    163.0     65.0   0.1969   3.9383   0.0500   3.7893  -493.951
 37  27    163.0     65.0   0.1969   3.9383   0.0500   3.7893  -493.951
 37  28    163.4     64.6   0.1698   3.3956   0.0500   3.2495  -489.775
 37  29    163.7     64.3   0.2228   4.4560   0.0500   4.2511  -499.142
 37  30    163.7     64.3   0.2228   4.4560   0.0500   4.2511  -499.142
 37  31    163.2     64.8   0.2039   4.0774   0.0500   3.9146  -499.125
 37  32    163.1     64.9   0.1414   2.8288   0.0500   2.7207  -484.605
 37  33    162.4     65.6   0.0488   0.9769   0.0500   0.9470  -453.110
 37  34    162.4     65.6   0.0488   0.9769   0.0500   0.9470  -453.110
 37  35    163.2     64.8   0.0951   1.9012   0.0500   1.8257  -468.624
 37  36    164.0     64.0   0.0346   0.6914   0.0500   0.6569  -414.845
 38   1    163.2     64.8   0.4257   8.5133   0.0500   8.1688  -548.933
 38   2    163.9     64.1   0.3989   7.9778   0.0500   7.5854  -535.607
 38   3    164.1     63.9   0.3200   6.3991   0.0500   6.0711  -522.244
 38   4    163.8     64.2   0.3550   7.0998   0.0500   6.7596  -531.844
 38   5    164.2     63.8   0.3384   6.7677   0.0500   6.4155  -526.961
 38   6    164.2     63.8   0.3384   6.7677   0.0500   6.4155  -526.961
 38   7    163.7     64.3   0.3140   6.2798   0.0500   5.9884  -523.761
 38   8    163.7     64.3   0.3140   6.2798   0.0500   5.9884  -523.761
 38   9    163.1     64.9   0.3957   7.9131   0.0500   7.6110  -542.132
 38  10    163.5     64.5   0.3385   6.7696   0.0500   6.4769  -530.346
 38  11    163.5     64.5   0.3385   6.7696   0.0500   6.4769  -530.346
 38  12    163.0     65.0   0.1586   3.1723   0.0500   3.0532  -487.007
 38  13    163.2     64.8   0.2356   4.7121   0.0500   4.5255  -511.435
 38  14    163.3     64.7   0.2733   5.4662   0.0500   5.2426  -517.945
 38  15    163.8     64.2   0.2635   5.2698   0.0500   5.0183  -513.973
 38  16    163.8     64.2   0.2635   5.2698   0.0500   5.0183  -513.973
 38  17    163.8     64.2   0.2635   5.2698   0.0500   5.0183  -513.973
 38  18    162.6     65.4   0.1919   3.8384   0.0500   3.7123  -503.219
 38  19    162.5     65.5   0.1850   3.6992   0.0500   3.5857  -506.193
 38  20    162.5     65.5   0.2009   4.0186   0.0500   3.8920  -499.299
 38  21    163.9     64.1   0.1584   3.1688   0.0500   3.0129  -489.952
 38  22    163.9     64.1   0.1580   3.1602   0.0500   3.0054  -486.627
 38  23    163.9     64.1   0.1580   3.1602   0.0500   3.0054  -486.627
 38  24    163.4     64.6   0.1472   2.9435   0.0500   2.8190  -483.602
 38  25    163.8     64.2   0.1669   3.3389   0.0500   3.1804  -489.787
 38  26    163.1     64.9   0.1867   3.7342   0.0500   3.5877  -491.380
 38  27    163.1     64.9   0.1867   3.7342   0.0500   3.5877  -491.380
 38  28    163.5     64.5   0.1572   3.1437   0.0500   3.0056  -484.348
 38  29    163.8     64.2   0.1953   3.9059   0.0500   3.7221  -491.746
 38  30    163.8     64.2   0.1953   3.9059   0.0500   3.7221  -491.746
 38  31    163.3     64.7   0.1826   3.6519   0.0500   3.5014  -492.951
 38  32    163.2     64.8   0.1460   2.9194   0.0500   2.8043  -487.211
 38  33    162.5     65.5   0.0462   0.9246   0.0500   0.8954  -449.563
 38  34    162.5     65.5   0.0462   0.9246   0.0500   0.8954  -449.563
 38  35    163.3     64.7   0.1157   2.3131   0.0500   2.2186  -467.658
 38  36    164.1     63.9   0.0343   0.6865   0.0500   0.6516  -420.216
 38  37    163.9     64.1   0.0202   0.4035   0.0500   0.3838  -393.306

