Supplemental results for CODEML (seqf: /gpfs/scratch/cltucker/EBH381-Group-Project/SIV_aligned_ENV.fas  treef: )


pairwise comparison (Goldman & Yang 1994)
seq seq        N       S       dN       dS     dN/dS   Paras.
  2   1    934.6    304.4   0.3340  66.8057   0.0050  50.0000 -2862.918
  3   1    928.9    310.1   0.3200  63.9984   0.0050  48.7658 -2856.684
  3   2    930.6    308.4   0.2383  47.6684   0.0050  36.1335 -2734.697
  4   1    931.3    307.7   0.3227  64.5443   0.0050  48.8142 -2848.061
  4   2    933.0    306.0   0.2450  49.0069   0.0050  36.8640 -2738.113
  4   3    927.3    311.7   0.1731  34.6269   0.0050  26.5217 -2626.865
  5   1    932.5    306.5   0.3110  62.2063   0.0050  46.8718 -2832.230
  5   2    934.2    304.8   0.2202  44.0410   0.0050  32.9958 -2690.844
  5   3    928.5    310.5   0.1735  34.6946   0.0050  26.4722 -2623.882
  5   4    931.0    308.0   0.1615  32.2910   0.0050  24.4466 -2588.719
  6   1    932.5    306.5   0.3110  62.2063   0.0050  46.8718 -2832.230
  6   2    934.2    304.8   0.2202  44.0410   0.0050  32.9958 -2690.844
  6   3    928.5    310.5   0.1735  34.6946   0.0050  26.4722 -2623.882
  6   4    931.0    308.0   0.1615  32.2910   0.0050  24.4466 -2588.719
  6   5    932.3    306.7   0.0000   0.0000   0.0050   0.0000 -1656.102
  7   1    931.8    307.2   0.3139  62.7807   0.0050  47.4005 -2835.088
  7   2    933.6    305.4   0.2175  43.5075   0.0050  32.6639 -2693.128
  7   3    927.9    311.1   0.1815  36.2958   0.0050  27.7502 -2640.399
  7   4    930.3    308.7   0.1635  32.6905   0.0050  24.8001 -2594.767
  7   5    931.6    307.4   0.0024   0.4847   0.0050   0.3662 -2281.252
  7   6    931.6    307.4   0.0024   0.4847   0.0050   0.3662 -2281.252
  8   1    931.8    307.2   0.3139  62.7807   0.0050  47.4005 -2835.088
  8   2    933.6    305.4   0.2175  43.5075   0.0050  32.6639 -2693.128
  8   3    927.9    311.1   0.1815  36.2958   0.0050  27.7502 -2640.399
  8   4    930.3    308.7   0.1635  32.6905   0.0050  24.8001 -2594.767
  8   5    931.6    307.4   0.0024   0.4847   0.0050   0.3662 -2281.252
  8   6    931.6    307.4   0.0024   0.4847   0.0050   0.3662 -2281.252
  8   7    931.0    308.0   0.0000   0.0000   0.0050   0.0000 -1658.130
  9   1    931.1    307.9   0.3019  60.3744   0.0050  45.6918 -2824.211
  9   2    932.8    306.2   0.2109  42.1780   0.0050  31.7452 -2686.689
  9   3    927.1    311.9   0.1751  35.0128   0.0050  26.8344 -2636.933
  9   4    929.5    309.5   0.1431  28.6201   0.0050  21.7669 -2560.615
  9   5    930.8    308.2   0.1143  22.8553   0.0050  17.3132 -2478.820
  9   6    930.8    308.2   0.1143  22.8553   0.0050  17.3132 -2478.820
  9   7    930.2    308.8   0.1121  22.4216   0.0050  17.0195 -2480.949
  9   8    930.2    308.8   0.1121  22.4216   0.0050  17.0195 -2480.949
 10   1    930.6    308.4   0.3071  61.4228   0.0050  46.5539 -2832.855
 10   2    932.4    306.6   0.2239  44.7765   0.0050  33.7515 -2710.440
 10   3    926.6    312.4   0.1770  35.4067   0.0050  27.1762 -2638.365
 10   4    929.1    309.9   0.1601  32.0147   0.0050  24.3848 -2590.865
 10   5    930.3    308.7   0.1088  21.7505   0.0050  16.5008 -2467.917
 10   6    930.3    308.7   0.1088  21.7505   0.0050  16.5008 -2467.917
 10   7    929.7    309.3   0.1090  21.7943   0.0050  16.5679 -2472.383
 10   8    929.7    309.3   0.1090  21.7943   0.0050  16.5679 -2472.383
 10   9    928.9    310.1   0.1144  22.8757   0.0050  17.4348 -2489.245
 11   1    930.6    308.4   0.3055  61.0942   0.0050  46.3049 -2831.056
 11   2    932.4    306.6   0.2224  44.4839   0.0050  33.5310 -2708.272
 11   3    926.6    312.4   0.1757  35.1343   0.0050  26.9671 -2635.970
 11   4    929.1    309.9   0.1588  31.7508   0.0050  24.1837 -2588.349
 11   5    930.3    308.7   0.1075  21.4978   0.0050  16.3091 -2464.986
 11   6    930.3    308.7   0.1075  21.4978   0.0050  16.3091 -2464.986
 11   7    929.7    309.3   0.1077  21.5406   0.0050  16.3751 -2469.455
 11   8    929.7    309.3   0.1077  21.5406   0.0050  16.3751 -2469.455
 11   9    928.9    310.1   0.1131  22.6210   0.0050  17.2407 -2486.390
 11  10    928.4    310.6   0.0000   0.0070   0.0050   0.0053 -1680.665
 12   1    929.9    309.1   0.3291  65.8226   0.0050  50.0000 -2961.365
 12   2    931.4    307.6   0.3307  66.1359   0.0050  50.0000 -2969.029
 12   3    925.9    313.1   0.3249  64.9829   0.0050  50.0000 -2986.504
 12   4    928.2    310.8   0.3273  65.4610   0.0050  50.0000 -2968.744
 12   5    929.4    309.6   0.3285  65.7050   0.0050  50.0000 -2959.596
 12   6    929.4    309.6   0.3285  65.7050   0.0050  50.0000 -2959.596
 12   7    928.7    310.3   0.3279  65.5700   0.0050  50.0000 -2976.187
 12   8    928.7    310.3   0.3279  65.5700   0.0050  50.0000 -2976.187
 12   9    928.0    311.0   0.3272  65.4300   0.0050  50.0000 -2957.886
 12  10    927.6    311.4   0.3267  65.3313   0.0050  50.0000 -2939.995
 12  11    927.6    311.4   0.3267  65.3313   0.0050  50.0000 -2938.235
 13   1    925.5    313.5   0.3246  64.9155   0.0050  50.0000 -2978.159
 13   2    926.9    312.1   0.3260  65.2018   0.0050  50.0000 -2993.688
 13   3    921.4    317.6   0.3204  64.0849   0.0050  50.0000 -2988.695
 13   4    923.7    315.3   0.3227  64.5423   0.0050  50.0000 -2986.637
 13   5    924.8    314.2   0.3238  64.7692   0.0050  50.0000 -2952.868
 13   6    924.8    314.2   0.3238  64.7692   0.0050  50.0000 -2952.868
 13   7    924.1    314.9   0.3232  64.6381   0.0050  50.0000 -2985.583
 13   8    924.1    314.9   0.3232  64.6381   0.0050  50.0000 -2985.583
 13   9    923.5    315.5   0.3226  64.5128   0.0050  50.0000 -2946.727
 13  10    923.0    316.0   0.3221  64.4159   0.0050  50.0000 -2959.484
 13  11    923.0    316.0   0.3221  64.4159   0.0050  50.0000 -2957.718
 13  12    922.2    316.8   0.1980  39.5993   0.0050  30.8208 -2686.681
 14   1    927.2    311.8   0.3263  65.2665   0.0050  50.0000 -2978.934
 14   2    928.7    310.3   0.3278  65.5696   0.0050  50.0000 -2990.311
 14   3    923.1    315.9   0.3222  64.4344   0.0050  50.0000 -2986.577
 14   4    925.5    313.5   0.3245  64.9030   0.0050  50.0000 -2991.990
 14   5    926.6    312.4   0.3257  65.1402   0.0050  50.0000 -2967.474
 14   6    926.6    312.4   0.3257  65.1402   0.0050  50.0000 -2967.474
 14   7    926.0    313.0   0.3250  65.0073   0.0050  50.0000 -2998.483
 14   8    926.0    313.0   0.3250  65.0073   0.0050  50.0000 -2998.483
 14   9    925.3    313.7   0.3244  64.8728   0.0050  50.0000 -2959.484
 14  10    924.8    314.2   0.3239  64.7752   0.0050  50.0000 -2963.314
 14  11    924.8    314.2   0.3239  64.7752   0.0050  50.0000 -2961.543
 14  12    923.9    315.1   0.2009  40.1892   0.0050  31.1106 -2683.556
 14  13    919.5    319.5   0.0012   0.2492   0.0050   0.1956 -2150.087
 15   1    926.3    312.7   0.3254  65.0743   0.0050  50.0000 -2980.135
 15   2    927.7    311.3   0.3268  65.3699   0.0050  50.0000 -3000.198
 15   3    922.2    316.8   0.3212  64.2437   0.0050  50.0000 -2991.017
 15   4    924.5    314.5   0.3235  64.7070   0.0050  50.0000 -2982.144
 15   5    925.6    313.4   0.3247  64.9395   0.0050  50.0000 -2978.208
 15   6    925.6    313.4   0.3247  64.9395   0.0050  50.0000 -2978.208
 15   7    925.0    314.0   0.3240  64.8075   0.0050  50.0000 -2990.549
 15   8    925.0    314.0   0.3240  64.8075   0.0050  50.0000 -2990.549
 15   9    924.3    314.7   0.3234  64.6771   0.0050  50.0000 -2961.881
 15  10    923.9    315.1   0.3229  64.5799   0.0050  50.0000 -2958.599
 15  11    923.9    315.1   0.3229  64.5799   0.0050  50.0000 -2956.828
 15  12    923.0    316.0   0.1904  38.0809   0.0050  29.5659 -2671.566
 15  13    918.5    320.5   0.0013   0.2513   0.0050   0.1978 -2154.147
 15  14    920.2    318.8   0.0006   0.1300   0.0050   0.1017 -1963.000
 16   1    926.2    312.8   0.3252  65.0433   0.0050  50.0000 -2978.362
 16   2    927.6    311.4   0.3267  65.3371   0.0050  50.0000 -2998.318
 16   3    922.0    317.0   0.3211  64.2126   0.0050  50.0000 -2989.273
 16   4    924.3    314.7   0.3234  64.6747   0.0050  50.0000 -2982.546
 16   5    925.5    313.5   0.3245  64.9058   0.0050  50.0000 -2976.466
 16   6    925.5    313.5   0.3245  64.9058   0.0050  50.0000 -2976.466
 16   7    924.8    314.2   0.3239  64.7741   0.0050  50.0000 -2990.972
 16   8    924.8    314.2   0.3239  64.7741   0.0050  50.0000 -2990.972
 16   9    924.2    314.8   0.3232  64.6446   0.0050  50.0000 -2960.135
 16  10    923.7    315.3   0.3227  64.5475   0.0050  50.0000 -2956.843
 16  11    923.7    315.3   0.3227  64.5475   0.0050  50.0000 -2955.075
 16  12    922.8    316.2   0.1903  38.0696   0.0050  29.5711 -2671.893
 16  13    918.4    320.6   0.0012   0.2469   0.0050   0.1944 -2146.859
 16  14    920.1    318.9   0.0006   0.1262   0.0050   0.0988 -1955.051
 16  15    919.2    319.8   0.0000   0.0033   0.0050   0.0026 -1688.674
 17   1    926.2    312.8   0.3252  65.0433   0.0050  50.0000 -2978.362
 17   2    927.6    311.4   0.3267  65.3371   0.0050  50.0000 -2998.318
 17   3    922.0    317.0   0.3211  64.2126   0.0050  50.0000 -2989.273
 17   4    924.3    314.7   0.3234  64.6747   0.0050  50.0000 -2982.546
 17   5    925.5    313.5   0.3245  64.9058   0.0050  50.0000 -2976.466
 17   6    925.5    313.5   0.3245  64.9058   0.0050  50.0000 -2976.466
 17   7    924.8    314.2   0.3239  64.7741   0.0050  50.0000 -2990.972
 17   8    924.8    314.2   0.3239  64.7741   0.0050  50.0000 -2990.972
 17   9    924.2    314.8   0.3232  64.6446   0.0050  50.0000 -2960.135
 17  10    923.7    315.3   0.3227  64.5475   0.0050  50.0000 -2956.843
 17  11    923.7    315.3   0.3227  64.5475   0.0050  50.0000 -2955.075
 17  12    922.8    316.2   0.1903  38.0696   0.0050  29.5711 -2671.893
 17  13    918.4    320.6   0.0012   0.2469   0.0050   0.1944 -2146.859
 17  14    920.1    318.9   0.0006   0.1262   0.0050   0.0988 -1955.051
 17  15    919.2    319.8   0.0000   0.0033   0.0050   0.0026 -1688.674
 17  16    919.0    320.0   0.0000   0.0000   0.0050   0.0000 -1676.045
 18   1    928.9    310.1   0.3280  65.6032   0.0050  50.0000 -2957.520
 18   2    930.5    308.5   0.3297  65.9340   0.0050  50.0000 -3007.791
 18   3    924.8    314.2   0.3239  64.7740   0.0050  50.0000 -2998.136
 18   4    927.2    311.8   0.3263  65.2588   0.0050  50.0000 -2985.954
 18   5    928.4    310.6   0.3276  65.5118   0.0050  50.0000 -2986.006
 18   6    928.4    310.6   0.3276  65.5118   0.0050  50.0000 -2986.006
 18   7    927.8    311.2   0.3269  65.3768   0.0050  50.0000 -2991.162
 18   8    927.8    311.2   0.3269  65.3768   0.0050  50.0000 -2991.162
 18   9    927.0    312.0   0.3261  65.2269   0.0050  50.0000 -2983.854
 18  10    926.6    312.4   0.3256  65.1291   0.0050  50.0000 -2980.644
 18  11    926.6    312.4   0.3256  65.1291   0.0050  50.0000 -2978.860
 18  12    925.6    313.4   0.2145  42.9052   0.0050  33.0382 -2712.743
 18  13    921.1    317.9   0.2163  43.2684   0.0050  33.7882 -2729.625
 18  14    922.9    316.1   0.2211  44.2182   0.0050  34.3402 -2728.892
 18  15    921.9    317.1   0.2140  42.8071   0.0050  33.3440 -2720.679
 18  16    921.8    317.2   0.2126  42.5221   0.0050  33.1380 -2718.505
 18  17    921.8    317.2   0.2126  42.5221   0.0050  33.1380 -2718.505
 19   1    932.6    306.4   0.3320  66.3914   0.0050  50.0000 -2966.806
 19   2    934.2    304.8   0.3336  66.7181   0.0050  50.0000 -2965.655
 19   3    928.6    310.4   0.3277  65.5436   0.0050  50.0000 -2990.731
 19   4    930.9    308.1   0.3302  66.0319   0.0050  50.0000 -2982.323
 19   5    932.1    306.9   0.3314  66.2788   0.0050  50.0000 -2952.325
 19   6    932.1    306.9   0.3314  66.2788   0.0050  50.0000 -2952.325
 19   7    931.5    307.5   0.3307  66.1431   0.0050  50.0000 -2978.567
 19   8    931.5    307.5   0.3307  66.1431   0.0050  50.0000 -2978.567
 19   9    930.8    308.2   0.3300  65.9948   0.0050  50.0000 -2950.808
 19  10    930.3    308.7   0.3295  65.8960   0.0050  50.0000 -2932.958
 19  11    930.3    308.7   0.3295  65.8960   0.0050  50.0000 -2931.222
 19  12    929.4    309.6   0.2161  43.2193   0.0050  32.8814 -2699.212
 19  13    925.0    314.0   0.2318  46.3585   0.0050  35.7641 -2737.924
 19  14    926.7    312.3   0.2227  44.5396   0.0050  34.1747 -2718.330
 19  15    925.8    313.2   0.2102  42.0334   0.0050  32.3475 -2702.382
 19  16    925.6    313.4   0.2088  41.7531   0.0050  32.1470 -2700.153
 19  17    925.6    313.4   0.2088  41.7531   0.0050  32.1470 -2700.153
 19  18    928.4    310.6   0.1729  34.5721   0.0050  26.3879 -2624.767
 20   1    931.9    307.1   0.3312  66.2465   0.0050  50.0000 -2942.255
 20   2    933.5    305.5   0.3329  66.5788   0.0050  50.0000 -2955.188
 20   3    927.9    311.1   0.3270  65.4031   0.0050  50.0000 -2950.109
 20   4    930.3    308.7   0.3295  65.8934   0.0050  50.0000 -2913.809
 20   5    931.5    307.5   0.3307  66.1441   0.0050  50.0000 -2932.622
 20   6    931.5    307.5   0.3307  66.1441   0.0050  50.0000 -2932.622
 20   7    930.8    308.2   0.3300  66.0082   0.0050  50.0000 -2940.006
 20   8    930.8    308.2   0.3300  66.0082   0.0050  50.0000 -2940.006
 20   9    930.1    308.9   0.3293  65.8570   0.0050  50.0000 -2916.909
 20  10    929.6    309.4   0.3288  65.7584   0.0050  50.0000 -2932.683
 20  11    929.6    309.4   0.3288  65.7584   0.0050  50.0000 -2930.933
 20  12    928.7    310.3   0.3010  60.1948   0.0050  45.8964 -2843.455
 20  13    924.3    314.7   0.3233  64.6620   0.0050  49.9967 -2880.584
 20  14    926.0    313.0   0.3143  62.8687   0.0050  48.3448 -2866.722
 20  15    925.1    313.9   0.3052  61.0362   0.0050  47.0758 -2858.434
 20  16    924.9    314.1   0.3035  60.7055   0.0050  46.8433 -2856.572
 20  17    924.9    314.1   0.3035  60.7055   0.0050  46.8433 -2856.572
 20  18    927.7    311.3   0.2968  59.3521   0.0050  45.3987 -2840.404
 20  19    931.5    307.5   0.3112  62.2312   0.0050  47.0346 -2843.349
 21   1    929.8    309.2   0.3290  65.7954   0.0050  50.0000 -2957.868
 21   2    931.3    307.7   0.3305  66.1039   0.0050  50.0000 -2950.278
 21   3    925.7    313.3   0.3248  64.9511   0.0050  50.0000 -2994.637
 21   4    928.0    311.0   0.3271  65.4258   0.0050  50.0000 -2973.184
 21   5    929.1    309.9   0.3283  65.6589   0.0050  50.0000 -2946.934
 21   6    929.1    309.9   0.3283  65.6589   0.0050  50.0000 -2946.934
 21   7    928.5    310.5   0.3276  65.5262   0.0050  50.0000 -2957.038
 21   8    928.5    310.5   0.3276  65.5262   0.0050  50.0000 -2957.038
 21   9    927.8    311.2   0.3269  65.3875   0.0050  50.0000 -2947.965
 21  10    927.4    311.6   0.3265  65.2901   0.0050  50.0000 -2961.517
 21  11    927.4    311.6   0.3265  65.2901   0.0050  50.0000 -2959.793
 21  12    926.6    312.4   0.3257  65.1350   0.0050  50.0000 -2901.274
 21  13    922.2    316.8   0.3212  64.2480   0.0050  50.0000 -2931.317
 21  14    923.9    315.1   0.3229  64.5893   0.0050  50.0000 -2926.809
 21  15    923.0    316.0   0.3220  64.4020   0.0050  50.0000 -2927.682
 21  16    922.8    316.2   0.3219  64.3725   0.0050  50.0000 -2925.911
 21  17    922.8    316.2   0.3219  64.3725   0.0050  50.0000 -2925.911
 21  18    925.5    313.5   0.3246  64.9156   0.0050  50.0000 -2917.351
 21  19    929.4    309.6   0.3285  65.7057   0.0050  50.0000 -2889.192
 21  20    928.7    310.3   0.2148  42.9523   0.0050  32.7584 -2715.963
 22   1    932.8    306.2   0.3321  66.4299   0.0050  50.0000 -2936.971
 22   2    934.3    304.7   0.3337  66.7407   0.0050  50.0000 -2937.818
 22   3    928.8    310.2   0.3279  65.5824   0.0050  50.0000 -2956.625
 22   4    931.1    307.9   0.3303  66.0634   0.0050  50.0000 -2935.952
 22   5    932.3    306.7   0.3316  66.3113   0.0050  50.0000 -2923.418
 22   6    932.3    306.7   0.3316  66.3113   0.0050  50.0000 -2923.418
 22   7    931.6    307.4   0.3309  66.1740   0.0050  50.0000 -2923.017
 22   8    931.6    307.4   0.3309  66.1740   0.0050  50.0000 -2923.017
 22   9    930.9    308.1   0.3302  66.0362   0.0050  50.0000 -2926.189
 22  10    930.5    308.5   0.3297  65.9355   0.0050  50.0000 -2926.362
 22  11    930.5    308.5   0.3297  65.9355   0.0050  50.0000 -2924.622
 22  12    929.5    309.5   0.3203  64.0503   0.0050  48.7258 -2864.462
 22  13    925.0    314.0   0.3172  63.4461   0.0050  48.9437 -2872.543
 22  14    926.8    312.2   0.3256  65.1256   0.0050  49.9653 -2878.125
 22  15    925.8    313.2   0.3158  63.1645   0.0050  48.6051 -2870.646
 22  16    925.7    313.3   0.3141  62.8281   0.0050  48.3691 -2868.800
 22  17    925.7    313.3   0.3141  62.8281   0.0050  48.3691 -2868.800
 22  18    928.5    310.5   0.3178  63.5607   0.0050  48.5043 -2863.668
 22  19    932.3    306.7   0.3316  66.3161   0.0050  50.0000 -2869.536
 22  20    931.6    307.4   0.1816  36.3279   0.0050  27.4492 -2645.687
 22  21    929.5    309.5   0.2460  49.1913   0.0050  37.4208 -2755.855
 23   1    932.7    306.3   0.3320  66.3978   0.0050  50.0000 -2949.343
 23   2    934.1    304.9   0.3335  66.7094   0.0050  50.0000 -2934.776
 23   3    928.6    310.4   0.3277  65.5497   0.0050  50.0000 -2950.306
 23   4    930.9    308.1   0.3302  66.0308   0.0050  50.0000 -2941.206
 23   5    932.1    306.9   0.3314  66.2768   0.0050  50.0000 -2926.420
 23   6    932.1    306.9   0.3314  66.2768   0.0050  50.0000 -2926.420
 23   7    931.4    307.6   0.3307  66.1401   0.0050  50.0000 -2927.435
 23   8    931.4    307.6   0.3307  66.1401   0.0050  50.0000 -2927.435
 23   9    930.8    308.2   0.3300  66.0015   0.0050  50.0000 -2925.853
 23  10    930.3    308.7   0.3295  65.9012   0.0050  50.0000 -2934.416
 23  11    930.3    308.7   0.3295  65.9012   0.0050  50.0000 -2932.682
 23  12    929.3    309.7   0.3285  65.7002   0.0050  50.0000 -2875.122
 23  13    924.9    314.1   0.3207  64.1373   0.0050  49.4944 -2877.782
 23  14    926.7    312.3   0.3187  63.7347   0.0050  48.9167 -2872.800
 23  15    925.7    313.3   0.3169  63.3812   0.0050  48.7898 -2872.808
 23  16    925.6    313.4   0.3152  63.0438   0.0050  48.5530 -2870.971
 23  17    925.6    313.4   0.3152  63.0438   0.0050  48.5530 -2870.971
 23  18    928.3    310.7   0.3237  64.7455   0.0050  49.4294 -2869.283
 23  19    932.1    306.9   0.3314  66.2882   0.0050  50.0000 -2865.209
 23  20    931.5    307.5   0.1834  36.6879   0.0050  27.7331 -2651.064
 23  21    929.3    309.7   0.2448  48.9560   0.0050  37.2573 -2755.892
 23  22    932.1    306.9   0.0004   0.0885   0.0050   0.0667 -1859.153
 24   1    933.1    305.9   0.3324  66.4810   0.0050  50.0000 -2942.016
 24   2    934.5    304.5   0.3340  66.7940   0.0050  50.0000 -2929.350
 24   3    929.0    310.0   0.3282  65.6307   0.0050  50.0000 -2931.385
 24   4    931.3    307.7   0.3306  66.1129   0.0050  50.0000 -2930.985
 24   5    932.5    306.5   0.3318  66.3570   0.0050  50.0000 -2921.684
 24   6    932.5    306.5   0.3318  66.3570   0.0050  50.0000 -2921.684
 24   7    931.8    307.2   0.3311  66.2207   0.0050  50.0000 -2940.764
 24   8    931.8    307.2   0.3311  66.2207   0.0050  50.0000 -2940.764
 24   9    931.2    307.8   0.3304  66.0808   0.0050  50.0000 -2916.690
 24  10    930.7    308.3   0.3299  65.9809   0.0050  50.0000 -2937.615
 24  11    930.7    308.3   0.3299  65.9809   0.0050  50.0000 -2935.891
 24  12    929.8    309.2   0.3041  60.8130   0.0050  46.2171 -2844.972
 24  13    925.4    313.6   0.3077  61.5494   0.0050  47.4304 -2863.494
 24  14    927.1    311.9   0.3237  64.7452   0.0050  49.6236 -2877.152
 24  15    926.2    312.8   0.3140  62.7929   0.0050  48.2697 -2870.882
 24  16    926.0    313.0   0.3123  62.4594   0.0050  48.0358 -2869.002
 24  17    926.0    313.0   0.3123  62.4594   0.0050  48.0358 -2869.002
 24  18    928.8    310.2   0.3207  64.1411   0.0050  48.9031 -2864.944
 24  19    932.6    306.4   0.3312  66.2360   0.0050  49.8944 -2863.359
 24  20    931.9    307.1   0.2137  42.7339   0.0050  32.2610 -2700.927
 24  21    929.8    309.2   0.2515  50.2915   0.0050  38.2225 -2765.136
 24  22    932.6    306.4   0.1702  34.0488   0.0050  25.6476 -2614.739
 24  23    932.5    306.5   0.1761  35.2144   0.0050  26.5353 -2622.179
 25   1    932.3    306.7   0.3316  66.3214   0.0050  50.0000 -2926.362
 25   2    933.9    305.1   0.3333  66.6607   0.0050  50.0000 -2927.677
 25   3    928.3    310.7   0.3274  65.4818   0.0050  50.0000 -2957.525
 25   4    930.7    308.3   0.3299  65.9769   0.0050  50.0000 -2958.488
 25   5    931.9    307.1   0.3312  66.2390   0.0050  50.0000 -2909.740
 25   6    931.9    307.1   0.3312  66.2390   0.0050  50.0000 -2909.740
 25   7    931.3    307.7   0.3305  66.1008   0.0050  50.0000 -2924.822
 25   8    931.3    307.7   0.3305  66.1008   0.0050  50.0000 -2924.822
 25   9    930.5    308.5   0.3297  65.9469   0.0050  50.0000 -2906.795
 25  10    930.0    309.0   0.3292  65.8470   0.0050  50.0000 -2920.063
 25  11    930.0    309.0   0.3292  65.8470   0.0050  50.0000 -2918.295
 25  12    929.0    310.0   0.3282  65.6314   0.0050  50.0000 -2898.217
 25  13    924.5    314.5   0.3235  64.7078   0.0050  50.0000 -2892.545
 25  14    926.3    312.7   0.3254  65.0714   0.0050  50.0000 -2886.671
 25  15    925.3    313.7   0.3244  64.8741   0.0050  50.0000 -2885.531
 25  16    925.2    313.8   0.3235  64.7088   0.0050  49.8973 -2883.732
 25  17    925.2    313.8   0.3235  64.7088   0.0050  49.8973 -2883.732
 25  18    928.1    310.9   0.3272  65.4337   0.0050  50.0000 -2884.226
 25  19    931.8    307.2   0.3155  63.0953   0.0050  47.6419 -2848.244
 25  20    931.2    307.8   0.2215  44.2911   0.0050  33.5137 -2716.688
 25  21    928.9    310.1   0.2395  47.9055   0.0050  36.5051 -2752.519
 25  22    931.8    307.2   0.1809  36.1704   0.0050  27.3097 -2640.460
 25  23    931.7    307.3   0.1809  36.1864   0.0050  27.3329 -2640.854
 25  24    932.1    306.9   0.1296  25.9110   0.0050  19.5453 -2523.324
 26   1    931.3    307.7   0.3305  66.1055   0.0050  50.0000 -2942.765
 26   2    932.7    306.3   0.3320  66.4057   0.0050  50.0000 -2898.623
 26   3    927.2    311.8   0.3263  65.2536   0.0050  50.0000 -2940.242
 26   4    929.5    309.5   0.3286  65.7262   0.0050  50.0000 -2951.867
 26   5    930.6    308.4   0.3298  65.9551   0.0050  50.0000 -2915.431
 26   6    930.6    308.4   0.3298  65.9551   0.0050  50.0000 -2915.431
 26   7    929.9    309.1   0.3291  65.8222   0.0050  50.0000 -2941.506
 26   8    929.9    309.1   0.3291  65.8222   0.0050  50.0000 -2941.506
 26   9    929.3    309.7   0.3284  65.6881   0.0050  50.0000 -2932.524
 26  10    928.8    310.2   0.3279  65.5899   0.0050  50.0000 -2923.007
 26  11    928.8    310.2   0.3279  65.5899   0.0050  50.0000 -2921.303
 26  12    928.1    310.9   0.2893  57.8685   0.0050  44.2167 -2827.826
 26  13    923.7    315.3   0.3215  64.3037   0.0050  49.8087 -2877.812
 26  14    925.4    313.6   0.3225  64.5040   0.0050  49.7020 -2870.735
 26  15    924.5    314.5   0.3094  61.8851   0.0050  47.8219 -2859.850
 26  16    924.3    314.7   0.3078  61.5540   0.0050  47.5874 -2858.018
 26  17    924.3    314.7   0.3078  61.5540   0.0050  47.5874 -2858.018
 26  18    927.0    312.0   0.3107  62.1486   0.0050  47.6496 -2856.911
 26  19    930.8    308.2   0.3058  61.1661   0.0050  46.3296 -2833.291
 26  20    930.1    308.9   0.2247  44.9419   0.0050  34.1175 -2727.402
 26  21    928.1    310.9   0.2208  44.1610   0.0050  33.7436 -2718.793
 26  22    930.9    308.1   0.2130  42.5950   0.0050  32.2550 -2693.487
 26  23    930.8    308.2   0.2214  44.2859   0.0050  33.5484 -2706.589
 26  24    931.2    307.8   0.2133  42.6606   0.0050  32.2732 -2691.782
 26  25    930.4    308.6   0.2129  42.5869   0.0050  32.3052 -2701.381
 27   1    931.3    307.7   0.3305  66.1055   0.0050  50.0000 -2942.765
 27   2    932.7    306.3   0.3320  66.4057   0.0050  50.0000 -2898.623
 27   3    927.2    311.8   0.3263  65.2536   0.0050  50.0000 -2940.242
 27   4    929.5    309.5   0.3286  65.7262   0.0050  50.0000 -2951.867
 27   5    930.6    308.4   0.3298  65.9551   0.0050  50.0000 -2915.431
 27   6    930.6    308.4   0.3298  65.9551   0.0050  50.0000 -2915.431
 27   7    929.9    309.1   0.3291  65.8222   0.0050  50.0000 -2941.506
 27   8    929.9    309.1   0.3291  65.8222   0.0050  50.0000 -2941.506
 27   9    929.3    309.7   0.3284  65.6881   0.0050  50.0000 -2932.524
 27  10    928.8    310.2   0.3279  65.5899   0.0050  50.0000 -2923.007
 27  11    928.8    310.2   0.3279  65.5899   0.0050  50.0000 -2921.303
 27  12    928.1    310.9   0.2893  57.8685   0.0050  44.2167 -2827.826
 27  13    923.7    315.3   0.3215  64.3037   0.0050  49.8087 -2877.812
 27  14    925.4    313.6   0.3225  64.5040   0.0050  49.7020 -2870.735
 27  15    924.5    314.5   0.3094  61.8851   0.0050  47.8219 -2859.850
 27  16    924.3    314.7   0.3078  61.5540   0.0050  47.5874 -2858.018
 27  17    924.3    314.7   0.3078  61.5540   0.0050  47.5874 -2858.018
 27  18    927.0    312.0   0.3107  62.1486   0.0050  47.6496 -2856.911
 27  19    930.8    308.2   0.3058  61.1661   0.0050  46.3296 -2833.291
 27  20    930.1    308.9   0.2247  44.9419   0.0050  34.1175 -2727.402
 27  21    928.1    310.9   0.2208  44.1610   0.0050  33.7436 -2718.793
 27  22    930.9    308.1   0.2130  42.5950   0.0050  32.2550 -2693.487
 27  23    930.8    308.2   0.2214  44.2859   0.0050  33.5484 -2706.589
 27  24    931.2    307.8   0.2133  42.6606   0.0050  32.2732 -2691.782
 27  25    930.4    308.6   0.2129  42.5869   0.0050  32.3052 -2701.381
 27  26    929.6    309.4   0.0000   0.0000   0.0050   0.0000 -1662.231
 28   1    930.0    309.0   0.3292  65.8384   0.0050  50.0000 -2967.657
 28   2    931.5    307.5   0.3308  66.1628   0.0050  50.0000 -2943.482
 28   3    925.9    313.1   0.3250  64.9982   0.0050  50.0000 -2961.271
 28   4    928.3    310.7   0.3274  65.4807   0.0050  50.0000 -2944.980
 28   5    929.4    309.6   0.3286  65.7207   0.0050  50.0000 -2939.339
 28   6    929.4    309.6   0.3286  65.7207   0.0050  50.0000 -2939.339
 28   7    928.8    310.2   0.3279  65.5878   0.0050  50.0000 -2941.995
 28   8    928.8    310.2   0.3279  65.5878   0.0050  50.0000 -2941.995
 28   9    928.1    310.9   0.3272  65.4399   0.0050  50.0000 -2913.779
 28  10    927.6    311.4   0.3267  65.3430   0.0050  50.0000 -2928.826
 28  11    927.6    311.4   0.3267  65.3430   0.0050  50.0000 -2927.095
 28  12    926.9    312.1   0.3146  62.9286   0.0050  48.2661 -2862.169
 28  13    922.4    316.6   0.3215  64.2957   0.0050  50.0000 -2913.213
 28  14    924.2    314.8   0.3232  64.6409   0.0050  50.0000 -2898.999
 28  15    923.2    315.8   0.3223  64.4518   0.0050  50.0000 -2896.477
 28  16    923.1    315.9   0.3221  64.4216   0.0050  50.0000 -2896.848
 28  17    923.1    315.9   0.3221  64.4216   0.0050  50.0000 -2896.848
 28  18    925.8    313.2   0.3249  64.9725   0.0050  50.0000 -2900.458
 28  19    929.6    309.4   0.3288  65.7565   0.0050  50.0000 -2880.359
 28  20    928.9    310.1   0.2571  51.4159   0.0050  39.1819 -2788.350
 28  21    926.8    312.2   0.2772  55.4358   0.0050  42.5312 -2818.780
 28  22    929.8    309.2   0.2570  51.3983   0.0050  39.0642 -2781.051
 28  23    929.6    309.4   0.2633  52.6531   0.0050  40.0360 -2788.582
 28  24    930.0    309.0   0.2615  52.2979   0.0050  39.7147 -2782.362
 28  25    929.2    309.8   0.2536  50.7210   0.0050  38.6134 -2781.559
 28  26    928.3    310.7   0.2528  50.5527   0.0050  38.6027 -2772.280
 28  27    928.3    310.7   0.2528  50.5527   0.0050  38.6027 -2772.280
 29   1    930.9    308.1   0.3302  66.0366   0.0050  50.0000 -2980.662
 29   2    932.5    306.5   0.3318  66.3579   0.0050  50.0000 -2945.398
 29   3    926.9    312.1   0.3260  65.1923   0.0050  50.0000 -2987.943
 29   4    929.2    309.8   0.3284  65.6752   0.0050  50.0000 -2974.122
 29   5    930.4    308.6   0.3296  65.9165   0.0050  50.0000 -2948.194
 29   6    930.4    308.6   0.3296  65.9165   0.0050  50.0000 -2948.194
 29   7    929.7    309.3   0.3289  65.7824   0.0050  50.0000 -2965.773
 29   8    929.7    309.3   0.3289  65.7824   0.0050  50.0000 -2965.773
 29   9    929.0    310.0   0.3282  65.6368   0.0050  50.0000 -2935.895
 29  10    928.6    310.4   0.3277  65.5389   0.0050  50.0000 -2955.065
 29  11    928.6    310.4   0.3277  65.5389   0.0050  50.0000 -2953.336
 29  12    927.8    311.2   0.3269  65.3751   0.0050  50.0000 -2892.537
 29  13    923.3    315.7   0.3224  64.4769   0.0050  50.0000 -2930.781
 29  14    925.1    313.9   0.3241  64.8245   0.0050  50.0000 -2943.025
 29  15    924.1    314.9   0.3232  64.6342   0.0050  50.0000 -2939.191
 29  16    924.0    315.0   0.3230  64.6039   0.0050  50.0000 -2939.510
 29  17    924.0    315.0   0.3230  64.6039   0.0050  50.0000 -2939.510
 29  18    926.7    312.3   0.3258  65.1596   0.0050  50.0000 -2920.316
 29  19    930.5    308.5   0.3297  65.9481   0.0050  50.0000 -2883.463
 29  20    929.8    309.2   0.2585  51.6957   0.0050  39.2805 -2784.489
 29  21    927.7    311.3   0.2615  52.3093   0.0050  40.0156 -2790.601
 29  22    930.6    308.4   0.2271  45.4211   0.0050  34.4252 -2735.832
 29  23    930.5    308.5   0.2415  48.3026   0.0050  36.6249 -2757.298
 29  24    930.9    308.1   0.2564  51.2707   0.0050  38.8242 -2779.023
 29  25    930.1    308.9   0.2467  49.3482   0.0050  37.4613 -2766.120
 29  26    929.2    309.8   0.2390  47.7975   0.0050  36.3931 -2751.675
 29  27    929.2    309.8   0.2390  47.7975   0.0050  36.3931 -2751.675
 29  28    927.9    311.1   0.1688  33.7503   0.0050  25.7998 -2630.402
 30   1    930.9    308.1   0.3302  66.0366   0.0050  50.0000 -2980.662
 30   2    932.5    306.5   0.3318  66.3579   0.0050  50.0000 -2945.398
 30   3    926.9    312.1   0.3260  65.1923   0.0050  50.0000 -2987.943
 30   4    929.2    309.8   0.3284  65.6752   0.0050  50.0000 -2974.122
 30   5    930.4    308.6   0.3296  65.9165   0.0050  50.0000 -2948.194
 30   6    930.4    308.6   0.3296  65.9165   0.0050  50.0000 -2948.194
 30   7    929.7    309.3   0.3289  65.7824   0.0050  50.0000 -2965.773
 30   8    929.7    309.3   0.3289  65.7824   0.0050  50.0000 -2965.773
 30   9    929.0    310.0   0.3282  65.6368   0.0050  50.0000 -2935.895
 30  10    928.6    310.4   0.3277  65.5389   0.0050  50.0000 -2955.065
 30  11    928.6    310.4   0.3277  65.5389   0.0050  50.0000 -2953.336
 30  12    927.8    311.2   0.3269  65.3751   0.0050  50.0000 -2892.537
 30  13    923.3    315.7   0.3224  64.4769   0.0050  50.0000 -2930.781
 30  14    925.1    313.9   0.3241  64.8245   0.0050  50.0000 -2943.025
 30  15    924.1    314.9   0.3232  64.6342   0.0050  50.0000 -2939.191
 30  16    924.0    315.0   0.3230  64.6039   0.0050  50.0000 -2939.510
 30  17    924.0    315.0   0.3230  64.6039   0.0050  50.0000 -2939.510
 30  18    926.7    312.3   0.3258  65.1596   0.0050  50.0000 -2920.316
 30  19    930.5    308.5   0.3297  65.9481   0.0050  50.0000 -2883.463
 30  20    929.8    309.2   0.2585  51.6957   0.0050  39.2805 -2784.489
 30  21    927.7    311.3   0.2615  52.3093   0.0050  40.0156 -2790.601
 30  22    930.6    308.4   0.2271  45.4211   0.0050  34.4252 -2735.832
 30  23    930.5    308.5   0.2415  48.3026   0.0050  36.6249 -2757.298
 30  24    930.9    308.1   0.2564  51.2707   0.0050  38.8242 -2779.023
 30  25    930.1    308.9   0.2467  49.3482   0.0050  37.4613 -2766.120
 30  26    929.2    309.8   0.2390  47.7975   0.0050  36.3931 -2751.675
 30  27    929.2    309.8   0.2390  47.7975   0.0050  36.3931 -2751.675
 30  28    927.9    311.1   0.1688  33.7503   0.0050  25.7998 -2630.402
 30  29    928.9    310.1   0.0000   0.0000   0.0050   0.0000 -1663.439
 31   1    931.2    307.8   0.3305  66.0953   0.0050  50.0000 -3012.027
 31   2    932.7    306.3   0.3321  66.4122   0.0050  50.0000 -2969.454
 31   3    927.2    311.8   0.3262  65.2497   0.0050  50.0000 -2988.436
 31   4    929.5    309.5   0.3287  65.7311   0.0050  50.0000 -2994.327
 31   5    930.6    308.4   0.3299  65.9727   0.0050  50.0000 -2986.448
 31   6    930.6    308.4   0.3299  65.9727   0.0050  50.0000 -2986.448
 31   7    930.0    309.0   0.3292  65.8380   0.0050  50.0000 -2990.360
 31   8    930.0    309.0   0.3292  65.8380   0.0050  50.0000 -2990.360
 31   9    929.3    309.7   0.3285  65.6953   0.0050  50.0000 -2969.221
 31  10    928.8    310.2   0.3280  65.5968   0.0050  50.0000 -2991.409
 31  11    928.8    310.2   0.3280  65.5968   0.0050  50.0000 -2989.679
 31  12    928.0    311.0   0.3271  65.4235   0.0050  50.0000 -2891.041
 31  13    923.6    315.4   0.3226  64.5239   0.0050  50.0000 -2915.839
 31  14    925.3    313.7   0.3244  64.8724   0.0050  50.0000 -2898.117
 31  15    924.4    314.6   0.3234  64.6817   0.0050  50.0000 -2900.779
 31  16    924.2    314.8   0.3233  64.6515   0.0050  50.0000 -2898.986
 31  17    924.2    314.8   0.3233  64.6515   0.0050  50.0000 -2898.986
 31  18    927.0    312.0   0.3260  65.2097   0.0050  50.0000 -2891.197
 31  19    930.8    308.2   0.3300  66.0006   0.0050  50.0000 -2868.839
 31  20    930.1    308.9   0.2678  53.5641   0.0050  40.6678 -2789.153
 31  21    928.0    311.0   0.2670  53.4006   0.0050  40.8172 -2795.658
 31  22    930.8    308.2   0.2702  54.0470   0.0050  40.9350 -2788.789
 31  23    930.7    308.3   0.2739  54.7873   0.0050  41.5126 -2794.674
 31  24    931.1    307.9   0.2868  57.3656   0.0050  43.4078 -2809.169
 31  25    930.4    308.6   0.2860  57.1992   0.0050  43.3892 -2815.453
 31  26    929.4    309.6   0.2375  47.4941   0.0050  36.1334 -2743.899
 31  27    929.4    309.6   0.2375  47.4941   0.0050  36.1334 -2743.899
 31  28    928.2    310.8   0.1861  37.2214   0.0050  28.4291 -2653.733
 31  29    929.1    309.9   0.1978  39.5582   0.0050  30.1266 -2671.990
 31  30    929.1    309.9   0.1978  39.5582   0.0050  30.1266 -2671.990
 32   1    933.8    305.2   0.3332  66.6479   0.0050  50.0000 -2985.061
 32   2    935.4    303.6   0.3349  66.9837   0.0050  50.0000 -2946.149
 32   3    929.8    309.2   0.3290  65.8027   0.0050  50.0000 -2989.560
 32   4    932.2    306.8   0.3315  66.2983   0.0050  50.0000 -2970.053
 32   5    933.4    305.6   0.3328  66.5600   0.0050  50.0000 -2981.298
 32   6    933.4    305.6   0.3328  66.5600   0.0050  50.0000 -2981.298
 32   7    932.8    306.2   0.3321  66.4209   0.0050  50.0000 -2992.601
 32   8    932.8    306.2   0.3321  66.4209   0.0050  50.0000 -2992.601
 32   9    932.1    306.9   0.3313  66.2692   0.0050  50.0000 -2955.232
 32  10    931.6    307.4   0.3308  66.1684   0.0050  50.0000 -2975.535
 32  11    931.6    307.4   0.3308  66.1684   0.0050  50.0000 -2973.781
 32  12    930.5    308.5   0.3297  65.9488   0.0050  50.0000 -2876.671
 32  13    926.0    313.0   0.3251  65.0217   0.0050  50.0000 -2891.158
 32  14    927.8    311.2   0.3269  65.3867   0.0050  50.0000 -2875.313
 32  15    926.9    312.1   0.3259  65.1886   0.0050  50.0000 -2887.433
 32  16    926.7    312.3   0.3258  65.1565   0.0050  50.0000 -2885.608
 32  17    926.7    312.3   0.3258  65.1565   0.0050  50.0000 -2885.608
 32  18    929.6    309.4   0.3288  65.7502   0.0050  50.0000 -2893.553
 32  19    933.3    305.7   0.3327  66.5404   0.0050  50.0000 -2878.041
 32  20    932.7    306.3   0.2802  56.0386   0.0050  42.1975 -2805.870
 32  21    930.5    308.5   0.2925  58.5007   0.0050  44.3615 -2825.229
 32  22    933.3    305.7   0.2481  49.6118   0.0050  37.2803 -2755.676
 32  23    933.2    305.8   0.2529  50.5743   0.0050  38.0183 -2764.595
 32  24    933.6    305.4   0.2658  53.1695   0.0050  39.9148 -2776.330
 32  25    933.0    306.0   0.2677  53.5468   0.0050  40.2825 -2787.433
 32  26    931.9    307.1   0.2373  47.4636   0.0050  35.8293 -2734.849
 32  27    931.9    307.1   0.2373  47.4636   0.0050  35.8293 -2734.849
 32  28    930.8    308.2   0.1873  37.4583   0.0050  28.3773 -2652.178
 32  29    931.7    307.3   0.1841  36.8167   0.0050  27.8124 -2641.233
 32  30    931.7    307.3   0.1841  36.8167   0.0050  27.8124 -2641.233
 32  31    931.9    307.1   0.1622  32.4340   0.0050  24.4840 -2591.770
 33   1    930.9    308.1   0.3301  66.0238   0.0050  50.0000 -2928.156
 33   2    932.3    306.7   0.3316  66.3279   0.0050  50.0000 -2930.825
 33   3    926.8    312.2   0.3259  65.1725   0.0050  50.0000 -2955.679
 33   4    929.1    309.9   0.3282  65.6463   0.0050  50.0000 -2942.866
 33   5    930.2    308.8   0.3294  65.8737   0.0050  50.0000 -2922.583
 33   6    930.2    308.8   0.3294  65.8737   0.0050  50.0000 -2922.583
 33   7    929.5    309.5   0.3287  65.7415   0.0050  50.0000 -2935.606
 33   8    929.5    309.5   0.3287  65.7415   0.0050  50.0000 -2935.606
 33   9    928.9    310.1   0.3280  65.6047   0.0050  50.0000 -2924.220
 33  10    928.4    310.6   0.3275  65.5073   0.0050  50.0000 -2936.890
 33  11    928.4    310.6   0.3275  65.5073   0.0050  50.0000 -2935.190
 33  12    927.7    311.3   0.3268  65.3685   0.0050  50.0000 -2876.123
 33  13    923.4    315.6   0.3224  64.4844   0.0050  50.0000 -2904.513
 33  14    925.1    313.9   0.3241  64.8226   0.0050  50.0000 -2903.451
 33  15    924.1    314.9   0.3232  64.6364   0.0050  50.0000 -2896.666
 33  16    924.0    315.0   0.3230  64.6073   0.0050  50.0000 -2896.941
 33  17    924.0    315.0   0.3230  64.6073   0.0050  50.0000 -2896.941
 33  18    926.6    312.4   0.3257  65.1420   0.0050  50.0000 -2875.671
 33  19    930.5    308.5   0.3297  65.9380   0.0050  50.0000 -2870.180
 33  20    929.8    309.2   0.2270  45.4089   0.0050  34.5111 -2722.312
 33  21    927.7    311.3   0.2503  50.0571   0.0050  38.2922 -2763.158
 33  22    930.6    308.4   0.2309  46.1768   0.0050  35.0015 -2734.385
 33  23    930.5    308.5   0.2354  47.0752   0.0050  35.6974 -2739.313
 33  24    930.9    308.1   0.2051  41.0148   0.0050  31.0603 -2682.424
 33  25    930.0    309.0   0.1971  39.4193   0.0050  29.9343 -2678.913
 33  26    929.2    309.8   0.2072  41.4345   0.0050  31.5452 -2692.646
 33  27    929.2    309.8   0.2072  41.4345   0.0050  31.5452 -2692.646
 33  28    927.9    311.1   0.2432  48.6490   0.0050  37.1931 -2751.424
 33  29    928.8    310.2   0.2483  49.6654   0.0050  37.8587 -2760.263
 33  30    928.8    310.2   0.2483  49.6654   0.0050  37.8587 -2760.263
 33  31    929.1    309.9   0.2419  48.3891   0.0050  36.8550 -2746.476
 33  32    931.6    307.4   0.2630  52.5927   0.0050  39.7423 -2777.983
 34   1    930.9    308.1   0.3301  66.0238   0.0050  50.0000 -2928.156
 34   2    932.3    306.7   0.3316  66.3279   0.0050  50.0000 -2930.825
 34   3    926.8    312.2   0.3259  65.1725   0.0050  50.0000 -2955.679
 34   4    929.1    309.9   0.3282  65.6463   0.0050  50.0000 -2942.866
 34   5    930.2    308.8   0.3294  65.8737   0.0050  50.0000 -2922.583
 34   6    930.2    308.8   0.3294  65.8737   0.0050  50.0000 -2922.583
 34   7    929.5    309.5   0.3287  65.7415   0.0050  50.0000 -2935.606
 34   8    929.5    309.5   0.3287  65.7415   0.0050  50.0000 -2935.606
 34   9    928.9    310.1   0.3280  65.6047   0.0050  50.0000 -2924.220
 34  10    928.4    310.6   0.3275  65.5073   0.0050  50.0000 -2936.890
 34  11    928.4    310.6   0.3275  65.5073   0.0050  50.0000 -2935.190
 34  12    927.7    311.3   0.3268  65.3685   0.0050  50.0000 -2876.123
 34  13    923.4    315.6   0.3224  64.4844   0.0050  50.0000 -2904.513
 34  14    925.1    313.9   0.3241  64.8226   0.0050  50.0000 -2903.451
 34  15    924.1    314.9   0.3232  64.6364   0.0050  50.0000 -2896.666
 34  16    924.0    315.0   0.3230  64.6073   0.0050  50.0000 -2896.941
 34  17    924.0    315.0   0.3230  64.6073   0.0050  50.0000 -2896.941
 34  18    926.6    312.4   0.3257  65.1420   0.0050  50.0000 -2875.671
 34  19    930.5    308.5   0.3297  65.9380   0.0050  50.0000 -2870.180
 34  20    929.8    309.2   0.2270  45.4089   0.0050  34.5111 -2722.312
 34  21    927.7    311.3   0.2503  50.0571   0.0050  38.2922 -2763.158
 34  22    930.6    308.4   0.2309  46.1768   0.0050  35.0015 -2734.385
 34  23    930.5    308.5   0.2354  47.0752   0.0050  35.6974 -2739.313
 34  24    930.9    308.1   0.2051  41.0148   0.0050  31.0603 -2682.424
 34  25    930.0    309.0   0.1971  39.4193   0.0050  29.9343 -2678.913
 34  26    929.2    309.8   0.2072  41.4345   0.0050  31.5452 -2692.646
 34  27    929.2    309.8   0.2072  41.4345   0.0050  31.5452 -2692.646
 34  28    927.9    311.1   0.2432  48.6490   0.0050  37.1931 -2751.424
 34  29    928.8    310.2   0.2483  49.6654   0.0050  37.8587 -2760.263
 34  30    928.8    310.2   0.2483  49.6654   0.0050  37.8587 -2760.263
 34  31    929.1    309.9   0.2419  48.3891   0.0050  36.8550 -2746.476
 34  32    931.6    307.4   0.2630  52.5927   0.0050  39.7423 -2777.983
 34  33    928.9    310.1   0.0000   0.0000   0.0050   0.0000 -1663.239
 35   1    931.5    307.5   0.3308  66.1521   0.0050  50.0000 -2984.720
 35   2    933.0    306.0   0.3323  66.4657   0.0050  50.0000 -2929.886
 35   3    927.4    311.6   0.3265  65.3030   0.0050  50.0000 -2972.352
 35   4    929.7    309.3   0.3289  65.7827   0.0050  50.0000 -2983.291
 35   5    930.9    308.1   0.3301  66.0187   0.0050  50.0000 -2944.819
 35   6    930.9    308.1   0.3301  66.0187   0.0050  50.0000 -2944.819
 35   7    930.2    308.8   0.3294  65.8851   0.0050  50.0000 -2962.297
 35   8    930.2    308.8   0.3294  65.8851   0.0050  50.0000 -2962.297
 35   9    929.5    309.5   0.3287  65.7435   0.0050  50.0000 -2951.171
 35  10    929.1    309.9   0.3282  65.6455   0.0050  50.0000 -2957.016
 35  11    929.1    309.9   0.3282  65.6455   0.0050  50.0000 -2955.302
 35  12    928.3    310.7   0.3274  65.4892   0.0050  50.0000 -2875.954
 35  13    923.9    315.1   0.3230  64.5948   0.0050  50.0000 -2919.060
 35  14    925.6    313.4   0.3247  64.9395   0.0050  50.0000 -2933.064
 35  15    924.7    314.3   0.3238  64.7504   0.0050  50.0000 -2926.966
 35  16    924.6    314.4   0.3236  64.7205   0.0050  50.0000 -2925.192
 35  17    924.6    314.4   0.3236  64.7205   0.0050  50.0000 -2925.192
 35  18    927.3    311.7   0.3136  62.7268   0.0050  48.0523 -2861.093
 35  19    931.1    307.9   0.3303  66.0629   0.0050  50.0000 -2889.120
 35  20    930.4    308.6   0.2286  45.7252   0.0050  34.6844 -2729.905
 35  21    928.3    310.7   0.2579  51.5820   0.0050  39.3878 -2781.628
 35  22    931.2    307.8   0.2134  42.6869   0.0050  32.2972 -2701.921
 35  23    931.0    308.0   0.2232  44.6365   0.0050  33.7864 -2717.155
 35  24    931.5    307.5   0.2164  43.2725   0.0050  32.7104 -2701.553
 35  25    930.7    308.3   0.2141  42.8299   0.0050  32.4596 -2705.959
 35  26    929.8    309.2   0.2306  46.1109   0.0050  35.0444 -2735.734
 35  27    929.8    309.2   0.2306  46.1109   0.0050  35.0444 -2735.734
 35  28    928.5    310.5   0.2665  53.3081   0.0050  40.6784 -2791.619
 35  29    929.4    309.6   0.2500  49.9949   0.0050  38.0388 -2764.555
 35  30    929.4    309.6   0.2500  49.9949   0.0050  38.0388 -2764.555
 35  31    929.7    309.3   0.2636  52.7186   0.0050  40.0784 -2779.727
 35  32    932.2    306.8   0.2645  52.9092   0.0050  39.9031 -2779.606
 35  33    929.4    309.6   0.1854  37.0787   0.0050  28.2119 -2648.730
 35  34    929.4    309.6   0.1854  37.0787   0.0050  28.2119 -2648.730
 36   1    931.8    307.2   0.3311  66.2217   0.0050  50.0000 -2938.235
 36   2    933.3    305.7   0.3327  66.5350   0.0050  50.0000 -2921.162
 36   3    927.7    311.3   0.3269  65.3703   0.0050  50.0000 -2956.835
 36   4    930.1    308.9   0.3293  65.8502   0.0050  50.0000 -2961.096
 36   5    931.2    307.8   0.3304  66.0839   0.0050  50.0000 -2926.991
 36   6    931.2    307.8   0.3304  66.0839   0.0050  50.0000 -2926.991
 36   7    930.5    308.5   0.3298  65.9506   0.0050  50.0000 -2942.920
 36   8    930.5    308.5   0.3298  65.9506   0.0050  50.0000 -2942.920
 36   9    929.9    309.1   0.3290  65.8088   0.0050  50.0000 -2910.174
 36  10    929.4    309.6   0.3286  65.7110   0.0050  50.0000 -2926.616
 36  11    929.4    309.6   0.3286  65.7110   0.0050  50.0000 -2924.912
 36  12    928.7    310.3   0.3266  65.3228   0.0050  49.8159 -2876.942
 36  13    924.3    314.7   0.3234  64.6714   0.0050  50.0000 -2904.400
 36  14    926.0    313.0   0.3251  65.0145   0.0050  50.0000 -2918.406
 36  15    925.1    313.9   0.3241  64.8260   0.0050  50.0000 -2921.025
 36  16    924.9    314.1   0.3240  64.7963   0.0050  50.0000 -2919.241
 36  17    924.9    314.1   0.3240  64.7963   0.0050  50.0000 -2919.241
 36  18    927.6    311.4   0.3267  65.3410   0.0050  50.0000 -2899.311
 36  19    931.4    307.6   0.3307  66.1359   0.0050  50.0000 -2878.817
 36  20    930.7    308.3   0.2336  46.7289   0.0050  35.4070 -2738.439
 36  21    928.6    310.4   0.2385  47.7015   0.0050  36.3836 -2747.198
 36  22    931.5    307.5   0.2322  46.4468   0.0050  35.1009 -2737.343
 36  23    931.4    307.6   0.2383  47.6581   0.0050  36.0316 -2747.500
 36  24    931.8    307.2   0.2335  46.6917   0.0050  35.2544 -2733.587
 36  25    931.0    308.0   0.2251  45.0234   0.0050  34.0844 -2726.081
 36  26    930.1    308.9   0.2379  47.5849   0.0050  36.1231 -2738.920
 36  27    930.1    308.9   0.2379  47.5849   0.0050  36.1231 -2738.920
 36  28    928.8    310.2   0.2533  50.6534   0.0050  38.6108 -2775.021
 36  29    929.8    309.2   0.2561  51.2191   0.0050  38.9272 -2776.121
 36  30    929.8    309.2   0.2561  51.2191   0.0050  38.9272 -2776.121
 36  31    930.0    309.0   0.2634  52.6743   0.0050  39.9998 -2776.563
 36  32    932.5    306.5   0.2543  50.8581   0.0050  38.3133 -2760.679
 36  33    929.8    309.2   0.1892  37.8386   0.0050  28.7576 -2649.534
 36  34    929.8    309.2   0.1892  37.8386   0.0050  28.7576 -2649.534
 36  35    930.3    308.7   0.1701  34.0226   0.0050  25.8107 -2618.005
 37   1    928.7    310.3   0.3278  65.5662   0.0050  50.0000 -2947.781
 37   2    930.2    308.8   0.3294  65.8707   0.0050  50.0000 -2936.528
 37   3    924.6    314.4   0.3236  64.7270   0.0050  50.0000 -2940.853
 37   4    926.9    312.1   0.3260  65.1983   0.0050  50.0000 -2949.106
 37   5    928.1    310.9   0.3272  65.4332   0.0050  50.0000 -2946.164
 37   6    928.1    310.9   0.3272  65.4332   0.0050  50.0000 -2946.164
 37   7    927.4    311.6   0.3265  65.3002   0.0050  50.0000 -2964.149
 37   8    927.4    311.6   0.3265  65.3002   0.0050  50.0000 -2964.149
 37   9    926.7    312.3   0.3258  65.1645   0.0050  50.0000 -2934.247
 37  10    926.3    312.7   0.3253  65.0668   0.0050  50.0000 -2961.199
 37  11    926.3    312.7   0.3253  65.0668   0.0050  50.0000 -2959.458
 37  12    925.4    313.6   0.3185  63.6970   0.0050  49.0764 -2871.074
 37  13    921.0    318.0   0.3200  64.0097   0.0050  50.0000 -2909.393
 37  14    922.7    316.3   0.3218  64.3518   0.0050  50.0000 -2915.624
 37  15    921.8    317.2   0.3208  64.1643   0.0050  50.0000 -2900.024
 37  16    921.6    317.4   0.3207  64.1349   0.0050  50.0000 -2898.235
 37  17    921.6    317.4   0.3207  64.1349   0.0050  50.0000 -2898.235
 37  18    924.4    314.6   0.3234  64.6818   0.0050  50.0000 -2899.520
 37  19    928.2    310.8   0.3273  65.4691   0.0050  50.0000 -2884.202
 37  20    927.5    311.5   0.2365  47.2904   0.0050  36.1969 -2756.112
 37  21    925.4    313.6   0.2295  45.9022   0.0050  35.3679 -2744.487
 37  22    928.3    310.7   0.2211  44.2137   0.0050  33.7606 -2729.913
 37  23    928.2    310.8   0.2301  46.0133   0.0050  35.1484 -2743.699
 37  24    928.6    310.4   0.2130  42.5978   0.0050  32.4949 -2712.726
 37  25    927.8    311.2   0.2366  47.3208   0.0050  36.1914 -2755.191
 37  26    926.9    312.1   0.2321  46.4122   0.0050  35.5935 -2741.038
 37  27    926.9    312.1   0.2321  46.4122   0.0050  35.5935 -2741.038
 37  28    925.6    313.4   0.2600  51.9978   0.0050  40.0351 -2791.848
 37  29    926.6    312.4   0.2431  48.6197   0.0050  37.3269 -2766.562
 37  30    926.6    312.4   0.2431  48.6197   0.0050  37.3269 -2766.562
 37  31    926.8    312.2   0.2542  50.8334   0.0050  38.9963 -2775.024
 37  32    929.3    309.7   0.2641  52.8118   0.0050  40.1953 -2785.552
 37  33    926.6    312.4   0.1643  32.8603   0.0050  25.2278 -2620.233
 37  34    926.6    312.4   0.1643  32.8603   0.0050  25.2278 -2620.233
 37  35    927.1    311.9   0.1748  34.9663   0.0050  26.7966 -2636.067
 37  36    927.5    311.5   0.0049   0.9889   0.0050   0.7570 -2514.478
 38   1    928.5    310.5   0.3277  65.5332   0.0050  50.0000 -2961.936
 38   2    930.0    309.0   0.3292  65.8342   0.0050  50.0000 -2937.414
 38   3    924.4    314.6   0.3235  64.6924   0.0050  50.0000 -2941.403
 38   4    926.7    312.3   0.3258  65.1616   0.0050  50.0000 -2974.309
 38   5    927.9    311.1   0.3270  65.3922   0.0050  50.0000 -2950.771
 38   6    927.9    311.1   0.3270  65.3922   0.0050  50.0000 -2950.771
 38   7    927.2    311.8   0.3263  65.2601   0.0050  50.0000 -2957.045
 38   8    927.2    311.8   0.3263  65.2601   0.0050  50.0000 -2957.045
 38   9    926.6    312.4   0.3256  65.1258   0.0050  50.0000 -2919.933
 38  10    926.1    312.9   0.3251  65.0286   0.0050  50.0000 -2959.556
 38  11    926.1    312.9   0.3251  65.0286   0.0050  50.0000 -2957.823
 38  12    925.3    313.7   0.3149  62.9811   0.0050  48.5452 -2865.811
 38  13    920.9    318.1   0.3199  63.9872   0.0050  50.0000 -2914.955
 38  14    922.6    316.4   0.3216  64.3262   0.0050  50.0000 -2911.524
 38  15    921.7    317.3   0.3207  64.1401   0.0050  50.0000 -2916.168
 38  16    921.5    317.5   0.3206  64.1110   0.0050  50.0000 -2914.373
 38  17    921.5    317.5   0.3206  64.1110   0.0050  50.0000 -2914.373
 38  18    924.2    314.8   0.3229  64.5740   0.0050  49.9407 -2882.321
 38  19    928.1    310.9   0.3272  65.4392   0.0050  50.0000 -2871.668
 38  20    927.4    311.6   0.2328  46.5677   0.0050  35.6607 -2751.448
 38  21    925.3    313.7   0.2389  47.7701   0.0050  36.8223 -2757.428
 38  22    928.2    310.8   0.2170  43.4059   0.0050  33.1569 -2722.696
 38  23    928.0    311.0   0.2290  45.7936   0.0050  34.9946 -2742.102
 38  24    928.5    310.5   0.2353  47.0566   0.0050  35.9109 -2743.469
 38  25    927.6    311.4   0.2320  46.4057   0.0050  35.5089 -2744.945
 38  26    926.8    312.2   0.2357  47.1494   0.0050  36.1726 -2746.451
 38  27    926.8    312.2   0.2357  47.1494   0.0050  36.1726 -2746.451
 38  28    925.5    313.5   0.2698  53.9664   0.0050  41.5702 -2806.310
 38  29    926.4    312.6   0.2534  50.6864   0.0050  38.9310 -2781.177
 38  30    926.4    312.6   0.2534  50.6864   0.0050  38.9310 -2781.177
 38  31    926.7    312.3   0.2512  50.2304   0.0050  38.5504 -2771.570
 38  32    929.2    309.8   0.2434  48.6874   0.0050  37.0736 -2756.042
 38  33    926.4    312.6   0.1800  35.9995   0.0050  27.6489 -2648.566
 38  34    926.4    312.6   0.1800  35.9995   0.0050  27.6489 -2648.566
 38  35    927.0    312.0   0.1599  31.9727   0.0050  24.5128 -2612.468
 38  36    927.4    311.6   0.1181  23.6274   0.0050  18.0939 -2506.805
 38  37    924.1    314.9   0.0041   0.8141   0.0050   0.6298 -2479.502

