Supplemental results for CODEML (seqf: /gpfs/scratch/cltucker/EBH381-Group-Project/SIV_aligned_ENV.fas  treef: )


pairwise comparison (Goldman & Yang 1994)
seq seq        N       S       dN       dS     dN/dS   Paras.
  2   1    934.6    304.4   0.0676  67.6235   0.0010  50.0000 -3052.146
  3   1    928.9    310.1   0.0664  66.4021   0.0010  50.0000 -3032.109
  3   2    930.6    308.4   0.0668  66.7552   0.0010  50.0000 -2835.249
  4   1    931.3    307.7   0.0669  66.9103   0.0010  50.0000 -3024.897
  4   2    933.0    306.0   0.0673  67.2780   0.0010  50.0000 -2843.499
  4   3    927.3    311.7   0.0661  66.0548   0.0010  50.0000 -2676.207
  5   1    932.5    306.5   0.0672  67.1629   0.0010  50.0000 -2997.000
  5   2    934.2    304.8   0.0676  67.5532   0.0010  50.0000 -2774.503
  5   3    928.5    310.5   0.0663  66.3117   0.0010  50.0000 -2673.732
  5   4    931.0    308.0   0.0668  66.8400   0.0010  50.0000 -2628.789
  6   1    932.5    306.5   0.0672  67.1629   0.0010  50.0000 -2997.000
  6   2    934.2    304.8   0.0676  67.5532   0.0010  50.0000 -2774.503
  6   3    928.5    310.5   0.0663  66.3117   0.0010  50.0000 -2673.732
  6   4    931.0    308.0   0.0668  66.8400   0.0010  50.0000 -2628.789
  6   5    932.3    306.7   0.0000   0.0000   0.0010   0.0000 -1656.102
  7   1    931.8    307.2   0.0670  67.0247   0.0010  50.0000 -3002.520
  7   2    933.6    305.4   0.0674  67.4106   0.0010  50.0000 -2774.116
  7   3    927.9    311.1   0.0662  66.1751   0.0010  50.0000 -2696.481
  7   4    930.3    308.7   0.0667  66.7002   0.0010  50.0000 -2635.543
  7   5    931.6    307.4   0.0005   0.4976   0.0010   0.3714 -2384.024
  7   6    931.6    307.4   0.0005   0.4976   0.0010   0.3715 -2384.024
  8   1    931.8    307.2   0.0670  67.0247   0.0010  50.0000 -3002.520
  8   2    933.6    305.4   0.0674  67.4106   0.0010  50.0000 -2774.116
  8   3    927.9    311.1   0.0662  66.1751   0.0010  50.0000 -2696.481
  8   4    930.3    308.7   0.0667  66.7002   0.0010  50.0000 -2635.543
  8   5    931.6    307.4   0.0005   0.4976   0.0010   0.3714 -2384.024
  8   6    931.6    307.4   0.0005   0.4976   0.0010   0.3714 -2384.024
  8   7    931.0    308.0   0.0000   0.0000   0.0010   0.0000 -1658.130
  9   1    931.1    307.9   0.0669  66.8636   0.0010  50.0000 -2980.967
  9   2    932.8    306.2   0.0672  67.2391   0.0010  50.0000 -2762.675
  9   3    927.1    311.9   0.0660  66.0119   0.0010  50.0000 -2688.203
  9   4    929.5    309.5   0.0665  66.5298   0.0010  50.0000 -2589.393
  9   5    930.8    308.2   0.0668  66.8005   0.0010  50.0000 -2493.975
  9   6    930.8    308.2   0.0668  66.8005   0.0010  50.0000 -2493.975
  9   7    930.2    308.8   0.0667  66.6615   0.0010  50.0000 -2494.444
  9   8    930.2    308.8   0.0667  66.6615   0.0010  50.0000 -2494.444
 10   1    930.6    308.4   0.0668  66.7635   0.0010  50.0000 -2994.577
 10   2    932.4    306.6   0.0671  67.1369   0.0010  50.0000 -2797.381
 10   3    926.6    312.4   0.0659  65.9136   0.0010  50.0000 -2691.233
 10   4    929.1    309.9   0.0664  66.4297   0.0010  50.0000 -2630.337
 10   5    930.3    308.7   0.0667  66.6999   0.0010  50.0000 -2479.392
 10   6    930.3    308.7   0.0667  66.6999   0.0010  50.0000 -2479.392
 10   7    929.7    309.3   0.0666  66.5610   0.0010  50.0000 -2483.973
 10   8    929.7    309.3   0.0666  66.5610   0.0010  50.0000 -2483.973
 10   9    928.9    310.1   0.0664  66.3870   0.0010  50.0000 -2504.033
 11   1    930.6    308.4   0.0668  66.7635   0.0010  50.0000 -2991.213
 11   2    932.4    306.6   0.0671  67.1369   0.0010  50.0000 -2793.981
 11   3    926.6    312.4   0.0659  65.9136   0.0010  50.0000 -2687.831
 11   4    929.1    309.9   0.0664  66.4297   0.0010  50.0000 -2626.925
 11   5    930.3    308.7   0.0667  66.6999   0.0010  50.0000 -2475.962
 11   6    930.3    308.7   0.0667  66.6999   0.0010  50.0000 -2475.962
 11   7    929.7    309.3   0.0666  66.5610   0.0010  50.0000 -2480.542
 11   8    929.7    309.3   0.0666  66.5610   0.0010  50.0000 -2480.542
 11   9    928.9    310.1   0.0664  66.3870   0.0010  50.0000 -2500.623
 11  10    928.4    310.6   0.0000   0.0071   0.0010   0.0053 -1682.247
 12   1    929.9    309.1   0.0666  66.6124   0.0010  50.0000 -3223.784
 12   2    931.4    307.6   0.0669  66.9346   0.0010  50.0000 -3232.509
 12   3    925.9    313.1   0.0657  65.7492   0.0010  50.0000 -3254.574
 12   4    928.2    310.8   0.0662  66.2406   0.0010  50.0000 -3234.733
 12   5    929.4    309.6   0.0665  66.4915   0.0010  50.0000 -3217.104
 12   6    929.4    309.6   0.0665  66.4915   0.0010  50.0000 -3217.104
 12   7    928.7    310.3   0.0664  66.3527   0.0010  50.0000 -3245.934
 12   8    928.7    310.3   0.0664  66.3527   0.0010  50.0000 -3245.934
 12   9    928.0    311.0   0.0662  66.2088   0.0010  50.0000 -3215.924
 12  10    927.6    311.4   0.0661  66.1073   0.0010  50.0000 -3178.202
 12  11    927.6    311.4   0.0661  66.1073   0.0010  50.0000 -3174.805
 13   1    925.5    313.5   0.0657  65.6799   0.0010  50.0000 -3239.271
 13   2    926.9    312.1   0.0660  65.9741   0.0010  50.0000 -3263.391
 13   3    921.4    317.6   0.0648  64.8264   0.0010  50.0000 -3244.100
 13   4    923.7    315.3   0.0653  65.2964   0.0010  50.0000 -3249.421
 13   5    924.8    314.2   0.0655  65.5295   0.0010  50.0000 -3186.839
 13   6    924.8    314.2   0.0655  65.5295   0.0010  50.0000 -3186.839
 13   7    924.1    314.9   0.0654  65.3948   0.0010  50.0000 -3246.431
 13   8    924.1    314.9   0.0654  65.3948   0.0010  50.0000 -3246.431
 13   9    923.5    315.5   0.0653  65.2660   0.0010  50.0000 -3173.450
 13  10    923.0    316.0   0.0652  65.1664   0.0010  50.0000 -3200.016
 13  11    923.0    316.0   0.0652  65.1664   0.0010  50.0000 -3196.617
 13  12    922.2    316.8   0.0650  64.9869   0.0010  50.0000 -2756.759
 14   1    927.2    311.8   0.0660  66.0406   0.0010  50.0000 -3245.637
 14   2    928.7    310.3   0.0664  66.3522   0.0010  50.0000 -3260.531
 14   3    923.1    315.9   0.0652  65.1855   0.0010  50.0000 -3245.099
 14   4    925.5    313.5   0.0657  65.6671   0.0010  50.0000 -3264.977
 14   5    926.6    312.4   0.0659  65.9108   0.0010  50.0000 -3218.629
 14   6    926.6    312.4   0.0659  65.9108   0.0010  50.0000 -3218.629
 14   7    926.0    313.0   0.0658  65.7742   0.0010  50.0000 -3275.018
 14   8    926.0    313.0   0.0658  65.7742   0.0010  50.0000 -3275.018
 14   9    925.3    313.7   0.0656  65.6360   0.0010  50.0000 -3201.547
 14  10    924.8    314.2   0.0655  65.5357   0.0010  50.0000 -3214.066
 14  11    924.8    314.2   0.0655  65.5357   0.0010  50.0000 -3210.661
 14  12    923.9    315.1   0.0653  65.3462   0.0010  50.0000 -2755.549
 14  13    919.5    319.5   0.0003   0.2534   0.0010   0.1967 -2226.382
 15   1    926.3    312.7   0.0658  65.8431   0.0010  50.0000 -3246.019
 15   2    927.7    311.3   0.0661  66.1470   0.0010  50.0000 -3276.215
 15   3    922.2    316.8   0.0650  64.9895   0.0010  50.0000 -3251.895
 15   4    924.5    314.5   0.0655  65.4656   0.0010  50.0000 -3245.654
 15   5    925.6    313.4   0.0657  65.7045   0.0010  50.0000 -3234.051
 15   6    925.6    313.4   0.0657  65.7045   0.0010  50.0000 -3234.051
 15   7    925.0    314.0   0.0656  65.5689   0.0010  50.0000 -3255.353
 15   8    925.0    314.0   0.0656  65.5689   0.0010  50.0000 -3255.353
 15   9    924.3    314.7   0.0654  65.4348   0.0010  50.0000 -3203.287
 15  10    923.9    315.1   0.0653  65.3350   0.0010  50.0000 -3198.941
 15  11    923.9    315.1   0.0653  65.3350   0.0010  50.0000 -3195.538
 15  12    923.0    316.0   0.0652  65.1500   0.0010  50.0000 -2735.180
 15  13    918.5    320.5   0.0003   0.2555   0.0010   0.1988 -2230.453
 15  14    920.2    318.8   0.0001   0.1319   0.0010   0.1021 -2007.561
 16   1    926.2    312.8   0.0658  65.8113   0.0010  50.0000 -3242.694
 16   2    927.6    311.4   0.0661  66.1132   0.0010  50.0000 -3272.743
 16   3    922.0    317.0   0.0650  64.9575   0.0010  50.0000 -3248.596
 16   4    924.3    314.7   0.0654  65.4324   0.0010  50.0000 -3246.094
 16   5    925.5    313.5   0.0657  65.6699   0.0010  50.0000 -3230.762
 16   6    925.5    313.5   0.0657  65.6699   0.0010  50.0000 -3230.762
 16   7    924.8    314.2   0.0655  65.5345   0.0010  50.0000 -3255.802
 16   8    924.8    314.2   0.0655  65.5345   0.0010  50.0000 -3255.802
 16   9    924.2    314.8   0.0654  65.4015   0.0010  50.0000 -3199.989
 16  10    923.7    315.3   0.0653  65.3017   0.0010  50.0000 -3195.634
 16  11    923.7    315.3   0.0653  65.3017   0.0010  50.0000 -3192.233
 16  12    922.8    316.2   0.0651  65.1189   0.0010  50.0000 -2735.531
 16  13    918.4    320.6   0.0003   0.2510   0.0010   0.1954 -2221.573
 16  14    920.1    318.9   0.0001   0.1280   0.0010   0.0991 -1998.017
 16  15    919.2    319.8   0.0000   0.0033   0.0010   0.0026 -1690.271
 17   1    926.2    312.8   0.0658  65.8113   0.0010  50.0000 -3242.694
 17   2    927.6    311.4   0.0661  66.1132   0.0010  50.0000 -3272.743
 17   3    922.0    317.0   0.0650  64.9575   0.0010  50.0000 -3248.596
 17   4    924.3    314.7   0.0654  65.4324   0.0010  50.0000 -3246.094
 17   5    925.5    313.5   0.0657  65.6699   0.0010  50.0000 -3230.762
 17   6    925.5    313.5   0.0657  65.6699   0.0010  50.0000 -3230.762
 17   7    924.8    314.2   0.0655  65.5345   0.0010  50.0000 -3255.802
 17   8    924.8    314.2   0.0655  65.5345   0.0010  50.0000 -3255.802
 17   9    924.2    314.8   0.0654  65.4015   0.0010  50.0000 -3199.989
 17  10    923.7    315.3   0.0653  65.3017   0.0010  50.0000 -3195.634
 17  11    923.7    315.3   0.0653  65.3017   0.0010  50.0000 -3192.233
 17  12    922.8    316.2   0.0651  65.1189   0.0010  50.0000 -2735.531
 17  13    918.4    320.6   0.0003   0.2510   0.0010   0.1954 -2221.573
 17  14    920.1    318.9   0.0001   0.1280   0.0010   0.0991 -1998.017
 17  15    919.2    319.8   0.0000   0.0033   0.0010   0.0026 -1690.271
 17  16    919.0    320.0   0.0000   0.0000   0.0010   0.0000 -1676.045
 18   1    928.9    310.1   0.0664  66.3868   0.0010  50.0000 -3211.612
 18   2    930.5    308.5   0.0667  66.7269   0.0010  50.0000 -3297.585
 18   3    924.8    314.2   0.0655  65.5344   0.0010  50.0000 -3269.892
 18   4    927.2    311.8   0.0660  66.0328   0.0010  50.0000 -3261.631
 18   5    928.4    310.6   0.0663  66.2928   0.0010  50.0000 -3258.009
 18   6    928.4    310.6   0.0663  66.2928   0.0010  50.0000 -3258.009
 18   7    927.8    311.2   0.0662  66.1540   0.0010  50.0000 -3265.671
 18   8    927.8    311.2   0.0662  66.1540   0.0010  50.0000 -3265.671
 18   9    927.0    312.0   0.0660  66.0000   0.0010  50.0000 -3251.194
 18  10    926.6    312.4   0.0659  65.8995   0.0010  50.0000 -3246.031
 18  11    926.6    312.4   0.0659  65.8995   0.0010  50.0000 -3242.611
 18  12    925.6    313.4   0.0657  65.6974   0.0010  50.0000 -2794.174
 18  13    921.1    317.9   0.0648  64.7688   0.0010  50.0000 -2815.022
 18  14    922.9    316.1   0.0651  65.1323   0.0010  50.0000 -2817.760
 18  15    921.9    317.1   0.0649  64.9345   0.0010  50.0000 -2803.830
 18  16    921.8    317.2   0.0649  64.9025   0.0010  50.0000 -2800.493
 18  17    921.8    317.2   0.0649  64.9025   0.0010  50.0000 -2800.493
 19   1    932.6    306.4   0.0672  67.1974   0.0010  50.0000 -3242.499
 19   2    934.2    304.8   0.0675  67.5334   0.0010  50.0000 -3235.301
 19   3    928.6    310.4   0.0663  66.3255   0.0010  50.0000 -3273.749
 19   4    930.9    308.1   0.0668  66.8276   0.0010  50.0000 -3266.770
 19   5    932.1    306.9   0.0671  67.0815   0.0010  50.0000 -3210.949
 19   6    932.1    306.9   0.0671  67.0815   0.0010  50.0000 -3210.949
 19   7    931.5    307.5   0.0669  66.9420   0.0010  50.0000 -3253.713
 19   8    931.5    307.5   0.0669  66.9420   0.0010  50.0000 -3253.713
 19   9    930.8    308.2   0.0668  66.7895   0.0010  50.0000 -3206.649
 19  10    930.3    308.7   0.0667  66.6879   0.0010  50.0000 -3171.705
 19  11    930.3    308.7   0.0667  66.6879   0.0010  50.0000 -3168.328
 19  12    929.4    309.6   0.0665  66.5069   0.0010  50.0000 -2780.282
 19  13    925.0    314.0   0.0656  65.5730   0.0010  50.0000 -2834.992
 19  14    926.7    312.3   0.0659  65.9359   0.0010  50.0000 -2806.612
 19  15    925.8    313.2   0.0657  65.7376   0.0010  50.0000 -2780.424
 19  16    925.6    313.4   0.0657  65.7059   0.0010  50.0000 -2777.062
 19  17    925.6    313.4   0.0657  65.7059   0.0010  50.0000 -2777.062
 19  18    928.4    310.6   0.0663  66.2884   0.0010  50.0000 -2673.905
 20   1    931.9    307.1   0.0670  67.0483   0.0010  50.0000 -3188.150
 20   2    933.5    305.5   0.0674  67.3901   0.0010  50.0000 -3205.434
 20   3    927.9    311.1   0.0662  66.1811   0.0010  50.0000 -3186.914
 20   4    930.3    308.7   0.0667  66.6852   0.0010  50.0000 -3129.567
 20   5    931.5    307.5   0.0669  66.9430   0.0010  50.0000 -3168.262
 20   6    931.5    307.5   0.0669  66.9430   0.0010  50.0000 -3168.262
 20   7    930.8    308.2   0.0668  66.8033   0.0010  50.0000 -3178.330
 20   8    930.8    308.2   0.0668  66.8033   0.0010  50.0000 -3178.330
 20   9    930.1    308.9   0.0666  66.6477   0.0010  50.0000 -3132.416
 20  10    929.6    309.4   0.0665  66.5463   0.0010  50.0000 -3160.328
 20  11    929.6    309.4   0.0665  66.5463   0.0010  50.0000 -3156.939
 20  12    928.7    310.3   0.0664  66.3597   0.0010  50.0000 -3000.569
 20  13    924.3    314.7   0.0654  65.4237   0.0010  50.0000 -3062.003
 20  14    926.0    313.0   0.0658  65.7885   0.0010  50.0000 -3037.795
 20  15    925.1    313.9   0.0656  65.5895   0.0010  50.0000 -3021.649
 20  16    924.9    314.1   0.0656  65.5575   0.0010  50.0000 -3018.295
 20  17    924.9    314.1   0.0656  65.5575   0.0010  50.0000 -3018.295
 20  18    927.7    311.3   0.0661  66.1447   0.0010  50.0000 -2994.792
 20  19    931.5    307.5   0.0670  66.9539   0.0010  50.0000 -3008.385
 21   1    929.8    309.2   0.0666  66.5844   0.0010  50.0000 -3219.772
 21   2    931.3    307.7   0.0669  66.9016   0.0010  50.0000 -3202.618
 21   3    925.7    313.3   0.0657  65.7165   0.0010  50.0000 -3265.324
 21   4    928.0    311.0   0.0662  66.2044   0.0010  50.0000 -3233.092
 21   5    929.1    309.9   0.0664  66.4441   0.0010  50.0000 -3192.365
 21   6    929.1    309.9   0.0664  66.4441   0.0010  50.0000 -3192.365
 21   7    928.5    310.5   0.0663  66.3077   0.0010  50.0000 -3207.001
 21   8    928.5    310.5   0.0663  66.3077   0.0010  50.0000 -3207.001
 21   9    927.8    311.2   0.0662  66.1651   0.0010  50.0000 -3187.950
 21  10    927.4    311.6   0.0661  66.0650   0.0010  50.0000 -3209.814
 21  11    927.4    311.6   0.0661  66.0650   0.0010  50.0000 -3206.453
 21  12    926.6    312.4   0.0659  65.9055   0.0010  50.0000 -3104.522
 21  13    922.2    316.8   0.0650  64.9939   0.0010  50.0000 -3143.124
 21  14    923.9    315.1   0.0653  65.3447   0.0010  50.0000 -3137.855
 21  15    923.0    316.0   0.0652  65.1521   0.0010  50.0000 -3136.713
 21  16    922.8    316.2   0.0651  65.1218   0.0010  50.0000 -3133.380
 21  17    922.8    316.2   0.0651  65.1218   0.0010  50.0000 -3133.380
 21  18    925.5    313.5   0.0657  65.6800   0.0010  50.0000 -3128.404
 21  19    929.4    309.6   0.0665  66.4922   0.0010  50.0000 -3086.058
 21  20    928.7    310.3   0.0663  66.3415   0.0010  50.0000 -2796.317
 22   1    932.8    306.2   0.0672  67.2369   0.0010  50.0000 -3180.187
 22   2    934.3    304.7   0.0676  67.5566   0.0010  50.0000 -3177.890
 22   3    928.8    310.2   0.0664  66.3654   0.0010  50.0000 -3199.694
 22   4    931.1    307.9   0.0669  66.8601   0.0010  50.0000 -3169.345
 22   5    932.3    306.7   0.0671  67.1149   0.0010  50.0000 -3147.551
 22   6    932.3    306.7   0.0671  67.1149   0.0010  50.0000 -3147.551
 22   7    931.6    307.4   0.0670  66.9738   0.0010  50.0000 -3141.587
 22   8    931.6    307.4   0.0670  66.9738   0.0010  50.0000 -3141.587
 22   9    930.9    308.1   0.0668  66.8320   0.0010  50.0000 -3152.014
 22  10    930.5    308.5   0.0667  66.7285   0.0010  50.0000 -3148.935
 22  11    930.5    308.5   0.0667  66.7285   0.0010  50.0000 -3145.557
 22  12    929.5    309.5   0.0665  66.5124   0.0010  50.0000 -3038.802
 22  13    925.0    314.0   0.0656  65.5771   0.0010  50.0000 -3046.089
 22  14    926.8    312.2   0.0659  65.9423   0.0010  50.0000 -3058.641
 22  15    925.8    313.2   0.0657  65.7433   0.0010  50.0000 -3042.178
 22  16    925.7    313.3   0.0657  65.7118   0.0010  50.0000 -3038.805
 22  17    925.7    313.3   0.0657  65.7118   0.0010  50.0000 -3038.805
 22  18    928.5    310.5   0.0663  66.3020   0.0010  50.0000 -3035.257
 22  19    932.3    306.7   0.0671  67.1199   0.0010  50.0000 -3057.296
 22  20    931.6    307.4   0.0670  66.9727   0.0010  50.0000 -2698.820
 22  21    929.5    309.5   0.0665  66.5142   0.0010  50.0000 -2862.921
 23   1    932.7    306.3   0.0672  67.2040   0.0010  50.0000 -3202.825
 23   2    934.1    304.9   0.0675  67.5244   0.0010  50.0000 -3174.051
 23   3    928.6    310.4   0.0663  66.3319   0.0010  50.0000 -3188.232
 23   4    930.9    308.1   0.0668  66.8265   0.0010  50.0000 -3179.306
 23   5    932.1    306.9   0.0671  67.0795   0.0010  50.0000 -3154.893
 23   6    932.1    306.9   0.0671  67.0795   0.0010  50.0000 -3154.893
 23   7    931.4    307.6   0.0669  66.9389   0.0010  50.0000 -3153.173
 23   8    931.4    307.6   0.0669  66.9389   0.0010  50.0000 -3153.173
 23   9    930.8    308.2   0.0668  66.7963   0.0010  50.0000 -3151.455
 23  10    930.3    308.7   0.0667  66.6933   0.0010  50.0000 -3165.301
 23  11    930.3    308.7   0.0667  66.6933   0.0010  50.0000 -3161.928
 23  12    929.3    309.7   0.0665  66.4865   0.0010  50.0000 -3057.776
 23  13    924.9    314.1   0.0656  65.5534   0.0010  50.0000 -3054.722
 23  14    926.7    312.3   0.0659  65.9170   0.0010  50.0000 -3046.787
 23  15    925.7    313.3   0.0657  65.7187   0.0010  50.0000 -3045.840
 23  16    925.6    313.4   0.0657  65.6873   0.0010  50.0000 -3042.474
 23  17    925.6    313.4   0.0657  65.6873   0.0010  50.0000 -3042.474
 23  18    928.3    310.7   0.0663  66.2734   0.0010  50.0000 -3047.109
 23  19    932.1    306.9   0.0671  67.0912   0.0010  50.0000 -3049.552
 23  20    931.5    307.5   0.0669  66.9434   0.0010  50.0000 -2705.427
 23  21    929.3    309.7   0.0665  66.4862   0.0010  50.0000 -2861.950
 23  22    932.1    306.9   0.0001   0.0898   0.0010   0.0669 -1886.175
 24   1    933.1    305.9   0.0673  67.2895   0.0010  50.0000 -3191.099
 24   2    934.5    304.5   0.0676  67.6115   0.0010  50.0000 -3159.692
 24   3    929.0    310.0   0.0664  66.4151   0.0010  50.0000 -3151.969
 24   4    931.3    307.7   0.0669  66.9109   0.0010  50.0000 -3162.353
 24   5    932.5    306.5   0.0672  67.1620   0.0010  50.0000 -3142.437
 24   6    932.5    306.5   0.0672  67.1620   0.0010  50.0000 -3142.437
 24   7    931.8    307.2   0.0670  67.0218   0.0010  50.0000 -3175.946
 24   8    931.8    307.2   0.0670  67.0218   0.0010  50.0000 -3175.946
 24   9    931.2    307.8   0.0669  66.8779   0.0010  50.0000 -3133.356
 24  10    930.7    308.3   0.0668  66.7752   0.0010  50.0000 -3171.363
 24  11    930.7    308.3   0.0668  66.7752   0.0010  50.0000 -3167.999
 24  12    929.8    309.2   0.0666  66.5794   0.0010  50.0000 -3004.933
 24  13    925.4    313.6   0.0656  65.6474   0.0010  50.0000 -3029.162
 24  14    927.1    311.9   0.0660  66.0096   0.0010  50.0000 -3056.636
 24  15    926.2    312.8   0.0658  65.8117   0.0010  50.0000 -3041.463
 24  16    926.0    313.0   0.0658  65.7805   0.0010  50.0000 -3038.066
 24  17    926.0    313.0   0.0658  65.7805   0.0010  50.0000 -3038.066
 24  18    928.8    310.2   0.0664  66.3628   0.0010  50.0000 -3040.178
 24  19    932.6    306.4   0.0672  67.1817   0.0010  50.0000 -3047.827
 24  20    931.9    307.1   0.0670  67.0329   0.0010  50.0000 -2779.411
 24  21    929.8    309.2   0.0666  66.5767   0.0010  50.0000 -2877.321
 24  22    932.6    306.4   0.0672  67.1839   0.0010  50.0000 -2660.153
 24  23    932.5    306.5   0.0672  67.1587   0.0010  50.0000 -2671.459
 25   1    932.3    306.7   0.0671  67.1253   0.0010  50.0000 -3163.742
 25   2    933.9    305.1   0.0675  67.4743   0.0010  50.0000 -3160.536
 25   3    928.3    310.7   0.0663  66.2620   0.0010  50.0000 -3198.478
 25   4    930.7    308.3   0.0668  66.7711   0.0010  50.0000 -3211.042
 25   5    931.9    307.1   0.0670  67.0406   0.0010  50.0000 -3121.676
 25   6    931.9    307.1   0.0670  67.0406   0.0010  50.0000 -3121.676
 25   7    931.3    307.7   0.0669  66.8984   0.0010  50.0000 -3147.254
 25   8    931.3    307.7   0.0669  66.8984   0.0010  50.0000 -3147.254
 25   9    930.5    308.5   0.0667  66.7402   0.0010  50.0000 -3115.280
 25  10    930.0    309.0   0.0666  66.6375   0.0010  50.0000 -3135.738
 25  11    930.0    309.0   0.0666  66.6375   0.0010  50.0000 -3132.332
 25  12    929.0    310.0   0.0664  66.4158   0.0010  50.0000 -3098.573
 25  13    924.5    314.5   0.0655  65.4664   0.0010  50.0000 -3080.140
 25  14    926.3    312.7   0.0658  65.8402   0.0010  50.0000 -3073.740
 25  15    925.3    313.7   0.0656  65.6373   0.0010  50.0000 -3066.404
 25  16    925.2    313.8   0.0656  65.6044   0.0010  50.0000 -3063.055
 25  17    925.2    313.8   0.0656  65.6044   0.0010  50.0000 -3063.055
 25  18    928.1    310.9   0.0662  66.2125   0.0010  50.0000 -3073.402
 25  19    931.8    307.2   0.0670  67.0193   0.0010  50.0000 -3018.489
 25  20    931.2    307.8   0.0669  66.8760   0.0010  50.0000 -2800.853
 25  21    928.9    310.1   0.0664  66.3988   0.0010  50.0000 -2853.616
 25  22    931.8    307.2   0.0670  67.0237   0.0010  50.0000 -2693.172
 25  23    931.7    307.3   0.0670  66.9960   0.0010  50.0000 -2693.539
 25  24    932.1    306.9   0.0671  67.0875   0.0010  50.0000 -2543.547
 26   1    931.3    307.7   0.0669  66.9033   0.0010  50.0000 -3196.848
 26   2    932.7    306.3   0.0672  67.2121   0.0010  50.0000 -3108.054
 26   3    927.2    311.8   0.0660  66.0274   0.0010  50.0000 -3174.298
 26   4    929.5    309.5   0.0665  66.5133   0.0010  50.0000 -3201.935
 26   5    930.6    308.4   0.0667  66.7487   0.0010  50.0000 -3131.373
 26   6    930.6    308.4   0.0667  66.7487   0.0010  50.0000 -3131.373
 26   7    929.9    309.1   0.0666  66.6119   0.0010  50.0000 -3176.645
 26   8    929.9    309.1   0.0666  66.6119   0.0010  50.0000 -3176.645
 26   9    929.3    309.7   0.0665  66.4741   0.0010  50.0000 -3164.584
 26  10    928.8    310.2   0.0664  66.3731   0.0010  50.0000 -3142.807
 26  11    928.8    310.2   0.0664  66.3731   0.0010  50.0000 -3139.464
 26  12    928.1    310.9   0.0662  66.2164   0.0010  50.0000 -2974.093
 26  13    923.7    315.3   0.0653  65.3049   0.0010  50.0000 -3056.908
 26  14    925.4    313.6   0.0657  65.6545   0.0010  50.0000 -3049.877
 26  15    924.5    314.5   0.0655  65.4622   0.0010  50.0000 -3026.863
 26  16    924.3    314.7   0.0654  65.4323   0.0010  50.0000 -3023.517
 26  17    924.3    314.7   0.0654  65.4323   0.0010  50.0000 -3023.517
 26  18    927.0    312.0   0.0660  65.9869   0.0010  50.0000 -3022.839
 26  19    930.8    308.2   0.0668  66.8072   0.0010  50.0000 -2994.075
 26  20    930.1    308.9   0.0667  66.6544   0.0010  50.0000 -2814.426
 26  21    928.1    310.9   0.0662  66.2150   0.0010  50.0000 -2804.153
 26  22    930.9    308.1   0.0668  66.8243   0.0010  50.0000 -2771.653
 26  23    930.8    308.2   0.0668  66.7978   0.0010  50.0000 -2791.988
 26  24    931.2    307.8   0.0669  66.8903   0.0010  50.0000 -2770.337
 26  25    930.4    308.6   0.0667  66.7058   0.0010  50.0000 -2779.129
 27   1    931.3    307.7   0.0669  66.9033   0.0010  50.0000 -3196.848
 27   2    932.7    306.3   0.0672  67.2121   0.0010  50.0000 -3108.054
 27   3    927.2    311.8   0.0660  66.0274   0.0010  50.0000 -3174.298
 27   4    929.5    309.5   0.0665  66.5133   0.0010  50.0000 -3201.935
 27   5    930.6    308.4   0.0667  66.7487   0.0010  50.0000 -3131.373
 27   6    930.6    308.4   0.0667  66.7487   0.0010  50.0000 -3131.373
 27   7    929.9    309.1   0.0666  66.6119   0.0010  50.0000 -3176.645
 27   8    929.9    309.1   0.0666  66.6119   0.0010  50.0000 -3176.645
 27   9    929.3    309.7   0.0665  66.4741   0.0010  50.0000 -3164.584
 27  10    928.8    310.2   0.0664  66.3731   0.0010  50.0000 -3142.807
 27  11    928.8    310.2   0.0664  66.3731   0.0010  50.0000 -3139.464
 27  12    928.1    310.9   0.0662  66.2164   0.0010  50.0000 -2974.093
 27  13    923.7    315.3   0.0653  65.3049   0.0010  50.0000 -3056.908
 27  14    925.4    313.6   0.0657  65.6545   0.0010  50.0000 -3049.877
 27  15    924.5    314.5   0.0655  65.4622   0.0010  50.0000 -3026.863
 27  16    924.3    314.7   0.0654  65.4323   0.0010  50.0000 -3023.517
 27  17    924.3    314.7   0.0654  65.4323   0.0010  50.0000 -3023.517
 27  18    927.0    312.0   0.0660  65.9869   0.0010  50.0000 -3022.839
 27  19    930.8    308.2   0.0668  66.8072   0.0010  50.0000 -2994.075
 27  20    930.1    308.9   0.0667  66.6544   0.0010  50.0000 -2814.426
 27  21    928.1    310.9   0.0662  66.2150   0.0010  50.0000 -2804.153
 27  22    930.9    308.1   0.0668  66.8243   0.0010  50.0000 -2771.653
 27  23    930.8    308.2   0.0668  66.7978   0.0010  50.0000 -2791.988
 27  24    931.2    307.8   0.0669  66.8903   0.0010  50.0000 -2770.337
 27  25    930.4    308.6   0.0667  66.7058   0.0010  50.0000 -2779.129
 27  26    929.6    309.4   0.0000   0.0000   0.0010   0.0000 -1662.231
 28   1    930.0    309.0   0.0666  66.6287   0.0010  50.0000 -3235.595
 28   2    931.5    307.5   0.0670  66.9623   0.0010  50.0000 -3180.815
 28   3    925.9    313.1   0.0658  65.7648   0.0010  50.0000 -3205.652
 28   4    928.3    310.7   0.0663  66.2609   0.0010  50.0000 -3182.773
 28   5    929.4    309.6   0.0665  66.5076   0.0010  50.0000 -3177.214
 28   6    929.4    309.6   0.0665  66.5076   0.0010  50.0000 -3177.214
 28   7    928.8    310.2   0.0664  66.3709   0.0010  50.0000 -3178.730
 28   8    928.8    310.2   0.0664  66.3709   0.0010  50.0000 -3178.730
 28   9    928.1    310.9   0.0662  66.2189   0.0010  50.0000 -3125.308
 28  10    927.6    311.4   0.0661  66.1194   0.0010  50.0000 -3150.010
 28  11    927.6    311.4   0.0661  66.1194   0.0010  50.0000 -3146.641
 28  12    926.9    312.1   0.0660  65.9613   0.0010  50.0000 -3033.178
 28  13    922.4    316.6   0.0650  65.0429   0.0010  50.0000 -3115.670
 28  14    924.2    314.8   0.0654  65.3977   0.0010  50.0000 -3093.923
 28  15    923.2    315.8   0.0652  65.2033   0.0010  50.0000 -3087.589
 28  16    923.1    315.9   0.0652  65.1723   0.0010  50.0000 -3088.001
 28  17    923.1    315.9   0.0652  65.1723   0.0010  50.0000 -3088.001
 28  18    925.8    313.2   0.0657  65.7384   0.0010  50.0000 -3104.086
 28  19    929.6    309.4   0.0665  66.5444   0.0010  50.0000 -3071.656
 28  20    928.9    310.1   0.0664  66.3956   0.0010  50.0000 -2904.290
 28  21    926.8    312.2   0.0659  65.9423   0.0010  50.0000 -2953.102
 28  22    929.8    309.2   0.0666  66.5757   0.0010  50.0000 -2895.134
 28  23    929.6    309.4   0.0665  66.5451   0.0010  50.0000 -2908.529
 28  24    930.0    309.0   0.0666  66.6324   0.0010  50.0000 -2901.628
 28  25    929.2    309.8   0.0665  66.4636   0.0010  50.0000 -2893.517
 28  26    928.3    310.7   0.0663  66.2584   0.0010  50.0000 -2883.741
 28  27    928.3    310.7   0.0663  66.2584   0.0010  50.0000 -2883.741
 29   1    930.9    308.1   0.0668  66.8325   0.0010  50.0000 -3255.658
 29   2    932.5    306.5   0.0672  67.1629   0.0010  50.0000 -3183.603
 29   3    926.9    312.1   0.0660  65.9644   0.0010  50.0000 -3249.281
 29   4    929.2    309.8   0.0665  66.4609   0.0010  50.0000 -3233.723
 29   5    930.4    308.6   0.0667  66.7089   0.0010  50.0000 -3189.625
 29   6    930.4    308.6   0.0667  66.7089   0.0010  50.0000 -3189.625
 29   7    929.7    309.3   0.0666  66.5711   0.0010  50.0000 -3219.924
 29   8    929.7    309.3   0.0666  66.5711   0.0010  50.0000 -3219.924
 29   9    929.0    310.0   0.0664  66.4213   0.0010  50.0000 -3165.807
 29  10    928.6    310.4   0.0663  66.3207   0.0010  50.0000 -3197.903
 29  11    928.6    310.4   0.0663  66.3207   0.0010  50.0000 -3194.535
 29  12    927.8    311.2   0.0662  66.1523   0.0010  50.0000 -3086.819
 29  13    923.3    315.7   0.0652  65.2292   0.0010  50.0000 -3146.126
 29  14    925.1    313.9   0.0656  65.5863   0.0010  50.0000 -3174.014
 29  15    924.1    314.9   0.0654  65.3908   0.0010  50.0000 -3163.349
 29  16    924.0    315.0   0.0654  65.3597   0.0010  50.0000 -3163.704
 29  17    924.0    315.0   0.0654  65.3597   0.0010  50.0000 -3163.704
 29  18    926.7    312.3   0.0659  65.9307   0.0010  50.0000 -3134.526
 29  19    930.5    308.5   0.0667  66.7415   0.0010  50.0000 -3080.044
 29  20    929.8    309.2   0.0666  66.5924   0.0010  50.0000 -2901.495
 29  21    927.7    311.3   0.0661  66.1380   0.0010  50.0000 -2910.966
 29  22    930.6    308.4   0.0668  66.7646   0.0010  50.0000 -2825.015
 29  23    930.5    308.5   0.0667  66.7355   0.0010  50.0000 -2858.660
 29  24    930.9    308.1   0.0668  66.8249   0.0010  50.0000 -2892.976
 29  25    930.1    308.9   0.0667  66.6566   0.0010  50.0000 -2872.110
 29  26    929.2    309.8   0.0665  66.4538   0.0010  50.0000 -2851.793
 29  27    929.2    309.8   0.0665  66.4538   0.0010  50.0000 -2851.793
 29  28    927.9    311.1   0.0662  66.1861   0.0010  50.0000 -2676.136
 30   1    930.9    308.1   0.0668  66.8325   0.0010  50.0000 -3255.658
 30   2    932.5    306.5   0.0672  67.1629   0.0010  50.0000 -3183.603
 30   3    926.9    312.1   0.0660  65.9644   0.0010  50.0000 -3249.281
 30   4    929.2    309.8   0.0665  66.4609   0.0010  50.0000 -3233.723
 30   5    930.4    308.6   0.0667  66.7089   0.0010  50.0000 -3189.625
 30   6    930.4    308.6   0.0667  66.7089   0.0010  50.0000 -3189.625
 30   7    929.7    309.3   0.0666  66.5711   0.0010  50.0000 -3219.924
 30   8    929.7    309.3   0.0666  66.5711   0.0010  50.0000 -3219.924
 30   9    929.0    310.0   0.0664  66.4213   0.0010  50.0000 -3165.807
 30  10    928.6    310.4   0.0663  66.3207   0.0010  50.0000 -3197.903
 30  11    928.6    310.4   0.0663  66.3207   0.0010  50.0000 -3194.535
 30  12    927.8    311.2   0.0662  66.1523   0.0010  50.0000 -3086.819
 30  13    923.3    315.7   0.0652  65.2292   0.0010  50.0000 -3146.126
 30  14    925.1    313.9   0.0656  65.5863   0.0010  50.0000 -3174.014
 30  15    924.1    314.9   0.0654  65.3908   0.0010  50.0000 -3163.349
 30  16    924.0    315.0   0.0654  65.3597   0.0010  50.0000 -3163.704
 30  17    924.0    315.0   0.0654  65.3597   0.0010  50.0000 -3163.704
 30  18    926.7    312.3   0.0659  65.9307   0.0010  50.0000 -3134.526
 30  19    930.5    308.5   0.0667  66.7415   0.0010  50.0000 -3080.044
 30  20    929.8    309.2   0.0666  66.5924   0.0010  50.0000 -2901.495
 30  21    927.7    311.3   0.0661  66.1380   0.0010  50.0000 -2910.966
 30  22    930.6    308.4   0.0668  66.7646   0.0010  50.0000 -2825.015
 30  23    930.5    308.5   0.0667  66.7355   0.0010  50.0000 -2858.660
 30  24    930.9    308.1   0.0668  66.8249   0.0010  50.0000 -2892.976
 30  25    930.1    308.9   0.0667  66.6566   0.0010  50.0000 -2872.110
 30  26    929.2    309.8   0.0665  66.4538   0.0010  50.0000 -2851.793
 30  27    929.2    309.8   0.0665  66.4538   0.0010  50.0000 -2851.793
 30  28    927.9    311.1   0.0662  66.1861   0.0010  50.0000 -2676.136
 30  29    928.9    310.1   0.0000   0.0000   0.0010   0.0000 -1663.439
 31   1    931.2    307.8   0.0669  66.8928   0.0010  50.0000 -3318.805
 31   2    932.7    306.3   0.0672  67.2187   0.0010  50.0000 -3232.789
 31   3    927.2    311.8   0.0660  66.0234   0.0010  50.0000 -3253.731
 31   4    929.5    309.5   0.0665  66.5183   0.0010  50.0000 -3281.037
 31   5    930.6    308.4   0.0668  66.7667   0.0010  50.0000 -3266.708
 31   6    930.6    308.4   0.0668  66.7667   0.0010  50.0000 -3266.708
 31   7    930.0    309.0   0.0666  66.6283   0.0010  50.0000 -3269.634
 31   8    930.0    309.0   0.0666  66.6283   0.0010  50.0000 -3269.634
 31   9    929.3    309.7   0.0665  66.4815   0.0010  50.0000 -3230.227
 31  10    928.8    310.2   0.0664  66.3802   0.0010  50.0000 -3272.100
 31  11    928.8    310.2   0.0664  66.3802   0.0010  50.0000 -3268.731
 31  12    928.0    311.0   0.0662  66.2020   0.0010  50.0000 -3093.914
 31  13    923.6    315.4   0.0653  65.2774   0.0010  50.0000 -3124.707
 31  14    925.3    313.7   0.0656  65.6356   0.0010  50.0000 -3097.223
 31  15    924.4    314.6   0.0654  65.4396   0.0010  50.0000 -3100.360
 31  16    924.2    314.8   0.0654  65.4086   0.0010  50.0000 -3097.010
 31  17    924.2    314.8   0.0654  65.4086   0.0010  50.0000 -3097.010
 31  18    927.0    312.0   0.0660  65.9823   0.0010  50.0000 -3089.309
 31  19    930.8    308.2   0.0668  66.7955   0.0010  50.0000 -3056.537
 31  20    930.1    308.9   0.0666  66.6465   0.0010  50.0000 -2914.095
 31  21    928.0    311.0   0.0662  66.1926   0.0010  50.0000 -2921.001
 31  22    930.8    308.2   0.0668  66.8109   0.0010  50.0000 -2914.060
 31  23    930.7    308.3   0.0668  66.7833   0.0010  50.0000 -2923.115
 31  24    931.1    307.9   0.0669  66.8746   0.0010  50.0000 -2950.421
 31  25    930.4    308.6   0.0667  66.7065   0.0010  50.0000 -2956.278
 31  26    929.4    309.6   0.0665  66.5075   0.0010  50.0000 -2843.429
 31  27    929.4    309.6   0.0665  66.5075   0.0010  50.0000 -2843.429
 31  28    928.2    310.8   0.0662  66.2433   0.0010  50.0000 -2711.844
 31  29    929.1    309.9   0.0664  66.4383   0.0010  50.0000 -2739.229
 31  30    929.1    309.9   0.0664  66.4383   0.0010  50.0000 -2739.229
 32   1    933.8    305.2   0.0675  67.4612   0.0010  50.0000 -3270.579
 32   2    935.4    303.6   0.0678  67.8066   0.0010  50.0000 -3193.467
 32   3    929.8    309.2   0.0666  66.5919   0.0010  50.0000 -3259.924
 32   4    932.2    306.8   0.0671  67.1016   0.0010  50.0000 -3235.296
 32   5    933.4    305.6   0.0674  67.3708   0.0010  50.0000 -3258.353
 32   6    933.4    305.6   0.0674  67.3708   0.0010  50.0000 -3258.353
 32   7    932.8    306.2   0.0672  67.2277   0.0010  50.0000 -3279.445
 32   8    932.8    306.2   0.0672  67.2277   0.0010  50.0000 -3279.445
 32   9    932.1    306.9   0.0671  67.0717   0.0010  50.0000 -3206.333
 32  10    931.6    307.4   0.0670  66.9680   0.0010  50.0000 -3242.773
 32  11    931.6    307.4   0.0670  66.9680   0.0010  50.0000 -3239.379
 32  12    930.5    308.5   0.0667  66.7422   0.0010  50.0000 -3059.580
 32  13    926.0    313.0   0.0658  65.7890   0.0010  50.0000 -3080.569
 32  14    927.8    311.2   0.0662  66.1642   0.0010  50.0000 -3058.116
 32  15    926.9    312.1   0.0660  65.9605   0.0010  50.0000 -3079.165
 32  16    926.7    312.3   0.0659  65.9276   0.0010  50.0000 -3075.788
 32  17    926.7    312.3   0.0659  65.9276   0.0010  50.0000 -3075.788
 32  18    929.6    309.4   0.0665  66.5380   0.0010  50.0000 -3096.668
 32  19    933.3    305.7   0.0674  67.3506   0.0010  50.0000 -3074.063
 32  20    932.7    306.3   0.0672  67.2065   0.0010  50.0000 -2939.730
 32  21    930.5    308.5   0.0667  66.7293   0.0010  50.0000 -2972.185
 32  22    933.3    305.7   0.0673  67.3491   0.0010  50.0000 -2860.181
 32  23    933.2    305.8   0.0673  67.3226   0.0010  50.0000 -2873.534
 32  24    933.6    305.4   0.0674  67.4159   0.0010  50.0000 -2897.237
 32  25    933.0    306.0   0.0673  67.2722   0.0010  50.0000 -2909.999
 32  26    931.9    307.1   0.0670  67.0373   0.0010  50.0000 -2832.209
 32  27    931.9    307.1   0.0670  67.0373   0.0010  50.0000 -2832.209
 32  28    930.8    308.2   0.0668  66.7953   0.0010  50.0000 -2709.614
 32  29    931.7    307.3   0.0670  66.9878   0.0010  50.0000 -2696.016
 32  30    931.7    307.3   0.0670  66.9878   0.0010  50.0000 -2696.016
 32  31    931.9    307.1   0.0670  67.0364   0.0010  50.0000 -2632.150
 33   1    930.9    308.1   0.0668  66.8193   0.0010  50.0000 -3159.984
 33   2    932.3    306.7   0.0671  67.1320   0.0010  50.0000 -3162.983
 33   3    926.8    312.2   0.0659  65.9441   0.0010  50.0000 -3193.540
 33   4    929.1    309.9   0.0664  66.4311   0.0010  50.0000 -3179.112
 33   5    930.2    308.8   0.0667  66.6649   0.0010  50.0000 -3143.603
 33   6    930.2    308.8   0.0667  66.6649   0.0010  50.0000 -3143.603
 33   7    929.5    309.5   0.0665  66.5291   0.0010  50.0000 -3167.137
 33   8    929.5    309.5   0.0665  66.5291   0.0010  50.0000 -3167.137
 33   9    928.9    310.1   0.0664  66.3883   0.0010  50.0000 -3145.393
 33  10    928.4    310.6   0.0663  66.2883   0.0010  50.0000 -3165.197
 33  11    928.4    310.6   0.0663  66.2883   0.0010  50.0000 -3161.858
 33  12    927.7    311.3   0.0661  66.1455   0.0010  50.0000 -3060.693
 33  13    923.4    315.6   0.0652  65.2368   0.0010  50.0000 -3096.194
 33  14    925.1    313.9   0.0656  65.5844   0.0010  50.0000 -3100.521
 33  15    924.1    314.9   0.0654  65.3930   0.0010  50.0000 -3086.172
 33  16    924.0    315.0   0.0654  65.3631   0.0010  50.0000 -3086.472
 33  17    924.0    315.0   0.0654  65.3631   0.0010  50.0000 -3086.472
 33  18    926.6    312.4   0.0659  65.9127   0.0010  50.0000 -3061.231
 33  19    930.5    308.5   0.0667  66.7310   0.0010  50.0000 -3058.221
 33  20    929.8    309.2   0.0666  66.5777   0.0010  50.0000 -2812.811
 33  21    927.7    311.3   0.0661  66.1389   0.0010  50.0000 -2873.921
 33  22    930.6    308.4   0.0668  66.7579   0.0010  50.0000 -2826.955
 33  23    930.5    308.5   0.0667  66.7296   0.0010  50.0000 -2835.802
 33  24    930.9    308.1   0.0668  66.8200   0.0010  50.0000 -2753.762
 33  25    930.0    309.0   0.0666  66.6335   0.0010  50.0000 -2744.189
 33  26    929.2    309.8   0.0665  66.4604   0.0010  50.0000 -2765.899
 33  27    929.2    309.8   0.0665  66.4604   0.0010  50.0000 -2765.899
 33  28    927.9    311.1   0.0662  66.1784   0.0010  50.0000 -2855.739
 33  29    928.8    310.2   0.0664  66.3765   0.0010  50.0000 -2868.366
 33  30    928.8    310.2   0.0664  66.3765   0.0010  50.0000 -2868.366
 33  31    929.1    309.9   0.0664  66.4329   0.0010  50.0000 -2848.202
 33  32    931.6    307.4   0.0670  66.9667   0.0010  50.0000 -2896.064
 34   1    930.9    308.1   0.0668  66.8193   0.0010  50.0000 -3159.984
 34   2    932.3    306.7   0.0671  67.1320   0.0010  50.0000 -3162.983
 34   3    926.8    312.2   0.0659  65.9441   0.0010  50.0000 -3193.540
 34   4    929.1    309.9   0.0664  66.4311   0.0010  50.0000 -3179.112
 34   5    930.2    308.8   0.0667  66.6649   0.0010  50.0000 -3143.603
 34   6    930.2    308.8   0.0667  66.6649   0.0010  50.0000 -3143.603
 34   7    929.5    309.5   0.0665  66.5291   0.0010  50.0000 -3167.137
 34   8    929.5    309.5   0.0665  66.5291   0.0010  50.0000 -3167.137
 34   9    928.9    310.1   0.0664  66.3883   0.0010  50.0000 -3145.393
 34  10    928.4    310.6   0.0663  66.2883   0.0010  50.0000 -3165.197
 34  11    928.4    310.6   0.0663  66.2883   0.0010  50.0000 -3161.858
 34  12    927.7    311.3   0.0661  66.1455   0.0010  50.0000 -3060.693
 34  13    923.4    315.6   0.0652  65.2368   0.0010  50.0000 -3096.194
 34  14    925.1    313.9   0.0656  65.5844   0.0010  50.0000 -3100.521
 34  15    924.1    314.9   0.0654  65.3930   0.0010  50.0000 -3086.172
 34  16    924.0    315.0   0.0654  65.3631   0.0010  50.0000 -3086.472
 34  17    924.0    315.0   0.0654  65.3631   0.0010  50.0000 -3086.472
 34  18    926.6    312.4   0.0659  65.9127   0.0010  50.0000 -3061.231
 34  19    930.5    308.5   0.0667  66.7310   0.0010  50.0000 -3058.221
 34  20    929.8    309.2   0.0666  66.5777   0.0010  50.0000 -2812.811
 34  21    927.7    311.3   0.0661  66.1389   0.0010  50.0000 -2873.921
 34  22    930.6    308.4   0.0668  66.7579   0.0010  50.0000 -2826.955
 34  23    930.5    308.5   0.0667  66.7296   0.0010  50.0000 -2835.802
 34  24    930.9    308.1   0.0668  66.8200   0.0010  50.0000 -2753.762
 34  25    930.0    309.0   0.0666  66.6335   0.0010  50.0000 -2744.189
 34  26    929.2    309.8   0.0665  66.4604   0.0010  50.0000 -2765.899
 34  27    929.2    309.8   0.0665  66.4604   0.0010  50.0000 -2765.899
 34  28    927.9    311.1   0.0662  66.1784   0.0010  50.0000 -2855.739
 34  29    928.8    310.2   0.0664  66.3765   0.0010  50.0000 -2868.366
 34  30    928.8    310.2   0.0664  66.3765   0.0010  50.0000 -2868.366
 34  31    929.1    309.9   0.0664  66.4329   0.0010  50.0000 -2848.202
 34  32    931.6    307.4   0.0670  66.9667   0.0010  50.0000 -2896.064
 34  33    928.9    310.1   0.0000   0.0000   0.0010   0.0000 -1663.239
 35   1    931.5    307.5   0.0670  66.9513   0.0010  50.0000 -3265.322
 35   2    933.0    306.0   0.0673  67.2738   0.0010  50.0000 -3166.206
 35   3    927.4    311.6   0.0661  66.0782   0.0010  50.0000 -3225.171
 35   4    929.7    309.3   0.0666  66.5714   0.0010  50.0000 -3256.210
 35   5    930.9    308.1   0.0668  66.8141   0.0010  50.0000 -3187.180
 35   6    930.9    308.1   0.0668  66.8141   0.0010  50.0000 -3187.180
 35   7    930.2    308.8   0.0667  66.6766   0.0010  50.0000 -3216.679
 35   8    930.2    308.8   0.0667  66.6766   0.0010  50.0000 -3216.679
 35   9    929.5    309.5   0.0665  66.5310   0.0010  50.0000 -3198.357
 35  10    929.1    309.9   0.0664  66.4303   0.0010  50.0000 -3206.000
 35  11    929.1    309.9   0.0664  66.4303   0.0010  50.0000 -3202.647
 35  12    928.3    310.7   0.0663  66.2697   0.0010  50.0000 -3058.362
 35  13    923.9    315.1   0.0654  65.3503   0.0010  50.0000 -3129.825
 35  14    925.6    313.4   0.0657  65.7045   0.0010  50.0000 -3158.813
 35  15    924.7    314.3   0.0655  65.5102   0.0010  50.0000 -3145.659
 35  16    924.6    314.4   0.0655  65.4795   0.0010  50.0000 -3142.327
 35  17    924.6    314.4   0.0655  65.4795   0.0010  50.0000 -3142.327
 35  18    927.3    311.7   0.0660  66.0436   0.0010  50.0000 -3029.425
 35  19    931.1    307.9   0.0669  66.8595   0.0010  50.0000 -3093.011
 35  20    930.4    308.6   0.0667  66.7085   0.0010  50.0000 -2821.257
 35  21    928.3    310.7   0.0663  66.2598   0.0010  50.0000 -2898.784
 35  22    931.2    307.8   0.0669  66.8817   0.0010  50.0000 -2779.813
 35  23    931.0    308.0   0.0669  66.8534   0.0010  50.0000 -2802.973
 35  24    931.5    307.5   0.0669  66.9439   0.0010  50.0000 -2782.142
 35  25    930.7    308.3   0.0668  66.7682   0.0010  50.0000 -2784.079
 35  26    929.8    309.2   0.0666  66.5782   0.0010  50.0000 -2828.361
 35  27    929.8    309.2   0.0666  66.5782   0.0010  50.0000 -2828.361
 35  28    928.5    310.5   0.0663  66.3052   0.0010  50.0000 -2915.424
 35  29    929.4    309.6   0.0665  66.5025   0.0010  50.0000 -2873.579
 35  30    929.4    309.6   0.0665  66.5025   0.0010  50.0000 -2873.579
 35  31    929.7    309.3   0.0666  66.5576   0.0010  50.0000 -2901.187
 35  32    932.2    306.8   0.0671  67.1003   0.0010  50.0000 -2899.484
 35  33    929.4    309.6   0.0665  66.5014   0.0010  50.0000 -2705.902
 35  34    929.4    309.6   0.0665  66.5014   0.0010  50.0000 -2705.902
 36   1    931.8    307.2   0.0670  67.0228   0.0010  50.0000 -3185.051
 36   2    933.3    305.7   0.0673  67.3451   0.0010  50.0000 -3150.409
 36   3    927.7    311.3   0.0661  66.1474   0.0010  50.0000 -3197.664
 36   4    930.1    308.9   0.0666  66.6408   0.0010  50.0000 -3214.020
 36   5    931.2    307.8   0.0669  66.8811   0.0010  50.0000 -3151.974
 36   6    931.2    307.8   0.0669  66.8811   0.0010  50.0000 -3151.974
 36   7    930.5    308.5   0.0667  66.7441   0.0010  50.0000 -3179.503
 36   8    930.5    308.5   0.0667  66.7441   0.0010  50.0000 -3179.503
 36   9    929.9    309.1   0.0666  66.5982   0.0010  50.0000 -3120.946
 36  10    929.4    309.6   0.0665  66.4977   0.0010  50.0000 -3149.292
 36  11    929.4    309.6   0.0665  66.4977   0.0010  50.0000 -3145.948
 36  12    928.7    310.3   0.0663  66.3467   0.0010  50.0000 -3056.667
 36  13    924.3    314.7   0.0654  65.4290   0.0010  50.0000 -3096.627
 36  14    926.0    313.0   0.0658  65.7817   0.0010  50.0000 -3126.945
 36  15    925.1    313.9   0.0656  65.5879   0.0010  50.0000 -3129.001
 36  16    924.9    314.1   0.0656  65.5574   0.0010  50.0000 -3125.658
 36  17    924.9    314.1   0.0656  65.5574   0.0010  50.0000 -3125.658
 36  18    927.6    311.4   0.0661  66.1172   0.0010  50.0000 -3100.811
 36  19    931.4    307.6   0.0669  66.9346   0.0010  50.0000 -3076.154
 36  20    930.7    308.3   0.0668  66.7827   0.0010  50.0000 -2834.346
 36  21    928.6    310.4   0.0663  66.3358   0.0010  50.0000 -2848.101
 36  22    931.5    307.5   0.0670  66.9613   0.0010  50.0000 -2830.420
 36  23    931.4    307.6   0.0669  66.9323   0.0010  50.0000 -2845.936
 36  24    931.8    307.2   0.0670  67.0222   0.0010  50.0000 -2828.304
 36  25    931.0    308.0   0.0668  66.8432   0.0010  50.0000 -2813.639
 36  26    930.1    308.9   0.0667  66.6560   0.0010  50.0000 -2838.224
 36  27    930.1    308.9   0.0667  66.6560   0.0010  50.0000 -2838.224
 36  28    928.8    310.2   0.0664  66.3783   0.0010  50.0000 -2887.123
 36  29    929.8    309.2   0.0666  66.5772   0.0010  50.0000 -2890.566
 36  30    929.8    309.2   0.0666  66.5772   0.0010  50.0000 -2890.566
 36  31    930.0    309.0   0.0666  66.6337   0.0010  50.0000 -2897.628
 36  32    932.5    306.5   0.0672  67.1767   0.0010  50.0000 -2872.854
 36  33    929.8    309.2   0.0666  66.5777   0.0010  50.0000 -2710.190
 36  34    929.8    309.2   0.0666  66.5777   0.0010  50.0000 -2710.190
 36  35    930.3    308.7   0.0667  66.7001   0.0010  50.0000 -2664.269
 37   1    928.7    310.3   0.0663  66.3488   0.0010  50.0000 -3190.387
 37   2    930.2    308.8   0.0667  66.6619   0.0010  50.0000 -3167.329
 37   3    924.6    314.4   0.0655  65.4861   0.0010  50.0000 -3161.373
 37   4    926.9    312.1   0.0660  65.9706   0.0010  50.0000 -3183.994
 37   5    928.1    310.9   0.0662  66.2120   0.0010  50.0000 -3179.707
 37   6    928.1    310.9   0.0662  66.2120   0.0010  50.0000 -3179.707
 37   7    927.4    311.6   0.0661  66.0753   0.0010  50.0000 -3210.416
 37   8    927.4    311.6   0.0661  66.0753   0.0010  50.0000 -3210.416
 37   9    926.7    312.3   0.0659  65.9358   0.0010  50.0000 -3157.432
 37  10    926.3    312.7   0.0658  65.8354   0.0010  50.0000 -3202.098
 37  11    926.3    312.7   0.0658  65.8354   0.0010  50.0000 -3198.720
 37  12    925.4    313.6   0.0657  65.6595   0.0010  50.0000 -3046.558
 37  13    921.0    318.0   0.0647  64.7491   0.0010  50.0000 -3103.035
 37  14    922.7    316.3   0.0651  65.1006   0.0010  50.0000 -3117.688
 37  15    921.8    317.2   0.0649  64.9080   0.0010  50.0000 -3086.274
 37  16    921.6    317.4   0.0649  64.8777   0.0010  50.0000 -3082.926
 37  17    921.6    317.4   0.0649  64.8777   0.0010  50.0000 -3082.926
 37  18    924.4    314.6   0.0654  65.4397   0.0010  50.0000 -3094.218
 37  19    928.2    310.8   0.0662  66.2490   0.0010  50.0000 -3076.796
 37  20    927.5    311.5   0.0661  66.0997   0.0010  50.0000 -2855.457
 37  21    925.4    313.6   0.0657  65.6562   0.0010  50.0000 -2838.725
 37  22    928.3    310.7   0.0663  66.2615   0.0010  50.0000 -2815.185
 37  23    928.2    310.8   0.0662  66.2353   0.0010  50.0000 -2836.834
 37  24    928.6    310.4   0.0663  66.3273   0.0010  50.0000 -2790.833
 37  25    927.8    311.2   0.0662  66.1530   0.0010  50.0000 -2854.254
 37  26    926.9    312.1   0.0660  65.9699   0.0010  50.0000 -2836.943
 37  27    926.9    312.1   0.0660  65.9699   0.0010  50.0000 -2836.943
 37  28    925.6    313.4   0.0657  65.7053   0.0010  50.0000 -2911.665
 37  29    926.6    312.4   0.0659  65.8972   0.0010  50.0000 -2870.479
 37  30    926.6    312.4   0.0659  65.8972   0.0010  50.0000 -2870.479
 37  31    926.8    312.2   0.0659  65.9487   0.0010  50.0000 -2889.083
 37  32    929.3    309.7   0.0665  66.4803   0.0010  50.0000 -2907.525
 37  33    926.6    312.4   0.0659  65.8974   0.0010  50.0000 -2664.357
 37  34    926.6    312.4   0.0659  65.8974   0.0010  50.0000 -2664.357
 37  35    927.1    311.9   0.0660  66.0175   0.0010  50.0000 -2686.817
 37  36    927.5    311.5   0.0011   1.0547   0.0010   0.7979 -2657.194
 38   1    928.5    310.5   0.0663  66.3148   0.0010  50.0000 -3220.921
 38   2    930.0    309.0   0.0666  66.6244   0.0010  50.0000 -3170.426
 38   3    924.4    314.6   0.0655  65.4506   0.0010  50.0000 -3164.316
 38   4    926.7    312.3   0.0659  65.9328   0.0010  50.0000 -3232.080
 38   5    927.9    311.1   0.0662  66.1699   0.0010  50.0000 -3190.915
 38   6    927.9    311.1   0.0662  66.1699   0.0010  50.0000 -3190.915
 38   7    927.2    311.8   0.0660  66.0341   0.0010  50.0000 -3199.946
 38   8    927.2    311.8   0.0660  66.0341   0.0010  50.0000 -3199.946
 38   9    926.6    312.4   0.0659  65.8961   0.0010  50.0000 -3133.442
 38  10    926.1    312.9   0.0658  65.7961   0.0010  50.0000 -3203.643
 38  11    926.1    312.9   0.0658  65.7961   0.0010  50.0000 -3200.275
 38  12    925.3    313.7   0.0656  65.6316   0.0010  50.0000 -3037.983
 38  13    920.9    318.1   0.0647  64.7260   0.0010  50.0000 -3111.846
 38  14    922.6    316.4   0.0651  65.0743   0.0010  50.0000 -3110.560
 38  15    921.7    317.3   0.0649  64.8831   0.0010  50.0000 -3116.339
 38  16    921.5    317.5   0.0649  64.8531   0.0010  50.0000 -3112.982
 38  17    921.5    317.5   0.0649  64.8531   0.0010  50.0000 -3112.982
 38  18    924.2    314.8   0.0654  65.4077   0.0010  50.0000 -3062.088
 38  19    928.1    310.9   0.0662  66.2182   0.0010  50.0000 -3054.209
 38  20    927.4    311.6   0.0661  66.0676   0.0010  50.0000 -2847.345
 38  21    925.3    313.7   0.0656  65.6286   0.0010  50.0000 -2859.292
 38  22    928.2    310.8   0.0662  66.2349   0.0010  50.0000 -2804.836
 38  23    928.0    311.0   0.0662  66.2083   0.0010  50.0000 -2834.400
 38  24    928.5    310.5   0.0663  66.2999   0.0010  50.0000 -2841.024
 38  25    927.6    311.4   0.0661  66.1201   0.0010  50.0000 -2839.526
 38  26    926.8    312.2   0.0659  65.9444   0.0010  50.0000 -2845.347
 38  27    926.8    312.2   0.0659  65.9444   0.0010  50.0000 -2845.347
 38  28    925.5    313.5   0.0657  65.6742   0.0010  50.0000 -2934.667
 38  29    926.4    312.6   0.0659  65.8671   0.0010  50.0000 -2895.483
 38  30    926.4    312.6   0.0659  65.8671   0.0010  50.0000 -2895.483
 38  31    926.7    312.3   0.0659  65.9199   0.0010  50.0000 -2882.252
 38  32    929.2    309.8   0.0664  66.4485   0.0010  50.0000 -2859.491
 38  33    926.4    312.6   0.0659  65.8707   0.0010  50.0000 -2703.627
 38  34    926.4    312.6   0.0659  65.8707   0.0010  50.0000 -2703.627
 38  35    927.0    312.0   0.0660  65.9891   0.0010  50.0000 -2652.175
 38  36    927.4    311.6   0.0661  66.0660   0.0010  50.0000 -2522.768
 38  37    924.1    314.9   0.0009   0.8580   0.0010   0.6561 -2612.226

