Supplemental results for CODEML (seqf: /gpfs/scratch/cltucker/EBH381-Group-Project/SIV_aligned_NEF.fas  treef: )


pairwise comparison (Goldman & Yang 1994)
seq seq        N       S       dN       dS     dN/dS   Paras.
  2   1    359.4    120.6   0.7152   0.4470   1.6000   1.9434 -1173.802
  3   1    356.7    123.3   0.5806   0.3629   1.6000   1.5740 -1144.195
  3   2    354.3    125.7   0.5470   0.3419   1.6000   1.4800 -1139.707
  4   1    357.5    122.5   0.5740   0.3588   1.6000   1.5573 -1136.599
  4   2    355.0    125.0   0.5389   0.3368   1.6000   1.4588 -1134.897
  4   3    352.4    127.6   0.2554   0.1596   1.6000   0.6898  -984.641
  5   1    356.8    123.2   0.5706   0.3566   1.6000   1.5470 -1137.267
  5   2    354.4    125.6   0.5975   0.3734   1.6000   1.6164 -1150.197
  5   3    351.7    128.3   0.2370   0.1482   1.6000   0.6399  -971.294
  5   4    352.4    127.6   0.2074   0.1296   1.6000   0.5602  -940.125
  6   1    356.8    123.2   0.5706   0.3566   1.6000   1.5470 -1137.267
  6   2    354.4    125.6   0.5975   0.3734   1.6000   1.6164 -1150.197
  6   3    351.7    128.3   0.2370   0.1482   1.6000   0.6399  -971.294
  6   4    352.4    127.6   0.2074   0.1296   1.6000   0.5602  -940.125
  6   5    351.8    128.2   0.0000   0.0000   1.6000   0.0000  -652.070
  7   1    357.3    122.7   0.5856   0.3660   1.6000   1.5883 -1142.655
  7   2    354.9    125.1   0.5461   0.3413   1.6000   1.4782 -1135.253
  7   3    352.2    127.8   0.2360   0.1475   1.6000   0.6372  -971.099
  7   4    352.9    127.1   0.2042   0.1276   1.6000   0.5518  -940.071
  7   5    352.2    127.8   0.0660   0.0413   1.6000   0.1783  -779.141
  7   6    352.2    127.8   0.0660   0.0413   1.6000   0.1783  -779.141
  8   1    357.3    122.7   0.5856   0.3660   1.6000   1.5883 -1142.655
  8   2    354.9    125.1   0.5461   0.3413   1.6000   1.4782 -1135.253
  8   3    352.2    127.8   0.2360   0.1475   1.6000   0.6372  -971.099
  8   4    352.9    127.1   0.2042   0.1276   1.6000   0.5518  -940.071
  8   5    352.2    127.8   0.0660   0.0413   1.6000   0.1783  -779.141
  8   6    352.2    127.8   0.0660   0.0413   1.6000   0.1783  -779.141
  8   7    352.7    127.3   0.0000   0.0000   1.6000   0.0000  -650.549
  9   1    357.4    122.6   0.5746   0.3592   1.6000   1.5588 -1137.470
  9   2    355.0    125.0   0.5698   0.3561   1.6000   1.5425 -1142.894
  9   3    352.3    127.7   0.2081   0.1301   1.6000   0.5622  -944.696
  9   4    353.1    126.9   0.2396   0.1497   1.6000   0.6475  -968.962
  9   5    352.4    127.6   0.1279   0.0799   1.6000   0.3454  -859.730
  9   6    352.4    127.6   0.1279   0.0799   1.6000   0.3454  -859.730
  9   7    352.9    127.1   0.1163   0.0727   1.6000   0.3142  -846.294
  9   8    352.9    127.1   0.1163   0.0727   1.6000   0.3142  -846.294
 10   1    357.9    122.1   0.5815   0.3634   1.6000   1.5779 -1140.037
 10   2    355.4    124.6   0.6049   0.3781   1.6000   1.6381 -1151.787
 10   3    352.8    127.2   0.2449   0.1531   1.6000   0.6618  -974.387
 10   4    353.5    126.5   0.2287   0.1429   1.6000   0.6183  -956.887
 10   5    352.9    127.1   0.1079   0.0674   1.6000   0.2914  -835.761
 10   6    352.9    127.1   0.1079   0.0674   1.6000   0.2914  -835.761
 10   7    353.3    126.7   0.1128   0.0705   1.6000   0.3050  -842.190
 10   8    353.3    126.7   0.1128   0.0705   1.6000   0.3050  -842.190
 10   9    353.5    126.5   0.1052   0.0657   1.6000   0.2843  -833.777
 11   1    357.9    122.1   0.5815   0.3634   1.6000   1.5779 -1140.037
 11   2    355.4    124.6   0.6049   0.3781   1.6000   1.6381 -1151.787
 11   3    352.8    127.2   0.2449   0.1531   1.6000   0.6618  -974.387
 11   4    353.5    126.5   0.2287   0.1429   1.6000   0.6183  -956.887
 11   5    352.9    127.1   0.1079   0.0674   1.6000   0.2914  -835.761
 11   6    352.9    127.1   0.1079   0.0674   1.6000   0.2914  -835.761
 11   7    353.3    126.7   0.1128   0.0705   1.6000   0.3050  -842.190
 11   8    353.3    126.7   0.1128   0.0705   1.6000   0.3050  -842.190
 11   9    353.5    126.5   0.1052   0.0657   1.6000   0.2843  -833.777
 11  10    354.0    126.0   0.0000   0.0000   1.6000   0.0000  -650.432
 12   1    359.5    120.5   0.6798   0.4249   1.6000   1.8476 -1165.425
 12   2    357.2    122.8   0.6878   0.4299   1.6000   1.8655 -1171.109
 12   3    354.6    125.4   0.6716   0.4198   1.6000   1.8175 -1175.328
 12   4    355.3    124.7   0.6585   0.4116   1.6000   1.7831 -1171.252
 12   5    354.7    125.3   0.6540   0.4088   1.6000   1.7699 -1168.480
 12   6    354.7    125.3   0.6540   0.4088   1.6000   1.7699 -1168.480
 12   7    355.1    124.9   0.6398   0.3999   1.6000   1.7322 -1164.873
 12   8    355.1    124.9   0.6398   0.3999   1.6000   1.7322 -1164.873
 12   9    355.3    124.7   0.6152   0.3845   1.6000   1.6656 -1158.271
 12  10    355.8    124.2   0.6337   0.3960   1.6000   1.7165 -1160.963
 12  11    355.8    124.2   0.6337   0.3960   1.6000   1.7165 -1160.963
 13   1    359.3    120.7   0.7925   0.4953   1.6000   2.1534 -1192.210
 13   2    356.9    123.1   0.7809   0.4881   1.6000   2.1174 -1194.126
 13   3    354.3    125.7   0.7278   0.4549   1.6000   1.9690 -1187.406
 13   4    355.0    125.0   0.7016   0.4385   1.6000   1.8993 -1178.179
 13   5    354.3    125.7   0.6592   0.4120   1.6000   1.7833 -1171.377
 13   6    354.3    125.7   0.6592   0.4120   1.6000   1.7833 -1171.377
 13   7    354.8    125.2   0.6664   0.4165   1.6000   1.8036 -1169.890
 13   8    354.8    125.2   0.6664   0.4165   1.6000   1.8036 -1169.890
 13   9    354.9    125.1   0.7321   0.4576   1.6000   1.9818 -1186.603
 13  10    355.4    124.6   0.7218   0.4511   1.6000   1.9545 -1182.969
 13  11    355.4    124.6   0.7218   0.4511   1.6000   1.9545 -1182.969
 13  12    357.1    122.9   0.5744   0.3590   1.6000   1.5579 -1138.108
 14   1    359.2    120.8   0.7307   0.4567   1.6000   1.9851 -1180.756
 14   2    356.8    123.2   0.7736   0.4835   1.6000   2.0973 -1193.067
 14   3    354.1    125.9   0.7177   0.4486   1.6000   1.9413 -1185.994
 14   4    354.8    125.2   0.7062   0.4414   1.6000   1.9114 -1179.968
 14   5    354.2    125.8   0.6718   0.4199   1.6000   1.8172 -1174.279
 14   6    354.2    125.8   0.6718   0.4199   1.6000   1.8172 -1174.279
 14   7    354.7    125.3   0.6599   0.4124   1.6000   1.7857 -1169.252
 14   8    354.7    125.3   0.6599   0.4124   1.6000   1.7857 -1169.252
 14   9    354.8    125.2   0.7195   0.4497   1.6000   1.9473 -1185.657
 14  10    355.2    124.8   0.6974   0.4359   1.6000   1.8882 -1178.722
 14  11    355.2    124.8   0.6974   0.4359   1.6000   1.8882 -1178.722
 14  12    357.0    123.0   0.5602   0.3501   1.6000   1.5190 -1134.868
 14  13    356.7    123.3   0.0353   0.0221   1.6000   0.0958  -727.924
 15   1    359.4    120.6   0.7838   0.4899   1.6000   2.1299 -1190.297
 15   2    357.0    123.0   0.7765   0.4853   1.6000   2.1055 -1194.217
 15   3    354.3    125.7   0.7370   0.4606   1.6000   1.9939 -1190.689
 15   4    355.1    124.9   0.6867   0.4292   1.6000   1.8590 -1176.730
 15   5    354.4    125.6   0.6783   0.4240   1.6000   1.8353 -1176.436
 15   6    354.4    125.6   0.6783   0.4240   1.6000   1.8353 -1176.436
 15   7    354.9    125.1   0.6557   0.4098   1.6000   1.7747 -1169.227
 15   8    354.9    125.1   0.6557   0.4098   1.6000   1.7747 -1169.227
 15   9    355.0    125.0   0.7104   0.4440   1.6000   1.9230 -1184.184
 15  10    355.5    124.5   0.7101   0.4438   1.6000   1.9229 -1182.035
 15  11    355.5    124.5   0.7101   0.4438   1.6000   1.9229 -1182.035
 15  12    357.2    122.8   0.5620   0.3513   1.6000   1.5243 -1136.192
 15  13    356.9    123.1   0.0353   0.0221   1.6000   0.0957  -726.625
 15  14    356.8    123.2   0.0233   0.0146   1.6000   0.0633  -706.761
 16   1    359.2    120.8   0.7775   0.4859   1.6000   2.1124 -1189.946
 16   2    356.9    123.1   0.7816   0.4885   1.6000   2.1192 -1195.222
 16   3    354.2    125.8   0.7420   0.4637   1.6000   2.0072 -1191.646
 16   4    354.9    125.1   0.6914   0.4321   1.6000   1.8716 -1177.780
 16   5    354.2    125.8   0.6730   0.4206   1.6000   1.8205 -1175.786
 16   6    354.2    125.8   0.6730   0.4206   1.6000   1.8205 -1175.786
 16   7    354.7    125.3   0.6603   0.4127   1.6000   1.7872 -1170.381
 16   8    354.7    125.3   0.6603   0.4127   1.6000   1.7872 -1170.381
 16   9    354.9    125.1   0.7152   0.4470   1.6000   1.9360 -1185.212
 16  10    355.3    124.7   0.7045   0.4403   1.6000   1.9077 -1181.433
 16  11    355.3    124.7   0.7045   0.4403   1.6000   1.9078 -1181.433
 16  12    357.1    122.9   0.5663   0.3540   1.6000   1.5358 -1137.335
 16  13    356.8    123.2   0.0329   0.0206   1.6000   0.0892  -722.772
 16  14    356.7    123.3   0.0210   0.0131   1.6000   0.0569  -702.492
 16  15    356.9    123.1   0.0023   0.0014   1.6000   0.0062  -654.948
 17   1    359.2    120.8   0.7775   0.4859   1.6000   2.1124 -1189.946
 17   2    356.9    123.1   0.7816   0.4885   1.6000   2.1192 -1195.222
 17   3    354.2    125.8   0.7420   0.4637   1.6000   2.0072 -1191.646
 17   4    354.9    125.1   0.6914   0.4321   1.6000   1.8716 -1177.780
 17   5    354.2    125.8   0.6730   0.4206   1.6000   1.8205 -1175.786
 17   6    354.2    125.8   0.6730   0.4206   1.6000   1.8205 -1175.786
 17   7    354.7    125.3   0.6603   0.4127   1.6000   1.7872 -1170.381
 17   8    354.7    125.3   0.6603   0.4127   1.6000   1.7872 -1170.381
 17   9    354.9    125.1   0.7152   0.4470   1.6000   1.9360 -1185.212
 17  10    355.3    124.7   0.7045   0.4403   1.6000   1.9077 -1181.433
 17  11    355.3    124.7   0.7045   0.4403   1.6000   1.9077 -1181.433
 17  12    357.1    122.9   0.5663   0.3540   1.6000   1.5358 -1137.335
 17  13    356.8    123.2   0.0329   0.0206   1.6000   0.0892  -722.772
 17  14    356.7    123.3   0.0210   0.0131   1.6000   0.0569  -702.492
 17  15    356.9    123.1   0.0023   0.0014   1.6000   0.0062  -654.948
 17  16    356.7    123.3   0.0000   0.0000   1.6000   0.0000  -647.421
 18   1    357.6    122.4   0.6845   0.4278   1.6000   1.8573 -1165.837
 18   2    355.2    124.8   0.7879   0.4925   1.6000   2.1333 -1197.062
 18   3    352.5    127.5   0.7326   0.4579   1.6000   1.9788 -1189.043
 18   4    353.2    126.8   0.7406   0.4629   1.6000   2.0017 -1188.217
 18   5    352.5    127.5   0.6823   0.4265   1.6000   1.8431 -1176.786
 18   6    352.5    127.5   0.6823   0.4265   1.6000   1.8431 -1176.786
 18   7    353.0    127.0   0.6851   0.4282   1.6000   1.8515 -1174.268
 18   8    353.0    127.0   0.6851   0.4282   1.6000   1.8515 -1174.268
 18   9    353.2    126.8   0.7392   0.4620   1.6000   1.9980 -1189.369
 18  10    353.6    126.4   0.7118   0.4449   1.6000   1.9247 -1181.733
 18  11    353.6    126.4   0.7118   0.4449   1.6000   1.9247 -1181.733
 18  12    355.4    124.6   0.6032   0.3770   1.6000   1.6334 -1151.581
 18  13    355.1    124.9   0.3508   0.2192   1.6000   0.9496 -1044.415
 18  14    355.0    125.0   0.3430   0.2144   1.6000   0.9285 -1040.303
 18  15    355.2    124.8   0.3539   0.2212   1.6000   0.9583 -1047.022
 18  16    355.0    125.0   0.3502   0.2189   1.6000   0.9481 -1045.868
 18  17    355.0    125.0   0.3502   0.2189   1.6000   0.9481 -1045.868
 19   1    359.6    120.4   0.7794   0.4871   1.6000   2.1182 -1181.894
 19   2    357.2    122.8   0.8632   0.5395   1.6000   2.3411 -1207.269
 19   3    354.6    125.4   0.8231   0.5145   1.6000   2.2275 -1204.985
 19   4    355.3    124.7   0.7850   0.4906   1.6000   2.1256 -1195.697
 19   5    354.6    125.4   0.7569   0.4731   1.6000   2.0483 -1192.390
 19   6    354.6    125.4   0.7569   0.4731   1.6000   2.0483 -1192.390
 19   7    355.1    124.9   0.7439   0.4650   1.6000   2.0141 -1187.458
 19   8    355.1    124.9   0.7439   0.4650   1.6000   2.0141 -1187.458
 19   9    355.3    124.7   0.8008   0.5005   1.6000   2.1682 -1198.286
 19  10    355.8    124.2   0.7591   0.4744   1.6000   2.0561 -1189.088
 19  11    355.8    124.2   0.7591   0.4744   1.6000   2.0561 -1189.088
 19  12    357.5    122.5   0.6367   0.3980   1.6000   1.7274 -1155.636
 19  13    357.1    122.9   0.3298   0.2061   1.6000   0.8943 -1028.154
 19  14    357.0    123.0   0.3470   0.2169   1.6000   0.9410 -1037.130
 19  15    357.2    122.8   0.3434   0.2146   1.6000   0.9315 -1036.092
 19  16    357.1    122.9   0.3398   0.2124   1.6000   0.9214 -1034.899
 19  17    357.1    122.9   0.3398   0.2124   1.6000   0.9214 -1034.899
 19  18    355.4    124.6   0.2174   0.1358   1.6000   0.5886  -941.807
 20   1    359.5    120.5   0.6962   0.4352   1.6000   1.8921 -1174.222
 20   2    357.1    122.9   0.7752   0.4845   1.6000   2.1024 -1197.128
 20   3    354.5    125.5   0.6174   0.3859   1.6000   1.6705 -1157.088
 20   4    355.2    124.8   0.6443   0.4027   1.6000   1.7444 -1165.280
 20   5    354.6    125.4   0.6397   0.3998   1.6000   1.7311 -1161.225
 20   6    354.6    125.4   0.6397   0.3998   1.6000   1.7311 -1161.225
 20   7    355.0    125.0   0.6427   0.4017   1.6000   1.7398 -1161.802
 20   8    355.0    125.0   0.6427   0.4017   1.6000   1.7398 -1161.802
 20   9    355.2    124.8   0.6555   0.4097   1.6000   1.7747 -1166.554
 20  10    355.6    124.4   0.6380   0.3987   1.6000   1.7280 -1161.852
 20  11    355.6    124.4   0.6380   0.3987   1.6000   1.7280 -1161.852
 20  12    357.4    122.6   0.6018   0.3761   1.6000   1.6323 -1148.607
 20  13    357.1    122.9   0.6462   0.4039   1.6000   1.7524 -1160.705
 20  14    356.9    123.1   0.6309   0.3943   1.6000   1.7107 -1156.409
 20  15    357.1    122.9   0.6330   0.3956   1.6000   1.7167 -1158.720
 20  16    357.0    123.0   0.6378   0.3986   1.6000   1.7296 -1159.821
 20  17    357.0    123.0   0.6378   0.3986   1.6000   1.7296 -1159.821
 20  18    355.4    124.6   0.5636   0.3523   1.6000   1.5262 -1138.309
 20  19    357.4    122.6   0.6742   0.4213   1.6000   1.8287 -1167.772
 21   1    359.6    120.4   0.6890   0.4306   1.6000   1.8727 -1166.144
 21   2    357.3    122.7   0.6364   0.3978   1.6000   1.7262 -1160.822
 21   3    354.5    125.5   0.6413   0.4008   1.6000   1.7353 -1167.039
 21   4    355.3    124.7   0.6683   0.4177   1.6000   1.8097 -1173.035
 21   5    354.6    125.4   0.7162   0.4476   1.6000   1.9382 -1180.533
 21   6    354.6    125.4   0.7162   0.4476   1.6000   1.9382 -1180.533
 21   7    355.1    124.9   0.6946   0.4341   1.6000   1.8804 -1174.883
 21   8    355.1    124.9   0.6946   0.4341   1.6000   1.8804 -1174.883
 21   9    355.3    124.7   0.6908   0.4318   1.6000   1.8704 -1177.418
 21  10    355.7    124.3   0.6721   0.4200   1.6000   1.8203 -1170.888
 21  11    355.7    124.3   0.6721   0.4200   1.6000   1.8203 -1170.888
 21  12    357.4    122.6   0.6784   0.4240   1.6000   1.8402 -1169.990
 21  13    357.2    122.8   0.6789   0.4243   1.6000   1.8414 -1168.469
 21  14    357.1    122.9   0.6681   0.4176   1.6000   1.8118 -1168.121
 21  15    357.3    122.7   0.6619   0.4137   1.6000   1.7953 -1165.754
 21  16    357.1    122.9   0.6665   0.4165   1.6000   1.8075 -1166.931
 21  17    357.1    122.9   0.6665   0.4165   1.6000   1.8075 -1166.931
 21  18    355.5    124.5   0.6138   0.3836   1.6000   1.6622 -1152.392
 21  19    357.4    122.6   0.6654   0.4158   1.6000   1.8049 -1162.395
 21  20    357.4    122.6   0.5001   0.3126   1.6000   1.3566 -1119.798
 22   1    358.6    121.4   0.7841   0.4900   1.6000   2.1292 -1189.959
 22   2    356.2    123.8   0.6894   0.4309   1.6000   1.8680 -1175.640
 22   3    353.5    126.5   0.7103   0.4439   1.6000   1.9203 -1182.912
 22   4    354.2    125.8   0.6394   0.3996   1.6000   1.7298 -1161.408
 22   5    353.5    126.5   0.6213   0.3883   1.6000   1.6797 -1152.741
 22   6    353.5    126.5   0.6213   0.3883   1.6000   1.6797 -1152.741
 22   7    354.0    126.0   0.6486   0.4054   1.6000   1.7543 -1160.892
 22   8    354.0    126.0   0.6486   0.4054   1.6000   1.7543 -1160.892
 22   9    354.2    125.8   0.6792   0.4245   1.6000   1.8372 -1172.738
 22  10    354.6    125.4   0.6303   0.3940   1.6000   1.7059 -1155.793
 22  11    354.6    125.4   0.6303   0.3940   1.6000   1.7059 -1155.793
 22  12    356.4    123.6   0.6815   0.4260   1.6000   1.8472 -1169.042
 22  13    356.1    123.9   0.6020   0.3762   1.6000   1.6312 -1147.561
 22  14    356.0    124.0   0.5545   0.3466   1.6000   1.5024 -1132.708
 22  15    356.2    123.8   0.5809   0.3630   1.6000   1.5741 -1143.001
 22  16    356.1    123.9   0.5858   0.3661   1.6000   1.5872 -1144.396
 22  17    356.1    123.9   0.5858   0.3661   1.6000   1.5872 -1144.396
 22  18    354.3    125.7   0.5429   0.3393   1.6000   1.4689 -1130.340
 22  19    356.4    123.6   0.5907   0.3692   1.6000   1.6009 -1144.461
 22  20    356.4    123.6   0.4633   0.2896   1.6000   1.2556 -1107.557
 22  21    356.5    123.5   0.4392   0.2745   1.6000   1.1905 -1090.782
 23   1    358.4    121.6   0.7880   0.4925   1.6000   2.1394 -1191.133
 23   2    356.0    124.0   0.6903   0.4314   1.6000   1.8702 -1176.376
 23   3    353.3    126.7   0.7208   0.4505   1.6000   1.9484 -1185.893
 23   4    354.0    126.0   0.6463   0.4040   1.6000   1.7481 -1164.447
 23   5    353.3    126.7   0.6211   0.3882   1.6000   1.6789 -1154.216
 23   6    353.3    126.7   0.6211   0.3882   1.6000   1.6789 -1154.216
 23   7    353.8    126.2   0.6490   0.4056   1.6000   1.7550 -1162.059
 23   8    353.8    126.2   0.6490   0.4056   1.6000   1.7550 -1162.059
 23   9    354.0    126.0   0.6798   0.4249   1.6000   1.8385 -1174.009
 23  10    354.4    125.6   0.6305   0.3941   1.6000   1.7059 -1157.242
 23  11    354.4    125.6   0.6305   0.3941   1.6000   1.7059 -1157.242
 23  12    356.2    123.8   0.6970   0.4356   1.6000   1.8888 -1173.122
 23  13    355.9    124.1   0.6160   0.3850   1.6000   1.6689 -1151.726
 23  14    355.8    124.2   0.5730   0.3581   1.6000   1.5521 -1139.514
 23  15    356.0    124.0   0.5948   0.3718   1.6000   1.6116 -1147.515
 23  16    355.8    124.2   0.5998   0.3749   1.6000   1.6248 -1148.903
 23  17    355.8    124.2   0.5998   0.3749   1.6000   1.6248 -1148.903
 23  18    354.0    126.0   0.5414   0.3384   1.6000   1.4643 -1128.885
 23  19    356.1    123.9   0.5879   0.3675   1.6000   1.5931 -1143.268
 23  20    356.1    123.9   0.4718   0.2949   1.6000   1.2783 -1110.612
 23  21    356.3    123.7   0.4516   0.2823   1.6000   1.2239 -1096.248
 23  22    355.1    124.9   0.0142   0.0089   1.6000   0.0385  -684.597
 24   1    356.9    123.1   0.7462   0.4664   1.6000   2.0234 -1189.019
 24   2    354.5    125.5   0.6989   0.4368   1.6000   1.8912 -1179.051
 24   3    351.9    128.1   0.6715   0.4197   1.6000   1.8127 -1179.462
 24   4    352.6    127.4   0.6517   0.4073   1.6000   1.7605 -1169.918
 24   5    351.9    128.1   0.6298   0.3936   1.6000   1.7003 -1161.465
 24   6    351.9    128.1   0.6298   0.3936   1.6000   1.7003 -1161.465
 24   7    352.4    127.6   0.6163   0.3852   1.6000   1.6646 -1159.397
 24   8    352.4    127.6   0.6163   0.3852   1.6000   1.6646 -1159.397
 24   9    352.5    127.5   0.6579   0.4112   1.6000   1.7771 -1172.111
 24  10    353.0    127.0   0.6393   0.3995   1.6000   1.7275 -1163.817
 24  11    353.0    127.0   0.6393   0.3995   1.6000   1.7275 -1163.817
 24  12    354.8    125.2   0.6593   0.4120   1.6000   1.7844 -1171.970
 24  13    354.4    125.6   0.6368   0.3980   1.6000   1.7229 -1164.494
 24  14    354.3    125.7   0.5900   0.3688   1.6000   1.5963 -1151.689
 24  15    354.5    125.5   0.6120   0.3825   1.6000   1.6560 -1159.820
 24  16    354.4    125.6   0.6171   0.3857   1.6000   1.6696 -1161.194
 24  17    354.4    125.6   0.6171   0.3857   1.6000   1.6696 -1161.194
 24  18    352.7    127.3   0.5553   0.3470   1.6000   1.5001 -1140.615
 24  19    354.8    125.2   0.6402   0.4001   1.6000   1.7327 -1164.530
 24  20    354.7    125.3   0.4928   0.3080   1.6000   1.3336 -1121.905
 24  21    354.7    125.3   0.4206   0.2629   1.6000   1.1384 -1089.082
 24  22    353.7    126.3   0.2734   0.1709   1.6000   0.7393  -995.599
 24  23    353.4    126.6   0.2729   0.1706   1.6000   0.7377  -995.048
 25   1    358.6    121.4   0.7434   0.4646   1.6000   2.0186 -1183.497
 25   2    356.2    123.8   0.6969   0.4356   1.6000   1.8885 -1175.490
 25   3    353.5    126.5   0.7091   0.4432   1.6000   1.9171 -1184.683
 25   4    354.3    125.7   0.7128   0.4455   1.6000   1.9282 -1179.460
 25   5    353.6    126.4   0.6670   0.4169   1.6000   1.8033 -1165.709
 25   6    353.6    126.4   0.6670   0.4169   1.6000   1.8033 -1165.709
 25   7    354.0    126.0   0.6719   0.4200   1.6000   1.8175 -1166.453
 25   8    354.0    126.0   0.6719   0.4200   1.6000   1.8175 -1166.453
 25   9    354.2    125.8   0.6705   0.4191   1.6000   1.8138 -1172.073
 25  10    354.7    125.3   0.6376   0.3985   1.6000   1.7255 -1161.135
 25  11    354.7    125.3   0.6376   0.3985   1.6000   1.7255 -1161.135
 25  12    356.5    123.5   0.6751   0.4219   1.6000   1.8297 -1168.107
 25  13    356.1    123.9   0.6793   0.4245   1.6000   1.8406 -1167.041
 25  14    356.0    124.0   0.6599   0.4125   1.6000   1.7880 -1162.767
 25  15    356.2    123.8   0.6675   0.4172   1.6000   1.8090 -1166.256
 25  16    356.1    123.9   0.6729   0.4206   1.6000   1.8234 -1167.565
 25  17    356.1    123.9   0.6729   0.4206   1.6000   1.8234 -1167.565
 25  18    354.3    125.7   0.6039   0.3775   1.6000   1.6338 -1148.458
 25  19    356.4    123.6   0.6589   0.4118   1.6000   1.7860 -1162.922
 25  20    356.4    123.6   0.4848   0.3030   1.6000   1.3140 -1115.087
 25  21    356.5    123.5   0.4661   0.2913   1.6000   1.2634 -1100.164
 25  22    355.3    124.7   0.3110   0.1944   1.6000   0.8421 -1016.346
 25  23    355.1    124.9   0.3069   0.1918   1.6000   0.8307 -1012.743
 25  24    353.7    126.3   0.1827   0.1142   1.6000   0.4941  -921.588
 26   1    360.1    119.9   0.7979   0.4987   1.6000   2.1695 -1189.079
 26   2    357.7    122.3   0.7401   0.4625   1.6000   2.0081 -1182.311
 26   3    355.0    125.0   0.7215   0.4510   1.6000   1.9532 -1186.562
 26   4    355.8    124.2   0.7111   0.4444   1.6000   1.9262 -1182.733
 26   5    355.0    125.0   0.7065   0.4416   1.6000   1.9126 -1176.036
 26   6    355.0    125.0   0.7065   0.4416   1.6000   1.9126 -1176.036
 26   7    355.6    124.4   0.7158   0.4474   1.6000   1.9386 -1178.133
 26   8    355.6    124.4   0.7158   0.4474   1.6000   1.9386 -1178.133
 26   9    355.7    124.3   0.7241   0.4526   1.6000   1.9614 -1182.203
 26  10    356.1    123.9   0.7258   0.4536   1.6000   1.9666 -1182.235
 26  11    356.1    123.9   0.7258   0.4536   1.6000   1.9666 -1182.235
 26  12    357.8    122.2   0.7205   0.4503   1.6000   1.9552 -1179.805
 26  13    357.6    122.4   0.7154   0.4472   1.6000   1.9412 -1175.567
 26  14    357.5    122.5   0.7035   0.4397   1.6000   1.9086 -1175.478
 26  15    357.7    122.3   0.7225   0.4516   1.6000   1.9604 -1178.001
 26  16    357.6    122.4   0.7273   0.4545   1.6000   1.9731 -1179.094
 26  17    357.6    122.4   0.7273   0.4545   1.6000   1.9731 -1179.094
 26  18    355.9    124.1   0.6600   0.4125   1.6000   1.7881 -1162.556
 26  19    357.9    122.1   0.6708   0.4192   1.6000   1.8203 -1160.304
 26  20    357.8    122.2   0.4969   0.3106   1.6000   1.3484 -1121.690
 26  21    358.0    122.0   0.4238   0.2649   1.6000   1.1503 -1085.428
 26  22    356.9    123.1   0.3907   0.2442   1.6000   1.0593 -1066.107
 26  23    356.7    123.3   0.3986   0.2491   1.6000   1.0807 -1070.440
 26  24    355.2    124.8   0.4509   0.2818   1.6000   1.2208 -1102.462
 26  25    356.9    123.1   0.4749   0.2968   1.6000   1.2876 -1104.160
 27   1    360.1    119.9   0.7979   0.4987   1.6000   2.1695 -1189.079
 27   2    357.7    122.3   0.7401   0.4625   1.6000   2.0081 -1182.311
 27   3    355.0    125.0   0.7215   0.4510   1.6000   1.9532 -1186.562
 27   4    355.8    124.2   0.7111   0.4444   1.6000   1.9262 -1182.733
 27   5    355.0    125.0   0.7065   0.4416   1.6000   1.9126 -1176.036
 27   6    355.0    125.0   0.7065   0.4416   1.6000   1.9126 -1176.036
 27   7    355.6    124.4   0.7158   0.4474   1.6000   1.9386 -1178.133
 27   8    355.6    124.4   0.7158   0.4474   1.6000   1.9386 -1178.133
 27   9    355.7    124.3   0.7241   0.4526   1.6000   1.9614 -1182.203
 27  10    356.1    123.9   0.7258   0.4536   1.6000   1.9666 -1182.235
 27  11    356.1    123.9   0.7258   0.4536   1.6000   1.9666 -1182.235
 27  12    357.8    122.2   0.7205   0.4503   1.6000   1.9552 -1179.805
 27  13    357.6    122.4   0.7154   0.4472   1.6000   1.9412 -1175.567
 27  14    357.5    122.5   0.7035   0.4397   1.6000   1.9086 -1175.478
 27  15    357.7    122.3   0.7225   0.4516   1.6000   1.9604 -1178.001
 27  16    357.6    122.4   0.7273   0.4545   1.6000   1.9731 -1179.094
 27  17    357.6    122.4   0.7273   0.4545   1.6000   1.9731 -1179.094
 27  18    355.9    124.1   0.6600   0.4125   1.6000   1.7881 -1162.556
 27  19    357.9    122.1   0.6708   0.4192   1.6000   1.8203 -1160.304
 27  20    357.8    122.2   0.4969   0.3106   1.6000   1.3484 -1121.690
 27  21    358.0    122.0   0.4238   0.2649   1.6000   1.1503 -1085.428
 27  22    356.9    123.1   0.3907   0.2442   1.6000   1.0593 -1066.107
 27  23    356.7    123.3   0.3986   0.2491   1.6000   1.0807 -1070.440
 27  24    355.2    124.8   0.4509   0.2818   1.6000   1.2208 -1102.462
 27  25    356.9    123.1   0.4749   0.2968   1.6000   1.2876 -1104.160
 27  26    358.5    121.5   0.0000   0.0000   1.6000   0.0000  -645.140
 28   1    358.9    121.1   0.6996   0.4372   1.6000   1.9003 -1174.822
 28   2    356.6    123.4   0.7457   0.4660   1.6000   2.0213 -1186.624
 28   3    353.9    126.1   0.6763   0.4227   1.6000   1.8291 -1176.990
 28   4    354.7    125.3   0.6211   0.3882   1.6000   1.6808 -1159.174
 28   5    354.0    126.0   0.6187   0.3867   1.6000   1.6734 -1158.102
 28   6    354.0    126.0   0.6187   0.3867   1.6000   1.6734 -1158.102
 28   7    354.5    125.5   0.6459   0.4037   1.6000   1.7476 -1164.808
 28   8    354.5    125.5   0.6459   0.4037   1.6000   1.7476 -1164.808
 28   9    354.6    125.4   0.6530   0.4081   1.6000   1.7670 -1170.403
 28  10    355.1    124.9   0.6280   0.3925   1.6000   1.7000 -1162.664
 28  11    355.1    124.9   0.6280   0.3925   1.6000   1.7000 -1162.664
 28  12    356.8    123.2   0.6400   0.4000   1.6000   1.7351 -1165.268
 28  13    356.5    123.5   0.7085   0.4428   1.6000   1.9206 -1175.552
 28  14    356.4    123.6   0.6878   0.4299   1.6000   1.8642 -1170.529
 28  15    356.6    123.4   0.6916   0.4323   1.6000   1.8749 -1172.432
 28  16    356.5    123.5   0.6862   0.4289   1.6000   1.8599 -1171.914
 28  17    356.5    123.5   0.6862   0.4289   1.6000   1.8599 -1171.914
 28  18    354.8    125.2   0.6687   0.4179   1.6000   1.8098 -1170.376
 28  19    356.8    123.2   0.6983   0.4364   1.6000   1.8933 -1174.227
 28  20    356.7    123.3   0.4383   0.2740   1.6000   1.1883 -1099.530
 28  21    356.8    123.2   0.4526   0.2828   1.6000   1.2270 -1102.432
 28  22    355.8    124.2   0.4635   0.2897   1.6000   1.2557 -1101.771
 28  23    355.6    124.4   0.4679   0.2925   1.6000   1.2674 -1103.324
 28  24    354.1    125.9   0.4935   0.3084   1.6000   1.3349 -1123.079
 28  25    355.8    124.2   0.4085   0.2553   1.6000   1.1066 -1077.742
 28  26    357.3    122.7   0.4674   0.2921   1.6000   1.2679 -1104.114
 28  27    357.3    122.7   0.4674   0.2921   1.6000   1.2679 -1104.114
 29   1    357.9    122.1   0.7570   0.4731   1.6000   2.0543 -1188.800
 29   2    355.5    124.5   0.7008   0.4380   1.6000   1.8978 -1178.583
 29   3    352.8    127.2   0.6717   0.4198   1.6000   1.8149 -1176.368
 29   4    353.5    126.5   0.7086   0.4429   1.6000   1.9157 -1183.791
 29   5    352.8    127.2   0.6479   0.4050   1.6000   1.7507 -1168.553
 29   6    352.8    127.2   0.6479   0.4050   1.6000   1.7507 -1168.553
 29   7    353.4    126.6   0.6863   0.4290   1.6000   1.8553 -1177.186
 29   8    353.4    126.6   0.6863   0.4290   1.6000   1.8553 -1177.186
 29   9    353.5    126.5   0.6710   0.4194   1.6000   1.8141 -1172.884
 29  10    353.9    126.1   0.6577   0.4111   1.6000   1.7788 -1172.691
 29  11    353.9    126.1   0.6577   0.4111   1.6000   1.7788 -1172.691
 29  12    355.7    124.3   0.6868   0.4293   1.6000   1.8604 -1176.132
 29  13    355.4    124.6   0.7207   0.4505   1.6000   1.9517 -1182.375
 29  14    355.3    124.7   0.6954   0.4346   1.6000   1.8829 -1176.861
 29  15    355.5    124.5   0.7093   0.4433   1.6000   1.9208 -1180.941
 29  16    355.3    124.7   0.7042   0.4401   1.6000   1.9069 -1180.491
 29  17    355.3    124.7   0.7042   0.4401   1.6000   1.9069 -1180.491
 29  18    353.7    126.3   0.6502   0.4064   1.6000   1.7580 -1165.419
 29  19    355.7    124.3   0.6946   0.4341   1.6000   1.8814 -1177.132
 29  20    355.6    124.4   0.4534   0.2834   1.6000   1.2280 -1102.967
 29  21    355.8    124.2   0.4305   0.2690   1.6000   1.1661 -1091.808
 29  22    354.7    125.3   0.4673   0.2921   1.6000   1.2647 -1102.155
 29  23    354.5    125.5   0.4795   0.2997   1.6000   1.2975 -1106.744
 29  24    353.0    127.0   0.5155   0.3222   1.6000   1.3931 -1129.992
 29  25    354.7    125.3   0.4466   0.2791   1.6000   1.2086 -1095.022
 29  26    356.2    123.8   0.4825   0.3016   1.6000   1.3076 -1109.537
 29  27    356.2    123.8   0.4825   0.3016   1.6000   1.3076 -1109.537
 29  28    355.0    125.0   0.2433   0.1520   1.6000   0.6586  -978.870
 30   1    357.9    122.1   0.7570   0.4731   1.6000   2.0543 -1188.800
 30   2    355.5    124.5   0.7008   0.4380   1.6000   1.8978 -1178.583
 30   3    352.8    127.2   0.6717   0.4198   1.6000   1.8149 -1176.368
 30   4    353.5    126.5   0.7086   0.4429   1.6000   1.9157 -1183.791
 30   5    352.8    127.2   0.6479   0.4050   1.6000   1.7507 -1168.553
 30   6    352.8    127.2   0.6479   0.4050   1.6000   1.7507 -1168.553
 30   7    353.4    126.6   0.6863   0.4290   1.6000   1.8553 -1177.186
 30   8    353.4    126.6   0.6863   0.4290   1.6000   1.8553 -1177.186
 30   9    353.5    126.5   0.6710   0.4194   1.6000   1.8141 -1172.884
 30  10    353.9    126.1   0.6577   0.4111   1.6000   1.7788 -1172.691
 30  11    353.9    126.1   0.6577   0.4111   1.6000   1.7788 -1172.691
 30  12    355.7    124.3   0.6868   0.4293   1.6000   1.8604 -1176.132
 30  13    355.4    124.6   0.7207   0.4505   1.6000   1.9517 -1182.375
 30  14    355.3    124.7   0.6954   0.4346   1.6000   1.8829 -1176.861
 30  15    355.5    124.5   0.7093   0.4433   1.6000   1.9208 -1180.941
 30  16    355.3    124.7   0.7042   0.4401   1.6000   1.9069 -1180.491
 30  17    355.3    124.7   0.7042   0.4401   1.6000   1.9069 -1180.491
 30  18    353.7    126.3   0.6502   0.4064   1.6000   1.7580 -1165.419
 30  19    355.7    124.3   0.6946   0.4341   1.6000   1.8814 -1177.132
 30  20    355.6    124.4   0.4534   0.2834   1.6000   1.2280 -1102.967
 30  21    355.8    124.2   0.4305   0.2690   1.6000   1.1661 -1091.808
 30  22    354.7    125.3   0.4673   0.2921   1.6000   1.2647 -1102.155
 30  23    354.5    125.5   0.4795   0.2997   1.6000   1.2975 -1106.744
 30  24    353.0    127.0   0.5155   0.3222   1.6000   1.3931 -1129.992
 30  25    354.7    125.3   0.4466   0.2791   1.6000   1.2086 -1095.022
 30  26    356.2    123.8   0.4825   0.3016   1.6000   1.3076 -1109.537
 30  27    356.2    123.8   0.4825   0.3016   1.6000   1.3076 -1109.537
 30  28    355.0    125.0   0.2433   0.1520   1.6000   0.6586  -978.870
 30  29    353.9    126.1   0.0000   0.0000   1.6000   0.0000  -650.986
 31   1    359.5    120.5   0.7914   0.4946   1.6000   2.1506 -1189.315
 31   2    357.1    122.9   0.7251   0.4532   1.6000   1.9666 -1185.623
 31   3    354.4    125.6   0.7281   0.4551   1.6000   1.9700 -1188.847
 31   4    355.2    124.8   0.7541   0.4713   1.6000   2.0417 -1192.846
 31   5    354.5    125.5   0.7214   0.4509   1.6000   1.9520 -1182.940
 31   6    354.5    125.5   0.7214   0.4509   1.6000   1.9520 -1182.940
 31   7    355.0    125.0   0.7367   0.4604   1.6000   1.9942 -1187.361
 31   8    355.0    125.0   0.7367   0.4604   1.6000   1.9942 -1187.361
 31   9    355.1    124.9   0.7260   0.4537   1.6000   1.9654 -1187.456
 31  10    355.5    124.5   0.7481   0.4676   1.6000   2.0262 -1192.836
 31  11    355.5    124.5   0.7481   0.4676   1.6000   2.0262 -1192.836
 31  12    357.3    122.7   0.7001   0.4376   1.6000   1.8990 -1176.636
 31  13    357.1    122.9   0.6934   0.4334   1.6000   1.8805 -1173.095
 31  14    356.9    123.1   0.6733   0.4208   1.6000   1.8257 -1168.251
 31  15    357.1    122.9   0.6774   0.4234   1.6000   1.8372 -1171.230
 31  16    357.0    123.0   0.6821   0.4263   1.6000   1.8497 -1172.356
 31  17    357.0    123.0   0.6821   0.4263   1.6000   1.8497 -1172.356
 31  18    355.3    124.7   0.6213   0.3883   1.6000   1.6822 -1159.655
 31  19    357.3    122.7   0.6423   0.4014   1.6000   1.7422 -1161.951
 31  20    357.2    122.8   0.4962   0.3101   1.6000   1.3459 -1115.114
 31  21    357.4    122.6   0.4798   0.2999   1.6000   1.3015 -1111.613
 31  22    356.3    123.7   0.4227   0.2642   1.6000   1.1456 -1086.877
 31  23    356.1    123.9   0.4268   0.2668   1.6000   1.1565 -1088.180
 31  24    354.6    125.4   0.4828   0.3018   1.6000   1.3065 -1119.028
 31  25    356.3    123.7   0.4160   0.2600   1.6000   1.1274 -1083.361
 31  26    357.9    122.1   0.4974   0.3109   1.6000   1.3500 -1113.977
 31  27    357.9    122.1   0.4974   0.3109   1.6000   1.3500 -1113.977
 31  28    356.7    123.3   0.2935   0.1835   1.6000   0.7958 -1014.111
 31  29    355.6    124.4   0.2955   0.1847   1.6000   0.8004 -1012.701
 31  30    355.6    124.4   0.2955   0.1847   1.6000   0.8004 -1012.701
 32   1    358.9    121.1   0.6802   0.4251   1.6000   1.8476 -1168.127
 32   2    356.6    123.4   0.7497   0.4686   1.6000   2.0321 -1189.898
 32   3    353.8    126.2   0.7144   0.4465   1.6000   1.9318 -1188.750
 32   4    354.6    125.4   0.6939   0.4337   1.6000   1.8777 -1179.444
 32   5    353.9    126.1   0.6656   0.4160   1.6000   1.8000 -1170.484
 32   6    353.9    126.1   0.6656   0.4160   1.6000   1.8000 -1170.484
 32   7    354.4    125.6   0.7048   0.4405   1.6000   1.9071 -1180.589
 32   8    354.4    125.6   0.7048   0.4405   1.6000   1.9071 -1180.589
 32   9    354.5    125.5   0.6916   0.4322   1.6000   1.8714 -1180.383
 32  10    355.0    125.0   0.6744   0.4215   1.6000   1.8255 -1175.152
 32  11    355.0    125.0   0.6744   0.4215   1.6000   1.8255 -1175.152
 32  12    356.7    123.3   0.6274   0.3921   1.6000   1.7008 -1161.818
 32  13    356.5    123.5   0.6561   0.4101   1.6000   1.7784 -1166.169
 32  14    356.3    123.7   0.6373   0.3983   1.6000   1.7272 -1161.333
 32  15    356.6    123.4   0.6409   0.4006   1.6000   1.7373 -1164.137
 32  16    356.4    123.6   0.6455   0.4034   1.6000   1.7494 -1165.321
 32  17    356.4    123.6   0.6455   0.4034   1.6000   1.7494 -1165.321
 32  18    354.8    125.2   0.5923   0.3702   1.6000   1.6030 -1148.161
 32  19    356.7    123.3   0.6035   0.3772   1.6000   1.6361 -1151.778
 32  20    356.6    123.4   0.4910   0.3069   1.6000   1.3309 -1113.529
 32  21    356.8    123.2   0.4558   0.2849   1.6000   1.2358 -1098.059
 32  22    355.8    124.2   0.4227   0.2642   1.6000   1.1452 -1084.195
 32  23    355.6    124.4   0.4310   0.2694   1.6000   1.1673 -1087.306
 32  24    354.0    126.0   0.4488   0.2805   1.6000   1.2138 -1105.008
 32  25    355.8    124.2   0.4411   0.2757   1.6000   1.1950 -1092.258
 32  26    357.3    122.7   0.4704   0.2940   1.6000   1.2760 -1104.563
 32  27    357.3    122.7   0.4704   0.2940   1.6000   1.2760 -1104.563
 32  28    356.1    123.9   0.2522   0.1576   1.6000   0.6834  -986.734
 32  29    355.0    125.0   0.2851   0.1782   1.6000   0.7717 -1006.063
 32  30    355.0    125.0   0.2851   0.1782   1.6000   0.7717 -1006.063
 32  31    356.7    123.3   0.2044   0.1277   1.6000   0.5540  -946.656
 33   1    357.7    122.3   0.6886   0.4304   1.6000   1.8684 -1174.403
 33   2    355.3    124.7   0.6656   0.4160   1.6000   1.8023 -1177.203
 33   3    352.7    127.3   0.7202   0.4502   1.6000   1.9458 -1190.997
 33   4    353.4    126.6   0.6429   0.4018   1.6000   1.7380 -1170.769
 33   5    352.8    127.2   0.6637   0.4148   1.6000   1.7932 -1172.968
 33   6    352.8    127.2   0.6637   0.4148   1.6000   1.7932 -1172.968
 33   7    353.2    126.8   0.6471   0.4045   1.6000   1.7491 -1170.405
 33   8    353.2    126.8   0.6471   0.4045   1.6000   1.7491 -1170.405
 33   9    353.4    126.6   0.6639   0.4149   1.6000   1.7947 -1173.800
 33  10    353.9    126.1   0.6460   0.4038   1.6000   1.7471 -1171.054
 33  11    353.9    126.1   0.6460   0.4038   1.6000   1.7471 -1171.054
 33  12    355.6    124.4   0.6781   0.4238   1.6000   1.8365 -1177.778
 33  13    355.3    124.7   0.7185   0.4491   1.6000   1.9455 -1187.312
 33  14    355.1    124.9   0.6916   0.4322   1.6000   1.8724 -1183.551
 33  15    355.3    124.7   0.6770   0.4231   1.6000   1.8333 -1180.871
 33  16    355.2    124.8   0.6819   0.4262   1.6000   1.8463 -1181.931
 33  17    355.2    124.8   0.6819   0.4262   1.6000   1.8463 -1181.931
 33  18    353.5    126.5   0.6422   0.4014   1.6000   1.7362 -1169.258
 33  19    355.6    124.4   0.6409   0.4006   1.6000   1.7359 -1167.579
 33  20    355.5    124.5   0.4883   0.3052   1.6000   1.3225 -1117.159
 33  21    355.6    124.4   0.3732   0.2332   1.6000   1.0107 -1060.389
 33  22    354.5    125.5   0.4525   0.2828   1.6000   1.2244 -1105.827
 33  23    354.3    125.7   0.4470   0.2794   1.6000   1.2092 -1103.277
 33  24    352.9    127.1   0.4499   0.2812   1.6000   1.2157 -1108.815
 33  25    354.6    125.4   0.4441   0.2776   1.6000   1.2018 -1103.321
 33  26    356.0    124.0   0.4461   0.2788   1.6000   1.2087 -1099.592
 33  27    356.0    124.0   0.4461   0.2788   1.6000   1.2087 -1099.592
 33  28    354.9    125.1   0.3747   0.2342   1.6000   1.0143 -1071.368
 33  29    353.8    126.2   0.3816   0.2385   1.6000   1.0319 -1073.480
 33  30    353.8    126.2   0.3816   0.2385   1.6000   1.0319 -1073.480
 33  31    355.4    124.6   0.3881   0.2425   1.6000   1.0509 -1079.919
 33  32    354.8    125.2   0.3920   0.2450   1.6000   1.0609 -1076.131
 34   1    357.7    122.3   0.6886   0.4304   1.6000   1.8684 -1174.403
 34   2    355.3    124.7   0.6656   0.4160   1.6000   1.8023 -1177.203
 34   3    352.7    127.3   0.7202   0.4502   1.6000   1.9458 -1190.997
 34   4    353.4    126.6   0.6429   0.4018   1.6000   1.7380 -1170.769
 34   5    352.8    127.2   0.6637   0.4148   1.6000   1.7932 -1172.968
 34   6    352.8    127.2   0.6637   0.4148   1.6000   1.7932 -1172.968
 34   7    353.2    126.8   0.6471   0.4045   1.6000   1.7491 -1170.405
 34   8    353.2    126.8   0.6471   0.4045   1.6000   1.7491 -1170.405
 34   9    353.4    126.6   0.6639   0.4149   1.6000   1.7947 -1173.800
 34  10    353.9    126.1   0.6460   0.4038   1.6000   1.7471 -1171.054
 34  11    353.9    126.1   0.6460   0.4038   1.6000   1.7471 -1171.054
 34  12    355.6    124.4   0.6781   0.4238   1.6000   1.8365 -1177.778
 34  13    355.3    124.7   0.7185   0.4491   1.6000   1.9455 -1187.312
 34  14    355.1    124.9   0.6916   0.4322   1.6000   1.8724 -1183.551
 34  15    355.3    124.7   0.6770   0.4231   1.6000   1.8333 -1180.871
 34  16    355.2    124.8   0.6819   0.4262   1.6000   1.8463 -1181.931
 34  17    355.2    124.8   0.6819   0.4262   1.6000   1.8463 -1181.931
 34  18    353.5    126.5   0.6422   0.4014   1.6000   1.7362 -1169.258
 34  19    355.6    124.4   0.6409   0.4006   1.6000   1.7359 -1167.579
 34  20    355.5    124.5   0.4883   0.3052   1.6000   1.3225 -1117.159
 34  21    355.6    124.4   0.3732   0.2332   1.6000   1.0107 -1060.389
 34  22    354.5    125.5   0.4525   0.2828   1.6000   1.2244 -1105.827
 34  23    354.3    125.7   0.4470   0.2794   1.6000   1.2092 -1103.277
 34  24    352.9    127.1   0.4499   0.2812   1.6000   1.2157 -1108.815
 34  25    354.6    125.4   0.4441   0.2776   1.6000   1.2018 -1103.321
 34  26    356.0    124.0   0.4461   0.2788   1.6000   1.2087 -1099.592
 34  27    356.0    124.0   0.4461   0.2788   1.6000   1.2087 -1099.592
 34  28    354.9    125.1   0.3747   0.2342   1.6000   1.0143 -1071.368
 34  29    353.8    126.2   0.3816   0.2385   1.6000   1.0319 -1073.480
 34  30    353.8    126.2   0.3816   0.2385   1.6000   1.0319 -1073.480
 34  31    355.4    124.6   0.3881   0.2425   1.6000   1.0509 -1079.919
 34  32    354.8    125.2   0.3920   0.2450   1.6000   1.0609 -1076.131
 34  33    353.7    126.3   0.0000   0.0000   1.6000   0.0000  -651.173
 35   1    360.0    120.0   0.8106   0.5066   1.6000   2.2038 -1194.313
 35   2    357.7    122.3   0.6554   0.4096   1.6000   1.7784 -1168.095
 35   3    355.0    125.0   0.6189   0.3868   1.6000   1.6754 -1158.938
 35   4    355.8    124.2   0.6213   0.3883   1.6000   1.6831 -1159.538
 35   5    355.1    124.9   0.6433   0.4021   1.6000   1.7417 -1162.877
 35   6    355.1    124.9   0.6433   0.4021   1.6000   1.7417 -1162.877
 35   7    355.6    124.4   0.6250   0.3906   1.6000   1.6928 -1157.914
 35   8    355.6    124.4   0.6250   0.3906   1.6000   1.6928 -1157.914
 35   9    355.7    124.3   0.6873   0.4296   1.6000   1.8618 -1175.273
 35  10    356.2    123.8   0.6470   0.4044   1.6000   1.7533 -1165.541
 35  11    356.2    123.8   0.6470   0.4044   1.6000   1.7533 -1165.541
 35  12    357.8    122.2   0.7070   0.4419   1.6000   1.9186 -1171.918
 35  13    357.6    122.4   0.6694   0.4184   1.6000   1.8162 -1168.875
 35  14    357.5    122.5   0.6627   0.4142   1.6000   1.7978 -1167.162
 35  15    357.7    122.3   0.6516   0.4073   1.6000   1.7681 -1167.430
 35  16    357.6    122.4   0.6562   0.4101   1.6000   1.7803 -1168.516
 35  17    357.6    122.4   0.6562   0.4101   1.6000   1.7803 -1168.516
 35  18    356.0    124.0   0.6423   0.4014   1.6000   1.7401 -1162.620
 35  19    357.9    122.1   0.6307   0.3942   1.6000   1.7115 -1157.985
 35  20    357.8    122.2   0.4459   0.2787   1.6000   1.2100 -1090.826
 35  21    358.0    122.0   0.4391   0.2744   1.6000   1.1916 -1087.303
 35  22    357.0    123.0   0.4405   0.2753   1.6000   1.1945 -1087.957
 35  23    356.8    123.2   0.4487   0.2804   1.6000   1.2165 -1091.324
 35  24    355.2    124.8   0.4881   0.3050   1.6000   1.3215 -1116.106
 35  25    357.0    123.0   0.5163   0.3227   1.6000   1.4000 -1120.285
 35  26    358.4    121.6   0.4661   0.2913   1.6000   1.2654 -1098.042
 35  27    358.4    121.6   0.4661   0.2913   1.6000   1.2654 -1098.042
 35  28    357.2    122.8   0.3770   0.2356   1.6000   1.0226 -1065.883
 35  29    356.1    123.9   0.4117   0.2573   1.6000   1.1156 -1081.650
 35  30    356.1    123.9   0.4117   0.2573   1.6000   1.1156 -1081.650
 35  31    357.8    122.2   0.4268   0.2668   1.6000   1.1583 -1085.769
 35  32    357.2    122.8   0.4285   0.2678   1.6000   1.1621 -1094.290
 35  33    356.0    124.0   0.2730   0.1706   1.6000   0.7397  -997.555
 35  34    356.0    124.0   0.2730   0.1706   1.6000   0.7397  -997.555
 36   1    360.0    120.0   0.7931   0.4957   1.6000   2.1562 -1190.171
 36   2    357.7    122.3   0.6740   0.4212   1.6000   1.8286 -1169.166
 36   3    354.9    125.1   0.6797   0.4248   1.6000   1.8399 -1175.075
 36   4    355.7    124.3   0.7048   0.4405   1.6000   1.9091 -1181.247
 36   5    354.9    125.1   0.7309   0.4568   1.6000   1.9784 -1182.433
 36   6    354.9    125.1   0.7309   0.4568   1.6000   1.9784 -1182.433
 36   7    355.5    124.5   0.6947   0.4342   1.6000   1.8815 -1173.881
 36   8    355.5    124.5   0.6947   0.4342   1.6000   1.8815 -1173.881
 36   9    355.6    124.4   0.7047   0.4404   1.6000   1.9085 -1178.570
 36  10    356.0    124.0   0.6948   0.4342   1.6000   1.8824 -1176.081
 36  11    356.0    124.0   0.6948   0.4342   1.6000   1.8824 -1176.081
 36  12    357.7    122.3   0.6944   0.4340   1.6000   1.8841 -1174.979
 36  13    357.6    122.4   0.7161   0.4476   1.6000   1.9429 -1178.094
 36  14    357.4    122.6   0.7153   0.4471   1.6000   1.9406 -1179.310
 36  15    357.7    122.3   0.6950   0.4344   1.6000   1.8858 -1174.758
 36  16    357.5    122.5   0.6997   0.4373   1.6000   1.8982 -1175.891
 36  17    357.5    122.5   0.6997   0.4373   1.6000   1.8982 -1175.891
 36  18    355.8    124.2   0.6579   0.4112   1.6000   1.7822 -1170.196
 36  19    357.8    122.2   0.7135   0.4459   1.6000   1.9361 -1177.786
 36  20    357.7    122.3   0.4127   0.2580   1.6000   1.1199 -1082.470
 36  21    358.0    122.0   0.4095   0.2559   1.6000   1.1114 -1073.107
 36  22    356.9    123.1   0.4031   0.2519   1.6000   1.0930 -1078.909
 36  23    356.7    123.3   0.4153   0.2596   1.6000   1.1259 -1084.428
 36  24    355.1    124.9   0.4479   0.2799   1.6000   1.2125 -1100.547
 36  25    356.9    123.1   0.4671   0.2919   1.6000   1.2665 -1106.729
 36  26    358.5    121.5   0.4090   0.2556   1.6000   1.1106 -1078.607
 36  27    358.5    121.5   0.4090   0.2556   1.6000   1.1106 -1078.607
 36  28    357.2    122.8   0.4306   0.2691   1.6000   1.1679 -1091.515
 36  29    356.1    123.9   0.4566   0.2854   1.6000   1.2371 -1102.463
 36  30    356.1    123.9   0.4566   0.2854   1.6000   1.2371 -1102.463
 36  31    357.8    122.2   0.3727   0.2330   1.6000   1.0115 -1065.466
 36  32    357.2    122.8   0.4324   0.2703   1.6000   1.1729 -1093.274
 36  33    355.9    124.1   0.2836   0.1773   1.6000   0.7684 -1003.328
 36  34    355.9    124.1   0.2836   0.1773   1.6000   0.7684 -1003.328
 36  35    358.3    121.7   0.2290   0.1431   1.6000   0.6218  -957.341
 37   1    358.7    121.3   0.7972   0.4982   1.6000   2.1648 -1195.039
 37   2    356.3    123.7   0.6413   0.4008   1.6000   1.7379 -1166.923
 37   3    353.6    126.4   0.6803   0.4252   1.6000   1.8393 -1175.302
 37   4    354.4    125.6   0.6751   0.4219   1.6000   1.8265 -1177.482
 37   5    353.7    126.3   0.7111   0.4444   1.6000   1.9227 -1182.093
 37   6    353.7    126.3   0.7111   0.4444   1.6000   1.9227 -1182.093
 37   7    354.2    125.8   0.6799   0.4249   1.6000   1.8392 -1175.140
 37   8    354.2    125.8   0.6799   0.4249   1.6000   1.8392 -1175.140
 37   9    354.3    125.7   0.6969   0.4356   1.6000   1.8854 -1177.441
 37  10    354.8    125.2   0.7135   0.4459   1.6000   1.9311 -1182.154
 37  11    354.8    125.2   0.7135   0.4459   1.6000   1.9311 -1182.154
 37  12    356.5    123.5   0.6771   0.4232   1.6000   1.8354 -1167.447
 37  13    356.2    123.8   0.6844   0.4278   1.6000   1.8547 -1168.593
 37  14    356.1    123.9   0.6907   0.4317   1.6000   1.8715 -1171.124
 37  15    356.3    123.7   0.6714   0.4196   1.6000   1.8195 -1168.172
 37  16    356.2    123.8   0.6767   0.4230   1.6000   1.8338 -1169.411
 37  17    356.2    123.8   0.6767   0.4230   1.6000   1.8338 -1169.411
 37  18    354.5    125.5   0.6915   0.4322   1.6000   1.8710 -1175.575
 37  19    356.5    123.5   0.6730   0.4206   1.6000   1.8241 -1167.566
 37  20    356.4    123.6   0.4436   0.2772   1.6000   1.2022 -1093.162
 37  21    356.6    123.4   0.4159   0.2599   1.6000   1.1274 -1078.271
 37  22    355.5    124.5   0.4172   0.2607   1.6000   1.1297 -1082.976
 37  23    355.2    124.8   0.4216   0.2635   1.6000   1.1414 -1086.561
 37  24    353.8    126.2   0.4673   0.2921   1.6000   1.2638 -1106.819
 37  25    355.5    124.5   0.5019   0.3137   1.6000   1.3591 -1116.207
 37  26    357.0    123.0   0.4589   0.2868   1.6000   1.2445 -1096.767
 37  27    357.0    123.0   0.4589   0.2868   1.6000   1.2445 -1096.767
 37  28    355.9    124.1   0.3687   0.2304   1.6000   0.9988 -1064.247
 37  29    354.8    125.2   0.4012   0.2507   1.6000   1.0858 -1077.502
 37  30    354.8    125.2   0.4012   0.2507   1.6000   1.0858 -1077.502
 37  31    356.4    123.6   0.4074   0.2546   1.6000   1.1041 -1082.278
 37  32    355.8    124.2   0.4161   0.2601   1.6000   1.1272 -1091.403
 37  33    354.7    125.3   0.2562   0.1602   1.6000   0.6935  -986.630
 37  34    354.7    125.3   0.2562   0.1602   1.6000   0.6935  -986.630
 37  35    357.0    123.0   0.2229   0.1393   1.6000   0.6045  -954.726
 37  36    356.9    123.1   0.1711   0.1069   1.6000   0.4639  -903.139
 38   1    358.9    121.1   0.7899   0.4937   1.6000   2.1455 -1195.039
 38   2    356.5    123.5   0.6105   0.3815   1.6000   1.6547 -1155.300
 38   3    353.9    126.1   0.6987   0.4367   1.6000   1.8896 -1178.470
 38   4    354.6    125.4   0.6861   0.4288   1.6000   1.8566 -1177.956
 38   5    353.9    126.1   0.7207   0.4504   1.6000   1.9491 -1180.081
 38   6    353.9    126.1   0.7207   0.4504   1.6000   1.9491 -1180.081
 38   7    354.4    125.6   0.7187   0.4492   1.6000   1.9446 -1180.594
 38   8    354.4    125.6   0.7187   0.4492   1.6000   1.9446 -1180.594
 38   9    354.5    125.5   0.6862   0.4289   1.6000   1.8569 -1173.110
 38  10    355.0    125.0   0.6955   0.4347   1.6000   1.8829 -1175.612
 38  11    355.0    125.0   0.6955   0.4347   1.6000   1.8829 -1175.612
 38  12    356.7    123.3   0.6342   0.3964   1.6000   1.7193 -1157.564
 38  13    356.5    123.5   0.6860   0.4288   1.6000   1.8594 -1171.103
 38  14    356.3    123.7   0.6875   0.4297   1.6000   1.8631 -1173.034
 38  15    356.5    123.5   0.6892   0.4307   1.6000   1.8680 -1174.259
 38  16    356.4    123.6   0.6939   0.4337   1.6000   1.8806 -1175.303
 38  17    356.4    123.6   0.6939   0.4337   1.6000   1.8806 -1175.303
 38  18    354.7    125.3   0.6857   0.4286   1.6000   1.8558 -1176.807
 38  19    356.8    123.2   0.6777   0.4235   1.6000   1.8373 -1169.174
 38  20    356.7    123.3   0.4536   0.2835   1.6000   1.2296 -1099.324
 38  21    356.8    123.2   0.3966   0.2479   1.6000   1.0753 -1068.379
 38  22    355.7    124.3   0.4140   0.2587   1.6000   1.1214 -1083.258
 38  23    355.5    124.5   0.4261   0.2663   1.6000   1.1539 -1088.748
 38  24    354.0    126.0   0.4556   0.2847   1.6000   1.2322 -1103.151
 38  25    355.8    124.2   0.4719   0.2949   1.6000   1.2782 -1107.678
 38  26    357.2    122.8   0.4311   0.2695   1.6000   1.1693 -1089.255
 38  27    357.2    122.8   0.4311   0.2695   1.6000   1.1693 -1089.255
 38  28    356.1    123.9   0.3743   0.2340   1.6000   1.0143 -1063.434
 38  29    355.0    125.0   0.3921   0.2451   1.6000   1.0614 -1072.075
 38  30    355.0    125.0   0.3921   0.2451   1.6000   1.0614 -1072.075
 38  31    356.6    123.4   0.3647   0.2279   1.6000   0.9885 -1061.196
 38  32    356.0    124.0   0.3677   0.2298   1.6000   0.9962 -1066.352
 38  33    354.9    125.1   0.2309   0.1443   1.6000   0.6249  -963.418
 38  34    354.9    125.1   0.2309   0.1443   1.6000   0.6249  -963.418
 38  35    357.2    122.8   0.2446   0.1529   1.6000   0.6633  -971.694
 38  36    357.1    122.9   0.1619   0.1012   1.6000   0.4390  -895.803
 38  37    355.8    124.2   0.1473   0.0921   1.6000   0.3991  -875.174

