Supplemental results for CODEML (seqf: /gpfs/scratch/cltucker/EBH381-Group-Project/SIV_aligned_ENV.fas  treef: )


pairwise comparison (Goldman & Yang 1994)
seq seq        N       S       dN       dS     dN/dS   Paras.
  2   1    934.6    304.4   0.3432   0.8580   0.4000   1.4091 -2810.226
  3   1    928.9    310.1   0.3125   0.7811   0.4000   1.2892 -2784.442
  3   2    930.6    308.4   0.2294   0.5736   0.4000   0.9453 -2619.398
  4   1    931.3    307.7   0.2992   0.7480   0.4000   1.2320 -2759.123
  4   2    933.0    306.0   0.2459   0.6146   0.4000   1.0108 -2643.316
  4   3    927.3    311.7   0.1832   0.4579   0.4000   0.7569 -2507.106
  5   1    932.5    306.5   0.2938   0.7344   0.4000   1.2083 -2749.000
  5   2    934.2    304.8   0.2203   0.5509   0.4000   0.9049 -2588.251
  5   3    928.5    310.5   0.1805   0.4513   0.4000   0.7452 -2493.803
  5   4    931.0    308.0   0.1756   0.4389   0.4000   0.7232 -2469.167
  6   1    932.5    306.5   0.2938   0.7344   0.4000   1.2083 -2749.000
  6   2    934.2    304.8   0.2203   0.5509   0.4000   0.9049 -2588.251
  6   3    928.5    310.5   0.1805   0.4513   0.4000   0.7452 -2493.803
  6   4    931.0    308.0   0.1756   0.4389   0.4000   0.7232 -2469.167
  6   5    932.3    306.7   0.0000   0.0000   0.4000   0.0000 -1656.103
  7   1    931.8    307.2   0.2872   0.7181   0.4000   1.1822 -2744.426
  7   2    933.6    305.4   0.2272   0.5681   0.4000   0.9338 -2600.762
  7   3    927.9    311.1   0.1851   0.4627   0.4000   0.7644 -2506.572
  7   4    930.3    308.7   0.1763   0.4408   0.4000   0.7266 -2476.629
  7   5    931.6    307.4   0.0655   0.1638   0.4000   0.2697 -2091.814
  7   6    931.6    307.4   0.0655   0.1638   0.4000   0.2697 -2091.814
  8   1    931.8    307.2   0.2872   0.7181   0.4000   1.1822 -2744.426
  8   2    933.6    305.4   0.2272   0.5681   0.4000   0.9338 -2600.762
  8   3    927.9    311.1   0.1851   0.4627   0.4000   0.7644 -2506.572
  8   4    930.3    308.7   0.1763   0.4408   0.4000   0.7266 -2476.629
  8   5    931.6    307.4   0.0655   0.1638   0.4000   0.2697 -2091.814
  8   6    931.6    307.4   0.0655   0.1638   0.4000   0.2697 -2091.814
  8   7    931.0    308.0   0.0000   0.0000   0.4000   0.0000 -1658.131
  9   1    931.1    307.9   0.2849   0.7121   0.4000   1.1731 -2733.076
  9   2    932.8    306.2   0.2347   0.5868   0.4000   0.9651 -2617.083
  9   3    927.1    311.9   0.1847   0.4619   0.4000   0.7635 -2515.921
  9   4    929.5    309.5   0.1644   0.4111   0.4000   0.6781 -2449.729
  9   5    930.8    308.2   0.1167   0.2918   0.4000   0.4808 -2289.152
  9   6    930.8    308.2   0.1167   0.2918   0.4000   0.4808 -2289.152
  9   7    930.2    308.8   0.1166   0.2914   0.4000   0.4804 -2295.484
  9   8    930.2    308.8   0.1166   0.2914   0.4000   0.4804 -2295.484
 10   1    930.6    308.4   0.2948   0.7369   0.4000   1.2144 -2747.602
 10   2    932.4    306.6   0.2330   0.5825   0.4000   0.9585 -2621.406
 10   3    926.6    312.4   0.1835   0.4587   0.4000   0.7586 -2512.123
 10   4    929.1    309.9   0.1794   0.4486   0.4000   0.7402 -2480.034
 10   5    930.3    308.7   0.1145   0.2863   0.4000   0.4720 -2283.940
 10   6    930.3    308.7   0.1145   0.2863   0.4000   0.4720 -2283.940
 10   7    929.7    309.3   0.1164   0.2911   0.4000   0.4801 -2294.066
 10   8    929.7    309.3   0.1164   0.2911   0.4000   0.4801 -2294.066
 10   9    928.9    310.1   0.1137   0.2844   0.4000   0.4694 -2293.924
 11   1    930.6    308.4   0.2946   0.7365   0.4000   1.2137 -2746.848
 11   2    932.4    306.6   0.2329   0.5822   0.4000   0.9580 -2620.610
 11   3    926.6    312.4   0.1817   0.4544   0.4000   0.7514 -2508.322
 11   4    929.1    309.9   0.1793   0.4484   0.4000   0.7399 -2479.204
 11   5    930.3    308.7   0.1145   0.2862   0.4000   0.4718 -2283.077
 11   6    930.3    308.7   0.1145   0.2862   0.4000   0.4718 -2283.077
 11   7    929.7    309.3   0.1164   0.2910   0.4000   0.4800 -2293.203
 11   8    929.7    309.3   0.1164   0.2910   0.4000   0.4800 -2293.203
 11   9    928.9    310.1   0.1137   0.2843   0.4000   0.4692 -2293.063
 11  10    928.4    310.6   0.0012   0.0030   0.4000   0.0049 -1677.983
 12   1    929.9    309.1   0.3926   0.9815   0.4000   1.6185 -2899.239
 12   2    931.4    307.6   0.4267   1.0667   0.4000   1.7567 -2921.878
 12   3    925.9    313.1   0.4176   1.0439   0.4000   1.7276 -2933.370
 12   4    928.2    310.8   0.4151   1.0377   0.4000   1.7137 -2919.909
 12   5    929.4    309.6   0.4050   1.0125   0.4000   1.6705 -2909.793
 12   6    929.4    309.6   0.4050   1.0125   0.4000   1.6705 -2909.793
 12   7    928.7    310.3   0.4193   1.0482   0.4000   1.7304 -2925.553
 12   8    928.7    310.3   0.4193   1.0482   0.4000   1.7304 -2925.553
 12   9    928.0    311.0   0.3997   0.9992   0.4000   1.6505 -2906.468
 12  10    927.6    311.4   0.3944   0.9861   0.4000   1.6295 -2898.612
 12  11    927.6    311.4   0.3931   0.9828   0.4000   1.6240 -2897.223
 13   1    925.5    313.5   0.3910   0.9775   0.4000   1.6181 -2912.432
 13   2    926.9    312.1   0.4164   1.0410   0.4000   1.7212 -2933.849
 13   3    921.4    317.6   0.4049   1.0123   0.4000   1.6820 -2933.578
 13   4    923.7    315.3   0.4079   1.0197   0.4000   1.6908 -2928.981
 13   5    924.8    314.2   0.3864   0.9661   0.4000   1.6003 -2900.312
 13   6    924.8    314.2   0.3864   0.9661   0.4000   1.6003 -2900.312
 13   7    924.1    314.9   0.4103   1.0257   0.4000   1.7001 -2930.881
 13   8    924.1    314.9   0.4103   1.0257   0.4000   1.7001 -2930.881
 13   9    923.5    315.5   0.3845   0.9613   0.4000   1.5942 -2897.886
 13  10    923.0    316.0   0.3821   0.9553   0.4000   1.5849 -2900.839
 13  11    923.0    316.0   0.3809   0.9521   0.4000   1.5796 -2899.411
 13  12    922.2    316.8   0.2166   0.5416   0.4000   0.8992 -2595.894
 14   1    927.2    311.8   0.3879   0.9696   0.4000   1.6027 -2909.458
 14   2    928.7    310.3   0.4213   1.0533   0.4000   1.7387 -2932.497
 14   3    923.1    315.9   0.4085   1.0212   0.4000   1.6941 -2934.156
 14   4    925.5    313.5   0.4132   1.0329   0.4000   1.7100 -2930.693
 14   5    926.6    312.4   0.3938   0.9846   0.4000   1.6283 -2911.003
 14   6    926.6    312.4   0.3938   0.9846   0.4000   1.6283 -2911.003
 14   7    926.0    313.0   0.4204   1.0509   0.4000   1.7390 -2942.601
 14   8    926.0    313.0   0.4204   1.0509   0.4000   1.7390 -2942.601
 14   9    925.3    313.7   0.3902   0.9754   0.4000   1.6151 -2906.507
 14  10    924.8    314.2   0.3900   0.9749   0.4000   1.6149 -2905.205
 14  11    924.8    314.2   0.3887   0.9716   0.4000   1.6094 -2903.791
 14  12    923.9    315.1   0.2179   0.5448   0.4000   0.9032 -2593.610
 14  13    919.5    319.5   0.0403   0.1007   0.4000   0.1677 -1996.203
 15   1    926.3    312.7   0.3929   0.9821   0.4000   1.6247 -2913.276
 15   2    927.7    311.3   0.4199   1.0498   0.4000   1.7344 -2936.645
 15   3    922.2    316.8   0.4083   1.0207   0.4000   1.6947 -2935.658
 15   4    924.5    314.5   0.4045   1.0112   0.4000   1.6755 -2920.475
 15   5    925.6    313.4   0.4038   1.0095   0.4000   1.6710 -2922.977
 15   6    925.6    313.4   0.4038   1.0095   0.4000   1.6710 -2922.977
 15   7    925.0    314.0   0.4145   1.0364   0.4000   1.7164 -2937.470
 15   8    925.0    314.0   0.4145   1.0364   0.4000   1.7164 -2937.470
 15   9    924.3    314.7   0.3886   0.9715   0.4000   1.6100 -2907.000
 15  10    923.9    315.1   0.3806   0.9515   0.4000   1.5774 -2899.754
 15  11    923.9    315.1   0.3793   0.9482   0.4000   1.5720 -2898.316
 15  12    923.0    316.0   0.2138   0.5345   0.4000   0.8869 -2586.816
 15  13    918.5    320.5   0.0408   0.1021   0.4000   0.1700 -1999.641
 15  14    920.2    318.8   0.0220   0.0551   0.4000   0.0916 -1871.150
 16   1    926.2    312.8   0.3914   0.9785   0.4000   1.6189 -2911.849
 16   2    927.6    311.4   0.4181   1.0453   0.4000   1.7272 -2934.756
 16   3    922.0    317.0   0.4067   1.0168   0.4000   1.6884 -2934.185
 16   4    924.3    314.7   0.4032   1.0079   0.4000   1.6703 -2920.029
 16   5    925.5    313.5   0.4023   1.0057   0.4000   1.6650 -2921.621
 16   6    925.5    313.5   0.4023   1.0057   0.4000   1.6650 -2921.621
 16   7    924.8    314.2   0.4131   1.0327   0.4000   1.7106 -2936.795
 16   8    924.8    314.2   0.4131   1.0327   0.4000   1.7106 -2936.795
 16   9    924.2    314.8   0.3872   0.9679   0.4000   1.6042 -2905.605
 16  10    923.7    315.3   0.3792   0.9479   0.4000   1.5717 -2898.340
 16  11    923.7    315.3   0.3779   0.9447   0.4000   1.5664 -2896.900
 16  12    922.8    316.2   0.2129   0.5322   0.4000   0.8832 -2585.727
 16  13    918.4    320.6   0.0402   0.1005   0.4000   0.1674 -1995.837
 16  14    920.1    318.9   0.0214   0.0536   0.4000   0.0891 -1866.726
 16  15    919.2    319.8   0.0006   0.0015   0.4000   0.0024 -1685.099
 17   1    926.2    312.8   0.3914   0.9785   0.4000   1.6189 -2911.849
 17   2    927.6    311.4   0.4181   1.0453   0.4000   1.7272 -2934.756
 17   3    922.0    317.0   0.4067   1.0168   0.4000   1.6884 -2934.185
 17   4    924.3    314.7   0.4032   1.0079   0.4000   1.6703 -2920.029
 17   5    925.5    313.5   0.4023   1.0057   0.4000   1.6650 -2921.621
 17   6    925.5    313.5   0.4023   1.0057   0.4000   1.6650 -2921.621
 17   7    924.8    314.2   0.4131   1.0327   0.4000   1.7106 -2936.795
 17   8    924.8    314.2   0.4131   1.0327   0.4000   1.7106 -2936.795
 17   9    924.2    314.8   0.3872   0.9679   0.4000   1.6042 -2905.605
 17  10    923.7    315.3   0.3792   0.9479   0.4000   1.5717 -2898.340
 17  11    923.7    315.3   0.3779   0.9447   0.4000   1.5664 -2896.900
 17  12    922.8    316.2   0.2129   0.5322   0.4000   0.8832 -2585.727
 17  13    918.4    320.6   0.0402   0.1005   0.4000   0.1674 -1995.837
 17  14    920.1    318.9   0.0214   0.0536   0.4000   0.0891 -1866.726
 17  15    919.2    319.8   0.0006   0.0015   0.4000   0.0024 -1685.099
 17  16    919.0    320.0   0.0000   0.0000   0.4000   0.0000 -1676.046
 18   1    928.9    310.1   0.4011   1.0027   0.4000   1.6549 -2905.884
 18   2    930.5    308.5   0.4394   1.0984   0.4000   1.8105 -2945.425
 18   3    924.8    314.2   0.4150   1.0375   0.4000   1.7185 -2936.205
 18   4    927.2    311.8   0.4050   1.0126   0.4000   1.6737 -2918.640
 18   5    928.4    310.6   0.4238   1.0595   0.4000   1.7494 -2931.099
 18   6    928.4    310.6   0.4238   1.0595   0.4000   1.7494 -2931.099
 18   7    927.8    311.2   0.4346   1.0865   0.4000   1.7950 -2944.128
 18   8    927.8    311.2   0.4346   1.0865   0.4000   1.7950 -2944.128
 18   9    927.0    312.0   0.4197   1.0492   0.4000   1.7345 -2934.467
 18  10    926.6    312.4   0.4223   1.0558   0.4000   1.7462 -2934.638
 18  11    926.6    312.4   0.4209   1.0523   0.4000   1.7404 -2933.281
 18  12    925.6    313.4   0.2204   0.5510   0.4000   0.9120 -2616.090
 18  13    921.1    317.9   0.2218   0.5546   0.4000   0.9216 -2618.357
 18  14    922.9    316.1   0.2278   0.5695   0.4000   0.9450 -2626.885
 18  15    921.9    317.1   0.2193   0.5481   0.4000   0.9103 -2610.882
 18  16    921.8    317.2   0.2183   0.5457   0.4000   0.9063 -2608.797
 18  17    921.8    317.2   0.2183   0.5457   0.4000   0.9063 -2608.797
 19   1    932.6    306.4   0.3982   0.9956   0.4000   1.6378 -2897.515
 19   2    934.2    304.8   0.4084   1.0210   0.4000   1.6774 -2901.862
 19   3    928.6    310.4   0.4247   1.0618   0.4000   1.7530 -2931.236
 19   4    930.9    308.1   0.4106   1.0265   0.4000   1.6913 -2914.927
 19   5    932.1    306.9   0.4049   1.0122   0.4000   1.6659 -2901.897
 19   6    932.1    306.9   0.4049   1.0122   0.4000   1.6659 -2901.897
 19   7    931.5    307.5   0.4206   1.0515   0.4000   1.7315 -2922.814
 19   8    931.5    307.5   0.4206   1.0515   0.4000   1.7315 -2922.814
 19   9    930.8    308.2   0.4094   1.0235   0.4000   1.6866 -2905.146
 19  10    930.3    308.7   0.3888   0.9719   0.4000   1.6023 -2884.724
 19  11    930.3    308.7   0.3875   0.9687   0.4000   1.5968 -2883.353
 19  12    929.4    309.6   0.2206   0.5515   0.4000   0.9099 -2605.598
 19  13    925.0    314.0   0.2223   0.5558   0.4000   0.9205 -2619.892
 19  14    926.7    312.3   0.2208   0.5520   0.4000   0.9128 -2608.365
 19  15    925.8    313.2   0.2095   0.5238   0.4000   0.8668 -2586.091
 19  16    925.6    313.4   0.2085   0.5214   0.4000   0.8630 -2583.966
 19  17    925.6    313.4   0.2085   0.5214   0.4000   0.8630 -2583.966
 19  18    928.4    310.6   0.1755   0.4388   0.4000   0.7246 -2485.032
 20   1    931.9    307.1   0.3729   0.9322   0.4000   1.5345 -2873.700
 20   2    933.5    305.5   0.3866   0.9665   0.4000   1.5887 -2891.477
 20   3    927.9    311.1   0.3885   0.9714   0.4000   1.6047 -2896.910
 20   4    930.3    308.7   0.3575   0.8939   0.4000   1.4735 -2853.405
 20   5    931.5    307.5   0.3746   0.9365   0.4000   1.5422 -2876.117
 20   6    931.5    307.5   0.3746   0.9365   0.4000   1.5422 -2876.117
 20   7    930.8    308.2   0.3786   0.9466   0.4000   1.5597 -2886.300
 20   8    930.8    308.2   0.3786   0.9466   0.4000   1.5597 -2886.300
 20   9    930.1    308.9   0.3549   0.8874   0.4000   1.4631 -2861.775
 20  10    929.6    309.4   0.3730   0.9326   0.4000   1.5382 -2880.437
 20  11    929.6    309.4   0.3717   0.9293   0.4000   1.5328 -2879.005
 20  12    928.7    310.3   0.3062   0.7655   0.4000   1.2637 -2773.176
 20  13    924.3    314.7   0.3061   0.7652   0.4000   1.2680 -2789.340
 20  14    926.0    313.0   0.3000   0.7501   0.4000   1.2412 -2777.867
 20  15    925.1    313.9   0.2932   0.7329   0.4000   1.2137 -2767.937
 20  16    924.9    314.1   0.2920   0.7299   0.4000   1.2089 -2766.147
 20  17    924.9    314.1   0.2920   0.7299   0.4000   1.2089 -2766.147
 20  18    927.7    311.3   0.2875   0.7188   0.4000   1.1876 -2746.387
 20  19    931.5    307.5   0.2909   0.7271   0.4000   1.1974 -2747.412
 21   1    929.8    309.2   0.3810   0.9524   0.4000   1.5707 -2891.458
 21   2    931.3    307.7   0.3931   0.9828   0.4000   1.6187 -2889.508
 21   3    925.7    313.3   0.4161   1.0404   0.4000   1.7220 -2935.298
 21   4    928.0    311.0   0.3985   0.9963   0.4000   1.6457 -2911.542
 21   5    929.1    309.9   0.3841   0.9601   0.4000   1.5844 -2891.513
 21   6    929.1    309.9   0.3841   0.9601   0.4000   1.5844 -2891.513
 21   7    928.5    310.5   0.3854   0.9635   0.4000   1.5909 -2896.875
 21   8    928.5    310.5   0.3854   0.9635   0.4000   1.5909 -2896.875
 21   9    927.8    311.2   0.3775   0.9437   0.4000   1.5591 -2891.253
 21  10    927.4    311.6   0.3873   0.9682   0.4000   1.6002 -2902.814
 21  11    927.4    311.6   0.3871   0.9678   0.4000   1.5995 -2902.353
 21  12    926.6    312.4   0.3267   0.8168   0.4000   1.3508 -2821.165
 21  13    922.2    316.8   0.3181   0.7952   0.4000   1.3202 -2830.754
 21  14    923.9    315.1   0.3168   0.7920   0.4000   1.3129 -2824.835
 21  15    923.0    316.0   0.3181   0.7952   0.4000   1.3193 -2827.569
 21  16    922.8    316.2   0.3168   0.7920   0.4000   1.3142 -2825.888
 21  17    922.8    316.2   0.3168   0.7920   0.4000   1.3142 -2825.888
 21  18    925.5    313.5   0.3264   0.8161   0.4000   1.3510 -2825.017
 21  19    929.4    309.6   0.3115   0.7788   0.4000   1.2849 -2793.909
 21  20    928.7    310.3   0.2205   0.5512   0.4000   0.9099 -2613.885
 22   1    932.8    306.2   0.3617   0.9043   0.4000   1.4875 -2861.616
 22   2    934.3    304.7   0.3734   0.9335   0.4000   1.5335 -2867.404
 22   3    928.8    310.2   0.3788   0.9470   0.4000   1.5632 -2894.129
 22   4    931.1    307.9   0.3696   0.9240   0.4000   1.5222 -2869.801
 22   5    932.3    306.7   0.3785   0.9462   0.4000   1.5571 -2875.567
 22   6    932.3    306.7   0.3785   0.9462   0.4000   1.5571 -2875.567
 22   7    931.6    307.4   0.3652   0.9129   0.4000   1.5031 -2869.413
 22   8    931.6    307.4   0.3652   0.9129   0.4000   1.5031 -2869.413
 22   9    930.9    308.1   0.3680   0.9201   0.4000   1.5159 -2871.244
 22  10    930.5    308.5   0.3725   0.9312   0.4000   1.5348 -2877.186
 22  11    930.5    308.5   0.3723   0.9307   0.4000   1.5341 -2876.682
 22  12    929.5    309.5   0.3155   0.7887   0.4000   1.3011 -2793.775
 22  13    925.0    314.0   0.2986   0.7464   0.4000   1.2362 -2785.264
 22  14    926.8    312.2   0.3060   0.7651   0.4000   1.2652 -2794.452
 22  15    925.8    313.2   0.2993   0.7483   0.4000   1.2384 -2786.160
 22  16    925.7    313.3   0.2981   0.7452   0.4000   1.2335 -2784.375
 22  17    925.7    313.3   0.2981   0.7452   0.4000   1.2335 -2784.375
 22  18    928.5    310.5   0.2952   0.7381   0.4000   1.2187 -2766.537
 22  19    932.3    306.7   0.3077   0.7693   0.4000   1.2660 -2776.892
 22  20    931.6    307.4   0.1953   0.4882   0.4000   0.8039 -2537.770
 22  21    929.5    309.5   0.2466   0.6165   0.4000   1.0171 -2662.207
 23   1    932.7    306.3   0.3733   0.9333   0.4000   1.5354 -2876.082
 23   2    934.1    304.9   0.3756   0.9389   0.4000   1.5425 -2866.921
 23   3    928.6    310.4   0.3777   0.9443   0.4000   1.5589 -2890.790
 23   4    930.9    308.1   0.3756   0.9389   0.4000   1.5469 -2876.527
 23   5    932.1    306.9   0.3819   0.9548   0.4000   1.5715 -2879.790
 23   6    932.1    306.9   0.3819   0.9548   0.4000   1.5715 -2879.790
 23   7    931.4    307.6   0.3727   0.9316   0.4000   1.5342 -2877.066
 23   8    931.4    307.6   0.3727   0.9316   0.4000   1.5342 -2877.066
 23   9    930.8    308.2   0.3715   0.9288   0.4000   1.5305 -2874.315
 23  10    930.3    308.7   0.3797   0.9492   0.4000   1.5647 -2885.741
 23  11    930.3    308.7   0.3795   0.9487   0.4000   1.5639 -2885.250
 23  12    929.3    309.7   0.3164   0.7909   0.4000   1.3049 -2798.343
 23  13    924.9    314.1   0.3088   0.7720   0.4000   1.2786 -2797.808
 23  14    926.7    312.3   0.3065   0.7663   0.4000   1.2673 -2793.515
 23  15    925.7    313.3   0.3035   0.7587   0.4000   1.2558 -2789.626
 23  16    925.6    313.4   0.3023   0.7556   0.4000   1.2509 -2787.867
 23  17    925.6    313.4   0.3023   0.7556   0.4000   1.2509 -2787.867
 23  18    928.3    310.7   0.3007   0.7517   0.4000   1.2413 -2772.831
 23  19    932.1    306.9   0.3074   0.7684   0.4000   1.2646 -2774.435
 23  20    931.5    307.5   0.2000   0.4999   0.4000   0.8232 -2550.182
 23  21    929.3    309.7   0.2440   0.6099   0.4000   1.0063 -2658.753
 23  22    932.1    306.9   0.0149   0.0372   0.4000   0.0613 -1805.272
 24   1    933.1    305.9   0.3835   0.9588   0.4000   1.5767 -2880.734
 24   2    934.5    304.5   0.3813   0.9534   0.4000   1.5658 -2875.648
 24   3    929.0    310.0   0.3612   0.9031   0.4000   1.4905 -2868.993
 24   4    931.3    307.7   0.3791   0.9477   0.4000   1.5609 -2876.723
 24   5    932.5    306.5   0.3615   0.9039   0.4000   1.4872 -2862.473
 24   6    932.5    306.5   0.3615   0.9039   0.4000   1.4872 -2862.473
 24   7    931.8    307.2   0.3763   0.9407   0.4000   1.5486 -2881.958
 24   8    931.8    307.2   0.3763   0.9407   0.4000   1.5486 -2881.958
 24   9    931.2    307.8   0.3428   0.8569   0.4000   1.4116 -2846.626
 24  10    930.7    308.3   0.3686   0.9215   0.4000   1.5186 -2873.453
 24  11    930.7    308.3   0.3684   0.9211   0.4000   1.5179 -2872.981
 24  12    929.8    309.2   0.2939   0.7349   0.4000   1.2120 -2766.060
 24  13    925.4    313.6   0.3076   0.7690   0.4000   1.2732 -2790.708
 24  14    927.1    311.9   0.3138   0.7845   0.4000   1.2969 -2801.518
 24  15    926.2    312.8   0.3082   0.7704   0.4000   1.2747 -2795.769
 24  16    926.0    313.0   0.3069   0.7673   0.4000   1.2697 -2793.988
 24  17    926.0    313.0   0.3069   0.7673   0.4000   1.2697 -2793.988
 24  18    928.8    310.2   0.3103   0.7758   0.4000   1.2806 -2787.838
 24  19    932.6    306.4   0.3043   0.7608   0.4000   1.2517 -2772.628
 24  20    931.9    307.1   0.2200   0.5501   0.4000   0.9055 -2606.516
 24  21    929.8    309.2   0.2469   0.6173   0.4000   1.0181 -2669.278
 24  22    932.6    306.4   0.1867   0.4667   0.4000   0.7677 -2510.321
 24  23    932.5    306.5   0.1917   0.4792   0.4000   0.7885 -2521.973
 25   1    932.3    306.7   0.3697   0.9241   0.4000   1.5207 -2864.530
 25   2    933.9    305.1   0.3746   0.9365   0.4000   1.5390 -2868.548
 25   3    928.3    310.7   0.3803   0.9508   0.4000   1.5701 -2895.715
 25   4    930.7    308.3   0.3830   0.9574   0.4000   1.5778 -2891.375
 25   5    931.9    307.1   0.3528   0.8819   0.4000   1.4517 -2848.570
 25   6    931.9    307.1   0.3528   0.8819   0.4000   1.4517 -2848.570
 25   7    931.3    307.7   0.3596   0.8990   0.4000   1.4808 -2863.181
 25   8    931.3    307.7   0.3596   0.8990   0.4000   1.4808 -2863.181
 25   9    930.5    308.5   0.3456   0.8641   0.4000   1.4242 -2844.607
 25  10    930.0    309.0   0.3557   0.8892   0.4000   1.4662 -2858.027
 25  11    930.0    309.0   0.3555   0.8888   0.4000   1.4655 -2857.493
 25  12    929.0    310.0   0.3442   0.8604   0.4000   1.4200 -2838.706
 25  13    924.5    314.5   0.3181   0.7953   0.4000   1.3178 -2815.603
 25  14    926.3    312.7   0.3129   0.7822   0.4000   1.2940 -2806.177
 25  15    925.3    313.7   0.3074   0.7686   0.4000   1.2725 -2802.232
 25  16    925.2    313.8   0.3062   0.7654   0.4000   1.2675 -2800.445
 25  17    925.2    313.8   0.3062   0.7654   0.4000   1.2675 -2800.445
 25  18    928.1    310.9   0.3135   0.7837   0.4000   1.2945 -2800.982
 25  19    931.8    307.2   0.2994   0.7484   0.4000   1.2321 -2765.312
 25  20    931.2    307.8   0.2322   0.5805   0.4000   0.9563 -2634.669
 25  21    928.9    310.1   0.2371   0.5928   0.4000   0.9785 -2652.945
 25  22    931.8    307.2   0.1888   0.4719   0.4000   0.7769 -2525.708
 25  23    931.7    307.3   0.1894   0.4734   0.4000   0.7795 -2529.571
 25  24    932.1    306.9   0.1379   0.3449   0.4000   0.5676 -2364.733
 26   1    931.3    307.7   0.3888   0.9720   0.4000   1.6010 -2886.560
 26   2    932.7    306.3   0.3438   0.8595   0.4000   1.4139 -2826.228
 26   3    927.2    311.8   0.3732   0.9330   0.4000   1.5422 -2880.132
 26   4    929.5    309.5   0.3903   0.9756   0.4000   1.6095 -2893.362
 26   5    930.6    308.4   0.3502   0.8756   0.4000   1.4430 -2853.788
 26   6    930.6    308.4   0.3502   0.8756   0.4000   1.4430 -2853.788
 26   7    929.9    309.1   0.3762   0.9405   0.4000   1.5509 -2883.074
 26   8    929.9    309.1   0.3762   0.9405   0.4000   1.5509 -2883.074
 26   9    929.3    309.7   0.3525   0.8813   0.4000   1.4541 -2862.551
 26  10    928.8    310.2   0.3482   0.8704   0.4000   1.4368 -2856.918
 26  11    928.8    310.2   0.3458   0.8646   0.4000   1.4271 -2854.890
 26  12    928.1    310.9   0.3104   0.7759   0.4000   1.2816 -2778.345
 26  13    923.7    315.3   0.3246   0.8114   0.4000   1.3454 -2813.934
 26  14    925.4    313.6   0.3244   0.8110   0.4000   1.3428 -2810.770
 26  15    924.5    314.5   0.3135   0.7839   0.4000   1.2988 -2796.502
 26  16    924.3    314.7   0.3123   0.7807   0.4000   1.2938 -2794.802
 26  17    924.3    314.7   0.3123   0.7807   0.4000   1.2938 -2794.802
 26  18    927.0    312.0   0.3189   0.7973   0.4000   1.3181 -2793.211
 26  19    930.8    308.2   0.3050   0.7625   0.4000   1.2564 -2761.348
 26  20    930.1    308.9   0.2316   0.5790   0.4000   0.9546 -2642.647
 26  21    928.1    310.9   0.2261   0.5654   0.4000   0.9338 -2627.627
 26  22    930.9    308.1   0.2228   0.5570   0.4000   0.9177 -2599.033
 26  23    930.8    308.2   0.2287   0.5717   0.4000   0.9421 -2612.688
 26  24    931.2    307.8   0.2241   0.5603   0.4000   0.9230 -2605.530
 26  25    930.4    308.6   0.2287   0.5717   0.4000   0.9424 -2620.086
 27   1    931.3    307.7   0.3888   0.9720   0.4000   1.6010 -2886.560
 27   2    932.7    306.3   0.3438   0.8595   0.4000   1.4139 -2826.228
 27   3    927.2    311.8   0.3732   0.9330   0.4000   1.5422 -2880.132
 27   4    929.5    309.5   0.3903   0.9756   0.4000   1.6095 -2893.362
 27   5    930.6    308.4   0.3502   0.8756   0.4000   1.4430 -2853.788
 27   6    930.6    308.4   0.3502   0.8756   0.4000   1.4430 -2853.788
 27   7    929.9    309.1   0.3762   0.9405   0.4000   1.5509 -2883.074
 27   8    929.9    309.1   0.3762   0.9405   0.4000   1.5509 -2883.074
 27   9    929.3    309.7   0.3525   0.8813   0.4000   1.4541 -2862.551
 27  10    928.8    310.2   0.3482   0.8704   0.4000   1.4368 -2856.918
 27  11    928.8    310.2   0.3458   0.8646   0.4000   1.4271 -2854.890
 27  12    928.1    310.9   0.3104   0.7759   0.4000   1.2816 -2778.345
 27  13    923.7    315.3   0.3246   0.8114   0.4000   1.3454 -2813.934
 27  14    925.4    313.6   0.3244   0.8110   0.4000   1.3428 -2810.770
 27  15    924.5    314.5   0.3135   0.7839   0.4000   1.2988 -2796.502
 27  16    924.3    314.7   0.3123   0.7807   0.4000   1.2938 -2794.802
 27  17    924.3    314.7   0.3123   0.7807   0.4000   1.2938 -2794.802
 27  18    927.0    312.0   0.3189   0.7973   0.4000   1.3181 -2793.211
 27  19    930.8    308.2   0.3050   0.7625   0.4000   1.2564 -2761.348
 27  20    930.1    308.9   0.2316   0.5790   0.4000   0.9546 -2642.647
 27  21    928.1    310.9   0.2261   0.5654   0.4000   0.9338 -2627.627
 27  22    930.9    308.1   0.2228   0.5570   0.4000   0.9177 -2599.033
 27  23    930.8    308.2   0.2287   0.5717   0.4000   0.9421 -2612.688
 27  24    931.2    307.8   0.2241   0.5603   0.4000   0.9230 -2605.530
 27  25    930.4    308.6   0.2287   0.5717   0.4000   0.9424 -2620.086
 27  26    929.6    309.4   0.0000   0.0000   0.4000   0.0000 -1662.232
 28   1    930.0    309.0   0.3859   0.9648   0.4000   1.5909 -2894.052
 28   2    931.5    307.5   0.3689   0.9221   0.4000   1.5184 -2875.016
 28   3    925.9    313.1   0.3820   0.9549   0.4000   1.5802 -2899.493
 28   4    928.3    310.7   0.3713   0.9284   0.4000   1.5331 -2881.916
 28   5    929.4    309.6   0.3795   0.9488   0.4000   1.5652 -2886.493
 28   6    929.4    309.6   0.3795   0.9488   0.4000   1.5652 -2886.493
 28   7    928.8    310.2   0.3730   0.9326   0.4000   1.5393 -2883.193
 28   8    928.8    310.2   0.3730   0.9326   0.4000   1.5393 -2883.193
 28   9    928.1    310.9   0.3658   0.9146   0.4000   1.5106 -2867.986
 28  10    927.6    311.4   0.3670   0.9175   0.4000   1.5161 -2871.958
 28  11    927.6    311.4   0.3668   0.9171   0.4000   1.5154 -2871.495
 28  12    926.9    312.1   0.3178   0.7944   0.4000   1.3135 -2793.700
 28  13    922.4    316.6   0.3271   0.8179   0.4000   1.3576 -2829.626
 28  14    924.2    314.8   0.3269   0.8173   0.4000   1.3545 -2820.819
 28  15    923.2    315.8   0.3185   0.7962   0.4000   1.3207 -2812.246
 28  16    923.1    315.9   0.3194   0.7985   0.4000   1.3246 -2813.940
 28  17    923.1    315.9   0.3194   0.7985   0.4000   1.3246 -2813.940
 28  18    925.8    313.2   0.3389   0.8472   0.4000   1.4021 -2828.447
 28  19    929.6    309.4   0.3326   0.8315   0.4000   1.3715 -2810.122
 28  20    928.9    310.1   0.2578   0.6444   0.4000   1.0635 -2694.225
 28  21    926.8    312.2   0.2603   0.6507   0.4000   1.0760 -2716.010
 28  22    929.8    309.2   0.2486   0.6215   0.4000   1.0250 -2679.120
 28  23    929.6    309.4   0.2532   0.6329   0.4000   1.0440 -2685.312
 28  24    930.0    309.0   0.2541   0.6352   0.4000   1.0474 -2687.613
 28  25    929.2    309.8   0.2641   0.6603   0.4000   1.0896 -2704.773
 28  26    928.3    310.7   0.2625   0.6563   0.4000   1.0839 -2697.218
 28  27    928.3    310.7   0.2625   0.6563   0.4000   1.0839 -2697.218
 29   1    930.9    308.1   0.3996   0.9989   0.4000   1.6458 -2908.975
 29   2    932.5    306.5   0.3775   0.9437   0.4000   1.5526 -2878.565
 29   3    926.9    312.1   0.4040   1.0100   0.4000   1.6700 -2927.104
 29   4    929.2    309.8   0.4079   1.0197   0.4000   1.6825 -2916.497
 29   5    930.4    308.6   0.3842   0.9606   0.4000   1.5835 -2891.860
 29   6    930.4    308.6   0.3842   0.9606   0.4000   1.5835 -2891.860
 29   7    929.7    309.3   0.3936   0.9840   0.4000   1.6230 -2907.376
 29   8    929.7    309.3   0.3936   0.9840   0.4000   1.6230 -2907.376
 29   9    929.0    310.0   0.3681   0.9203   0.4000   1.5188 -2878.281
 29  10    928.6    310.4   0.3692   0.9229   0.4000   1.5237 -2884.024
 29  11    928.6    310.4   0.3690   0.9225   0.4000   1.5230 -2883.559
 29  12    927.8    311.2   0.3427   0.8568   0.4000   1.4156 -2833.682
 29  13    923.3    315.7   0.3424   0.8561   0.4000   1.4199 -2855.736
 29  14    925.1    313.9   0.3491   0.8727   0.4000   1.4453 -2863.221
 29  15    924.1    314.9   0.3491   0.8727   0.4000   1.4464 -2863.672
 29  16    924.0    315.0   0.3479   0.8697   0.4000   1.4416 -2863.060
 29  17    924.0    315.0   0.3479   0.8697   0.4000   1.4416 -2863.060
 29  18    926.7    312.3   0.3584   0.8960   0.4000   1.4818 -2855.722
 29  19    930.5    308.5   0.3400   0.8499   0.4000   1.4007 -2814.085
 29  20    929.8    309.2   0.2618   0.6546   0.4000   1.0795 -2700.895
 29  21    927.7    311.3   0.2663   0.6658   0.4000   1.1000 -2713.895
 29  22    930.6    308.4   0.2284   0.5711   0.4000   0.9411 -2634.267
 29  23    930.5    308.5   0.2389   0.5973   0.4000   0.9845 -2656.729
 29  24    930.9    308.1   0.2609   0.6521   0.4000   1.0744 -2699.284
 29  25    930.1    308.9   0.2573   0.6433   0.4000   1.0606 -2688.706
 29  26    929.2    309.8   0.2456   0.6140   0.4000   1.0132 -2666.093
 29  27    929.2    309.8   0.2456   0.6140   0.4000   1.0132 -2666.093
 29  28    927.9    311.1   0.1889   0.4721   0.4000   0.7799 -2516.723
 30   1    930.9    308.1   0.3996   0.9989   0.4000   1.6458 -2908.975
 30   2    932.5    306.5   0.3775   0.9437   0.4000   1.5526 -2878.565
 30   3    926.9    312.1   0.4040   1.0100   0.4000   1.6700 -2927.104
 30   4    929.2    309.8   0.4079   1.0197   0.4000   1.6825 -2916.497
 30   5    930.4    308.6   0.3842   0.9606   0.4000   1.5835 -2891.860
 30   6    930.4    308.6   0.3842   0.9606   0.4000   1.5835 -2891.860
 30   7    929.7    309.3   0.3936   0.9840   0.4000   1.6230 -2907.376
 30   8    929.7    309.3   0.3936   0.9840   0.4000   1.6230 -2907.376
 30   9    929.0    310.0   0.3681   0.9203   0.4000   1.5188 -2878.281
 30  10    928.6    310.4   0.3692   0.9229   0.4000   1.5237 -2884.024
 30  11    928.6    310.4   0.3690   0.9225   0.4000   1.5230 -2883.559
 30  12    927.8    311.2   0.3427   0.8568   0.4000   1.4156 -2833.682
 30  13    923.3    315.7   0.3424   0.8561   0.4000   1.4199 -2855.736
 30  14    925.1    313.9   0.3491   0.8727   0.4000   1.4453 -2863.221
 30  15    924.1    314.9   0.3491   0.8727   0.4000   1.4464 -2863.672
 30  16    924.0    315.0   0.3479   0.8697   0.4000   1.4416 -2863.060
 30  17    924.0    315.0   0.3479   0.8697   0.4000   1.4416 -2863.060
 30  18    926.7    312.3   0.3584   0.8960   0.4000   1.4818 -2855.722
 30  19    930.5    308.5   0.3400   0.8499   0.4000   1.4007 -2814.085
 30  20    929.8    309.2   0.2618   0.6546   0.4000   1.0795 -2700.895
 30  21    927.7    311.3   0.2663   0.6658   0.4000   1.1000 -2713.895
 30  22    930.6    308.4   0.2284   0.5711   0.4000   0.9411 -2634.267
 30  23    930.5    308.5   0.2389   0.5973   0.4000   0.9845 -2656.729
 30  24    930.9    308.1   0.2609   0.6521   0.4000   1.0744 -2699.284
 30  25    930.1    308.9   0.2573   0.6433   0.4000   1.0606 -2688.706
 30  26    929.2    309.8   0.2456   0.6140   0.4000   1.0132 -2666.093
 30  27    929.2    309.8   0.2456   0.6140   0.4000   1.0132 -2666.093
 30  28    927.9    311.1   0.1889   0.4721   0.4000   0.7799 -2516.723
 30  29    928.9    310.1   0.0000   0.0000   0.4000   0.0000 -1663.439
 31   1    931.2    307.8   0.4202   1.0504   0.4000   1.7302 -2931.843
 31   2    932.7    306.3   0.4055   1.0138   0.4000   1.6677 -2908.226
 31   3    927.2    311.8   0.4236   1.0591   0.4000   1.7507 -2937.599
 31   4    929.5    309.5   0.4230   1.0575   0.4000   1.7444 -2931.226
 31   5    930.6    308.4   0.4304   1.0760   0.4000   1.7731 -2936.970
 31   6    930.6    308.4   0.4304   1.0760   0.4000   1.7731 -2936.970
 31   7    930.0    309.0   0.4298   1.0745   0.4000   1.7717 -2937.427
 31   8    930.0    309.0   0.4298   1.0745   0.4000   1.7717 -2937.427
 31   9    929.3    309.7   0.4133   1.0332   0.4000   1.7047 -2922.444
 31  10    928.8    310.2   0.4362   1.0905   0.4000   1.8000 -2940.778
 31  11    928.8    310.2   0.4360   1.0900   0.4000   1.7991 -2940.327
 31  12    928.0    311.0   0.3345   0.8363   0.4000   1.3814 -2817.198
 31  13    923.6    315.4   0.3330   0.8324   0.4000   1.3803 -2835.427
 31  14    925.3    313.7   0.3249   0.8123   0.4000   1.3449 -2819.766
 31  15    924.4    314.6   0.3221   0.8052   0.4000   1.3343 -2817.705
 31  16    924.2    314.8   0.3208   0.8020   0.4000   1.3292 -2815.992
 31  17    924.2    314.8   0.3208   0.8020   0.4000   1.3292 -2815.992
 31  18    927.0    312.0   0.3425   0.8562   0.4000   1.4156 -2828.040
 31  19    930.8    308.2   0.3251   0.8127   0.4000   1.3391 -2798.777
 31  20    930.1    308.9   0.2761   0.6903   0.4000   1.1382 -2714.557
 31  21    928.0    311.0   0.2674   0.6685   0.4000   1.1042 -2709.362
 31  22    930.8    308.2   0.2751   0.6879   0.4000   1.1334 -2711.828
 31  23    930.7    308.3   0.2756   0.6890   0.4000   1.1353 -2715.384
 31  24    931.1    307.9   0.2825   0.7063   0.4000   1.1635 -2733.346
 31  25    930.4    308.6   0.2882   0.7206   0.4000   1.1877 -2744.094
 31  26    929.4    309.6   0.2537   0.6342   0.4000   1.0463 -2673.497
 31  27    929.4    309.6   0.2537   0.6342   0.4000   1.0463 -2673.497
 31  28    928.2    310.8   0.1949   0.4874   0.4000   0.8049 -2535.994
 31  29    929.1    309.9   0.2060   0.5151   0.4000   0.8500 -2558.374
 31  30    929.1    309.9   0.2060   0.5151   0.4000   0.8500 -2558.374
 32   1    933.8    305.2   0.4028   1.0071   0.4000   1.6549 -2907.558
 32   2    935.4    303.6   0.3859   0.9649   0.4000   1.5834 -2881.220
 32   3    929.8    309.2   0.4160   1.0401   0.4000   1.7153 -2932.049
 32   4    932.2    306.8   0.4119   1.0297   0.4000   1.6946 -2915.946
 32   5    933.4    305.6   0.4280   1.0701   0.4000   1.7592 -2932.432
 32   6    933.4    305.6   0.4280   1.0701   0.4000   1.7592 -2932.432
 32   7    932.8    306.2   0.4307   1.0767   0.4000   1.7710 -2937.404
 32   8    932.8    306.2   0.4307   1.0767   0.4000   1.7710 -2937.404
 32   9    932.1    306.9   0.4145   1.0364   0.4000   1.7058 -2919.408
 32  10    931.6    307.4   0.4242   1.0605   0.4000   1.7462 -2929.843
 32  11    931.6    307.4   0.4240   1.0599   0.4000   1.7452 -2929.355
 32  12    930.5    308.5   0.3402   0.8506   0.4000   1.4019 -2822.346
 32  13    926.0    313.0   0.3300   0.8251   0.4000   1.3652 -2822.282
 32  14    927.8    311.2   0.3217   0.8043   0.4000   1.3288 -2806.135
 32  15    926.9    312.1   0.3275   0.8187   0.4000   1.3537 -2817.735
 32  16    926.7    312.3   0.3262   0.8154   0.4000   1.3485 -2815.981
 32  17    926.7    312.3   0.3262   0.8154   0.4000   1.3485 -2815.981
 32  18    929.6    309.4   0.3425   0.8561   0.4000   1.4122 -2826.798
 32  19    933.3    305.7   0.3336   0.8339   0.4000   1.3710 -2807.394
 32  20    932.7    306.3   0.2709   0.6773   0.4000   1.1142 -2716.573
 32  21    930.5    308.5   0.2833   0.7082   0.4000   1.1673 -2738.872
 32  22    933.3    305.7   0.2417   0.6043   0.4000   0.9936 -2657.634
 32  23    933.2    305.8   0.2448   0.6120   0.4000   1.0062 -2665.139
 32  24    933.6    305.4   0.2558   0.6395   0.4000   1.0510 -2686.161
 32  25    933.0    306.0   0.2588   0.6469   0.4000   1.0639 -2697.560
 32  26    931.9    307.1   0.2539   0.6348   0.4000   1.0449 -2668.302
 32  27    931.9    307.1   0.2539   0.6348   0.4000   1.0449 -2668.302
 32  28    930.8    308.2   0.1841   0.4603   0.4000   0.7584 -2514.179
 32  29    931.7    307.3   0.1848   0.4621   0.4000   0.7608 -2511.724
 32  30    931.7    307.3   0.1848   0.4621   0.4000   0.7608 -2511.724
 32  31    931.9    307.1   0.1640   0.4100   0.4000   0.6749 -2441.075
 33   1    930.9    308.1   0.3569   0.8922   0.4000   1.4700 -2862.324
 33   2    932.3    306.7   0.3650   0.9125   0.4000   1.5015 -2862.982
 33   3    926.8    312.2   0.3699   0.9248   0.4000   1.5293 -2887.827
 33   4    929.1    309.9   0.3755   0.9388   0.4000   1.5492 -2886.594
 33   5    930.2    308.8   0.3545   0.8862   0.4000   1.4610 -2854.626
 33   6    930.2    308.8   0.3545   0.8862   0.4000   1.4610 -2854.626
 33   7    929.5    309.5   0.3536   0.8841   0.4000   1.4584 -2860.620
 33   8    929.5    309.5   0.3536   0.8841   0.4000   1.4584 -2860.620
 33   9    928.9    310.1   0.3512   0.8780   0.4000   1.4492 -2856.169
 33  10    928.4    310.6   0.3624   0.9060   0.4000   1.4960 -2871.810
 33  11    928.4    310.6   0.3622   0.9056   0.4000   1.4953 -2871.381
 33  12    927.7    311.3   0.3300   0.8249   0.4000   1.3629 -2810.306
 33  13    923.4    315.6   0.3142   0.7856   0.4000   1.3029 -2812.354
 33  14    925.1    313.9   0.3138   0.7845   0.4000   1.2993 -2808.195
 33  15    924.1    314.9   0.3106   0.7764   0.4000   1.2869 -2803.886
 33  16    924.0    315.0   0.3095   0.7736   0.4000   1.2824 -2803.177
 33  17    924.0    315.0   0.3095   0.7736   0.4000   1.2824 -2803.177
 33  18    926.6    312.4   0.3271   0.8177   0.4000   1.3523 -2807.512
 33  19    930.5    308.5   0.3127   0.7819   0.4000   1.2887 -2785.809
 33  20    929.8    309.2   0.2299   0.5747   0.4000   0.9479 -2626.847
 33  21    927.7    311.3   0.2395   0.5988   0.4000   0.9893 -2657.133
 33  22    930.6    308.4   0.2248   0.5620   0.4000   0.9262 -2623.408
 33  23    930.5    308.5   0.2296   0.5741   0.4000   0.9463 -2632.219
 33  24    930.9    308.1   0.2107   0.5267   0.4000   0.8678 -2587.497
 33  25    930.0    309.0   0.2201   0.5504   0.4000   0.9075 -2600.088
 33  26    929.2    309.8   0.2172   0.5430   0.4000   0.8960 -2602.130
 33  27    929.2    309.8   0.2172   0.5430   0.4000   0.8960 -2602.130
 33  28    927.9    311.1   0.2432   0.6079   0.4000   1.0042 -2656.854
 33  29    928.8    310.2   0.2598   0.6495   0.4000   1.0720 -2683.849
 33  30    928.8    310.2   0.2598   0.6495   0.4000   1.0720 -2683.849
 33  31    929.1    309.9   0.2443   0.6107   0.4000   1.0078 -2657.876
 33  32    931.6    307.4   0.2556   0.6390   0.4000   1.0522 -2688.072
 34   1    930.9    308.1   0.3569   0.8922   0.4000   1.4700 -2862.324
 34   2    932.3    306.7   0.3650   0.9125   0.4000   1.5015 -2862.982
 34   3    926.8    312.2   0.3699   0.9248   0.4000   1.5293 -2887.827
 34   4    929.1    309.9   0.3755   0.9388   0.4000   1.5492 -2886.594
 34   5    930.2    308.8   0.3545   0.8862   0.4000   1.4610 -2854.626
 34   6    930.2    308.8   0.3545   0.8862   0.4000   1.4610 -2854.626
 34   7    929.5    309.5   0.3536   0.8841   0.4000   1.4584 -2860.620
 34   8    929.5    309.5   0.3536   0.8841   0.4000   1.4584 -2860.620
 34   9    928.9    310.1   0.3512   0.8780   0.4000   1.4492 -2856.169
 34  10    928.4    310.6   0.3624   0.9060   0.4000   1.4960 -2871.810
 34  11    928.4    310.6   0.3622   0.9056   0.4000   1.4953 -2871.381
 34  12    927.7    311.3   0.3300   0.8249   0.4000   1.3629 -2810.306
 34  13    923.4    315.6   0.3142   0.7856   0.4000   1.3029 -2812.354
 34  14    925.1    313.9   0.3138   0.7845   0.4000   1.2993 -2808.195
 34  15    924.1    314.9   0.3106   0.7764   0.4000   1.2869 -2803.886
 34  16    924.0    315.0   0.3095   0.7736   0.4000   1.2824 -2803.177
 34  17    924.0    315.0   0.3095   0.7736   0.4000   1.2824 -2803.177
 34  18    926.6    312.4   0.3271   0.8177   0.4000   1.3523 -2807.512
 34  19    930.5    308.5   0.3127   0.7819   0.4000   1.2887 -2785.809
 34  20    929.8    309.2   0.2299   0.5747   0.4000   0.9479 -2626.847
 34  21    927.7    311.3   0.2395   0.5988   0.4000   0.9893 -2657.133
 34  22    930.6    308.4   0.2248   0.5620   0.4000   0.9262 -2623.408
 34  23    930.5    308.5   0.2296   0.5741   0.4000   0.9463 -2632.219
 34  24    930.9    308.1   0.2107   0.5267   0.4000   0.8678 -2587.497
 34  25    930.0    309.0   0.2201   0.5504   0.4000   0.9075 -2600.088
 34  26    929.2    309.8   0.2172   0.5430   0.4000   0.8960 -2602.130
 34  27    929.2    309.8   0.2172   0.5430   0.4000   0.8960 -2602.130
 34  28    927.9    311.1   0.2432   0.6079   0.4000   1.0042 -2656.854
 34  29    928.8    310.2   0.2598   0.6495   0.4000   1.0720 -2683.849
 34  30    928.8    310.2   0.2598   0.6495   0.4000   1.0720 -2683.849
 34  31    929.1    309.9   0.2443   0.6107   0.4000   1.0078 -2657.876
 34  32    931.6    307.4   0.2556   0.6390   0.4000   1.0522 -2688.072
 34  33    928.9    310.1   0.0000   0.0000   0.4000   0.0000 -1663.239
 35   1    931.5    307.5   0.4152   1.0381   0.4000   1.7095 -2924.018
 35   2    933.0    306.0   0.3747   0.9368   0.4000   1.5407 -2868.566
 35   3    927.4    311.6   0.3955   0.9888   0.4000   1.6341 -2911.937
 35   4    929.7    309.3   0.4099   1.0247   0.4000   1.6901 -2923.871
 35   5    930.9    308.1   0.3888   0.9721   0.4000   1.6016 -2893.978
 35   6    930.9    308.1   0.3888   0.9721   0.4000   1.6016 -2893.978
 35   7    930.2    308.8   0.3977   0.9943   0.4000   1.6392 -2908.314
 35   8    930.2    308.8   0.3977   0.9943   0.4000   1.6392 -2908.314
 35   9    929.5    309.5   0.3809   0.9524   0.4000   1.5710 -2892.410
 35  10    929.1    309.9   0.3880   0.9700   0.4000   1.6008 -2896.174
 35  11    929.1    309.9   0.3878   0.9696   0.4000   1.6000 -2895.736
 35  12    928.3    310.7   0.3217   0.8042   0.4000   1.3279 -2805.560
 35  13    923.9    315.1   0.3193   0.7982   0.4000   1.3233 -2826.525
 35  14    925.6    313.4   0.3333   0.8332   0.4000   1.3791 -2843.518
 35  15    924.7    314.3   0.3204   0.8009   0.4000   1.3268 -2830.063
 35  16    924.6    314.4   0.3190   0.7976   0.4000   1.3215 -2828.373
 35  17    924.6    314.4   0.3190   0.7976   0.4000   1.3215 -2828.373
 35  18    927.3    311.7   0.3197   0.7992   0.4000   1.3211 -2798.753
 35  19    931.1    307.9   0.3348   0.8370   0.4000   1.3789 -2815.819
 35  20    930.4    308.6   0.2353   0.5881   0.4000   0.9694 -2642.117
 35  21    928.3    310.7   0.2469   0.6173   0.4000   1.0194 -2677.138
 35  22    931.2    307.8   0.2222   0.5555   0.4000   0.9150 -2607.499
 35  23    931.0    308.0   0.2302   0.5754   0.4000   0.9479 -2623.349
 35  24    931.5    307.5   0.2263   0.5657   0.4000   0.9315 -2619.334
 35  25    930.7    308.3   0.2273   0.5681   0.4000   0.9363 -2625.616
 35  26    929.8    309.2   0.2331   0.5826   0.4000   0.9609 -2643.246
 35  27    929.8    309.2   0.2331   0.5826   0.4000   0.9609 -2643.246
 35  28    928.5    310.5   0.2637   0.6594   0.4000   1.0887 -2702.636
 35  29    929.4    309.6   0.2622   0.6555   0.4000   1.0813 -2687.811
 35  30    929.4    309.6   0.2622   0.6555   0.4000   1.0813 -2687.811
 35  31    929.7    309.3   0.2658   0.6644   0.4000   1.0958 -2697.001
 35  32    932.2    306.8   0.2681   0.6703   0.4000   1.1031 -2704.989
 35  33    929.4    309.6   0.1807   0.4518   0.4000   0.7454 -2509.790
 35  34    929.4    309.6   0.1807   0.4518   0.4000   0.7454 -2509.790
 36   1    931.8    307.2   0.3799   0.9498   0.4000   1.5636 -2880.212
 36   2    933.3    305.7   0.3769   0.9422   0.4000   1.5490 -2869.321
 36   3    927.7    311.3   0.3908   0.9769   0.4000   1.6141 -2905.384
 36   4    930.1    308.9   0.3994   0.9985   0.4000   1.6463 -2915.576
 36   5    931.2    307.8   0.3761   0.9403   0.4000   1.5488 -2880.257
 36   6    931.2    307.8   0.3761   0.9403   0.4000   1.5488 -2880.257
 36   7    930.5    308.5   0.3831   0.9578   0.4000   1.5785 -2892.401
 36   8    930.5    308.5   0.3831   0.9578   0.4000   1.5785 -2892.401
 36   9    929.9    309.1   0.3644   0.9109   0.4000   1.5022 -2865.373
 36  10    929.4    309.6   0.3819   0.9549   0.4000   1.5753 -2885.138
 36  11    929.4    309.6   0.3818   0.9544   0.4000   1.5746 -2884.717
 36  12    928.7    310.3   0.3214   0.8034   0.4000   1.3263 -2807.921
 36  13    924.3    314.7   0.3242   0.8104   0.4000   1.3430 -2828.322
 36  14    926.0    313.0   0.3340   0.8350   0.4000   1.3817 -2842.131
 36  15    925.1    313.9   0.3311   0.8278   0.4000   1.3709 -2841.640
 36  16    924.9    314.1   0.3298   0.8244   0.4000   1.3655 -2839.957
 36  17    924.9    314.1   0.3298   0.8244   0.4000   1.3655 -2839.957
 36  18    927.6    311.4   0.3164   0.7911   0.4000   1.3072 -2808.520
 36  19    931.4    307.6   0.3163   0.7909   0.4000   1.3024 -2793.383
 36  20    930.7    308.3   0.2334   0.5835   0.4000   0.9615 -2641.578
 36  21    928.6    310.4   0.2371   0.5927   0.4000   0.9785 -2651.663
 36  22    931.5    307.5   0.2303   0.5757   0.4000   0.9480 -2629.788
 36  23    931.4    307.6   0.2367   0.5917   0.4000   0.9744 -2643.150
 36  24    931.8    307.2   0.2203   0.5507   0.4000   0.9066 -2618.936
 36  25    931.0    308.0   0.2134   0.5335   0.4000   0.8789 -2607.440
 36  26    930.1    308.9   0.2381   0.5954   0.4000   0.9816 -2650.592
 36  27    930.1    308.9   0.2381   0.5954   0.4000   0.9816 -2650.592
 36  28    928.8    310.2   0.2640   0.6600   0.4000   1.0894 -2701.228
 36  29    929.8    309.2   0.2582   0.6454   0.4000   1.0645 -2693.859
 36  30    929.8    309.2   0.2582   0.6454   0.4000   1.0645 -2693.859
 36  31    930.0    309.0   0.2571   0.6426   0.4000   1.0596 -2689.316
 36  32    932.5    306.5   0.2518   0.6294   0.4000   1.0356 -2677.014
 36  33    929.8    309.2   0.1849   0.4623   0.4000   0.7624 -2516.168
 36  34    929.8    309.2   0.1849   0.4623   0.4000   0.7624 -2516.168
 36  35    930.3    308.7   0.1794   0.4484   0.4000   0.7392 -2501.343
 37   1    928.7    310.3   0.3855   0.9637   0.4000   1.5908 -2894.659
 37   2    930.2    308.8   0.3811   0.9528   0.4000   1.5709 -2882.305
 37   3    924.6    314.4   0.3715   0.9287   0.4000   1.5386 -2890.179
 37   4    926.9    312.1   0.3783   0.9457   0.4000   1.5636 -2899.039
 37   5    928.1    310.9   0.3788   0.9469   0.4000   1.5641 -2893.646
 37   6    928.1    310.9   0.3788   0.9469   0.4000   1.5641 -2893.646
 37   7    927.4    311.6   0.3848   0.9619   0.4000   1.5897 -2905.040
 37   8    927.4    311.6   0.3848   0.9619   0.4000   1.5897 -2905.040
 37   9    926.7    312.3   0.3628   0.9070   0.4000   1.4998 -2877.570
 37  10    926.3    312.7   0.3952   0.9881   0.4000   1.6347 -2913.145
 37  11    926.3    312.7   0.3950   0.9876   0.4000   1.6339 -2912.645
 37  12    925.4    313.6   0.3091   0.7727   0.4000   1.2793 -2794.640
 37  13    921.0    318.0   0.3251   0.8127   0.4000   1.3507 -2832.666
 37  14    922.7    316.3   0.3255   0.8138   0.4000   1.3505 -2834.041
 37  15    921.8    317.2   0.3102   0.7755   0.4000   1.2880 -2814.974
 37  16    921.6    317.4   0.3089   0.7724   0.4000   1.2829 -2813.214
 37  17    921.6    317.4   0.3089   0.7724   0.4000   1.2829 -2813.214
 37  18    924.4    314.6   0.3079   0.7698   0.4000   1.2757 -2806.826
 37  19    928.2    310.8   0.3155   0.7888   0.4000   1.3027 -2801.952
 37  20    927.5    311.5   0.2462   0.6155   0.4000   1.0171 -2669.975
 37  21    925.4    313.6   0.2368   0.5920   0.4000   0.9801 -2652.118
 37  22    928.3    310.7   0.2358   0.5896   0.4000   0.9737 -2640.343
 37  23    928.2    310.8   0.2432   0.6080   0.4000   1.0041 -2652.818
 37  24    928.6    310.4   0.2066   0.5166   0.4000   0.8528 -2596.813
 37  25    927.8    311.2   0.2258   0.5645   0.4000   0.9326 -2640.675
 37  26    926.9    312.1   0.2443   0.6108   0.4000   1.0098 -2660.982
 37  27    926.9    312.1   0.2443   0.6108   0.4000   1.0098 -2660.982
 37  28    925.6    313.4   0.2678   0.6696   0.4000   1.1083 -2714.509
 37  29    926.6    312.4   0.2601   0.6503   0.4000   1.0755 -2700.442
 37  30    926.6    312.4   0.2601   0.6503   0.4000   1.0755 -2700.442
 37  31    926.8    312.2   0.2603   0.6509   0.4000   1.0762 -2697.640
 37  32    929.3    309.7   0.2643   0.6608   0.4000   1.0903 -2704.814
 37  33    926.6    312.4   0.1661   0.4152   0.4000   0.6867 -2475.912
 37  34    926.6    312.4   0.1661   0.4152   0.4000   0.6867 -2475.912
 37  35    927.1    311.9   0.1831   0.4577   0.4000   0.7566 -2513.471
 37  36    927.5    311.5   0.1067   0.2668   0.4000   0.4409 -2272.859
 38   1    928.5    310.5   0.3946   0.9865   0.4000   1.6288 -2903.149
 38   2    930.0    309.0   0.3815   0.9538   0.4000   1.5727 -2882.043
 38   3    924.4    314.6   0.3661   0.9152   0.4000   1.5165 -2882.891
 38   4    926.7    312.3   0.3957   0.9892   0.4000   1.6357 -2918.569
 38   5    927.9    311.1   0.3907   0.9768   0.4000   1.6136 -2899.013
 38   6    927.9    311.1   0.3907   0.9768   0.4000   1.6136 -2899.013
 38   7    927.2    311.8   0.3785   0.9462   0.4000   1.5641 -2894.743
 38   8    927.2    311.8   0.3785   0.9462   0.4000   1.5641 -2894.743
 38   9    926.6    312.4   0.3628   0.9070   0.4000   1.5001 -2868.589
 38  10    926.1    312.9   0.3977   0.9942   0.4000   1.6450 -2911.823
 38  11    926.1    312.9   0.3952   0.9881   0.4000   1.6349 -2909.976
 38  12    925.3    313.7   0.3100   0.7749   0.4000   1.2831 -2790.459
 38  13    920.9    318.1   0.3273   0.8182   0.4000   1.3600 -2837.306
 38  14    922.6    316.4   0.3239   0.8098   0.4000   1.3441 -2833.128
 38  15    921.7    317.3   0.3222   0.8055   0.4000   1.3380 -2833.339
 38  16    921.5    317.5   0.3209   0.8024   0.4000   1.3329 -2831.648
 38  17    921.5    317.5   0.3209   0.8024   0.4000   1.3329 -2831.648
 38  18    924.2    314.8   0.3026   0.7564   0.4000   1.2536 -2791.530
 38  19    928.1    310.9   0.3057   0.7643   0.4000   1.2623 -2785.664
 38  20    927.4    311.6   0.2504   0.6261   0.4000   1.0348 -2671.072
 38  21    925.3    313.7   0.2487   0.6217   0.4000   1.0294 -2675.949
 38  22    928.2    310.8   0.2243   0.5606   0.4000   0.9259 -2621.657
 38  23    928.0    311.0   0.2326   0.5816   0.4000   0.9607 -2639.629
 38  24    928.5    310.5   0.2365   0.5912   0.4000   0.9761 -2646.292
 38  25    927.6    311.4   0.2255   0.5639   0.4000   0.9317 -2637.978
 38  26    926.8    312.2   0.2478   0.6194   0.4000   1.0243 -2668.415
 38  27    926.8    312.2   0.2478   0.6194   0.4000   1.0243 -2668.415
 38  28    925.5    313.5   0.2723   0.6807   0.4000   1.1268 -2727.338
 38  29    926.4    312.6   0.2585   0.6464   0.4000   1.0691 -2698.631
 38  30    926.4    312.6   0.2585   0.6464   0.4000   1.0691 -2698.631
 38  31    926.7    312.3   0.2542   0.6355   0.4000   1.0509 -2687.181
 38  32    929.2    309.8   0.2483   0.6208   0.4000   1.0243 -2673.496
 38  33    926.4    312.6   0.1830   0.4576   0.4000   0.7569 -2514.144
 38  34    926.4    312.6   0.1830   0.4576   0.4000   0.7569 -2514.144
 38  35    927.0    312.0   0.1825   0.4562   0.4000   0.7542 -2509.539
 38  36    927.4    311.6   0.1217   0.3043   0.4000   0.5030 -2323.860
 38  37    924.1    314.9   0.0981   0.2451   0.4000   0.4063 -2247.279

