Supplemental results for CODEML (seqf: /gpfs/scratch/cltucker/EBH381-Group-Project/SIV_aligned_VPX.fas  treef: )


pairwise comparison (Goldman & Yang 1994)
seq seq        N       S       dN       dS     dN/dS   Paras.
  2   1    163.3     64.7   0.2900  57.9905   0.0050  50.0000  -523.005
  3   1    163.4     64.6   0.2904  58.0849   0.0050  50.0000  -516.627
  3   2    164.1     63.9   0.2935  58.7081   0.0050  50.0000  -520.730
  4   1    163.2     64.8   0.2896  57.9219   0.0050  50.0000  -521.014
  4   2    163.9     64.1   0.2925  58.4987   0.0050  50.0000  -516.368
  4   3    164.0     64.0   0.1326  26.5239   0.0050  22.6255  -461.058
  5   1    163.5     64.5   0.2908  58.1511   0.0050  50.0000  -514.592
  5   2    164.2     63.8   0.2536  50.7212   0.0050  43.1550  -499.331
  5   3    164.3     63.7   0.1688  33.7668   0.0050  28.6555  -466.012
  5   4    164.1     63.9   0.1478  29.5547   0.0050  25.1798  -467.053
  6   1    163.5     64.5   0.2908  58.1511   0.0050  50.0000  -514.592
  6   2    164.2     63.8   0.2536  50.7212   0.0050  43.1550  -499.331
  6   3    164.3     63.7   0.1688  33.7668   0.0050  28.6555  -466.012
  6   4    164.1     63.9   0.1478  29.5547   0.0050  25.1798  -467.053
  6   5    164.4     63.6   0.0000   0.0000   0.0050   0.0000  -304.678
  7   1    163.1     64.9   0.2750  55.0044   0.0050  47.5273  -506.988
  7   2    163.8     64.2   0.2676  53.5105   0.0050  45.8053  -503.036
  7   3    163.9     64.1   0.1524  30.4781   0.0050  26.0498  -461.452
  7   4    163.7     64.3   0.1336  26.7285   0.0050  22.9160  -464.172
  7   5    164.0     64.0   0.0011   0.2192   0.0050   0.1871  -362.091
  7   6    164.0     64.0   0.0011   0.2192   0.0050   0.1871  -362.091
  8   1    163.1     64.9   0.2750  55.0044   0.0050  47.5273  -506.988
  8   2    163.8     64.2   0.2676  53.5105   0.0050  45.8053  -503.036
  8   3    163.9     64.1   0.1524  30.4781   0.0050  26.0498  -461.452
  8   4    163.7     64.3   0.1336  26.7285   0.0050  22.9160  -464.172
  8   5    164.0     64.0   0.0011   0.2192   0.0050   0.1871  -362.091
  8   6    164.0     64.0   0.0011   0.2192   0.0050   0.1871  -362.091
  8   7    163.6     64.4   0.0000   0.0000   0.0050   0.0000  -304.842
  9   1    162.5     65.5   0.2866  57.3179   0.0050  50.0000  -532.694
  9   2    163.1     64.9   0.2893  57.8509   0.0050  50.0000  -518.631
  9   3    163.2     64.8   0.1673  33.4650   0.0050  28.8902  -476.604
  9   4    163.0     65.0   0.1974  39.4834   0.0050  34.1779  -487.068
  9   5    163.3     64.7   0.0041   0.8263   0.0050   0.7122  -456.757
  9   6    163.3     64.7   0.0041   0.8263   0.0050   0.7122  -456.757
  9   7    163.0     65.0   0.0037   0.7395   0.0050   0.6407  -451.441
  9   8    163.0     65.0   0.0037   0.7395   0.0050   0.6407  -451.441
 10   1    162.9     65.1   0.2651  53.0172   0.0050  45.9901  -506.643
 10   2    163.5     64.5   0.2910  58.1903   0.0050  50.0000  -521.580
 10   3    163.6     64.4   0.1607  32.1401   0.0050  27.5749  -467.501
 10   4    163.4     64.6   0.1664  33.2804   0.0050  28.6370  -474.189
 10   5    163.7     64.3   0.0046   0.9142   0.0050   0.7833  -448.053
 10   6    163.7     64.3   0.0046   0.9142   0.0050   0.7833  -448.053
 10   7    163.4     64.6   0.0032   0.6412   0.0050   0.5523  -422.686
 10   8    163.4     64.6   0.0032   0.6412   0.0050   0.5523  -422.686
 10   9    162.7     65.3   0.0048   0.9502   0.0050   0.8262  -483.698
 11   1    162.9     65.1   0.2651  53.0172   0.0050  45.9901  -506.643
 11   2    163.5     64.5   0.2910  58.1903   0.0050  50.0000  -521.580
 11   3    163.6     64.4   0.1607  32.1401   0.0050  27.5749  -467.501
 11   4    163.4     64.6   0.1664  33.2804   0.0050  28.6370  -474.189
 11   5    163.7     64.3   0.0046   0.9142   0.0050   0.7833  -448.053
 11   6    163.7     64.3   0.0046   0.9142   0.0050   0.7833  -448.053
 11   7    163.4     64.6   0.0032   0.6412   0.0050   0.5523  -422.686
 11   8    163.4     64.6   0.0032   0.6412   0.0050   0.5523  -422.686
 11   9    162.7     65.3   0.0048   0.9502   0.0050   0.8262  -483.698
 11  10    163.1     64.9   0.0000   0.0000   0.0050   0.0000  -306.211
 12   1    162.3     65.7   0.2857  57.1441   0.0050  50.0000  -555.486
 12   2    163.0     65.0   0.2888  57.7572   0.0050  50.0000  -547.497
 12   3    163.2     64.8   0.2894  57.8888   0.0050  50.0000  -526.445
 12   4    163.0     65.0   0.2885  57.6992   0.0050  50.0000  -544.697
 12   5    163.2     64.8   0.2897  57.9320   0.0050  50.0000  -533.769
 12   6    163.2     64.8   0.2897  57.9320   0.0050  50.0000  -533.769
 12   7    162.9     65.1   0.2881  57.6238   0.0050  50.0000  -531.791
 12   8    162.9     65.1   0.2881  57.6238   0.0050  50.0000  -531.791
 12   9    162.2     65.8   0.2853  57.0501   0.0050  50.0000  -549.461
 12  10    162.6     65.4   0.2869  57.3777   0.0050  50.0000  -536.056
 12  11    162.6     65.4   0.2869  57.3777   0.0050  50.0000  -536.056
 13   1    162.5     65.5   0.2864  57.2793   0.0050  50.0000  -542.232
 13   2    163.2     64.8   0.2895  57.8984   0.0050  50.0000  -574.438
 13   3    163.3     64.7   0.2902  58.0342   0.0050  50.0000  -529.302
 13   4    163.1     64.9   0.2891  57.8228   0.0050  50.0000  -549.274
 13   5    163.4     64.6   0.2904  58.0888   0.0050  50.0000  -542.745
 13   6    163.4     64.6   0.2904  58.0888   0.0050  50.0000  -542.745
 13   7    163.0     65.0   0.2887  57.7327   0.0050  50.0000  -538.248
 13   8    163.0     65.0   0.2887  57.7327   0.0050  50.0000  -538.248
 13   9    162.3     65.7   0.2857  57.1499   0.0050  50.0000  -556.843
 13  10    162.7     65.3   0.2875  57.4954   0.0050  50.0000  -532.086
 13  11    162.7     65.3   0.2875  57.4954   0.0050  50.0000  -532.086
 13  12    162.2     65.8   0.2793  55.8678   0.0050  48.9754  -518.448
 14   1    162.6     65.4   0.2868  57.3644   0.0050  50.0000  -542.577
 14   2    163.3     64.7   0.2899  57.9866   0.0050  50.0000  -574.297
 14   3    163.4     64.6   0.2906  58.1266   0.0050  50.0000  -525.525
 14   4    163.2     64.8   0.2896  57.9130   0.0050  50.0000  -549.489
 14   5    163.5     64.5   0.2909  58.1774   0.0050  50.0000  -544.543
 14   6    163.5     64.5   0.2909  58.1774   0.0050  50.0000  -544.543
 14   7    163.1     64.9   0.2891  57.8213   0.0050  50.0000  -540.159
 14   8    163.1     64.9   0.2891  57.8213   0.0050  50.0000  -540.159
 14   9    162.4     65.6   0.2862  57.2383   0.0050  50.0000  -558.635
 14  10    162.8     65.2   0.2879  57.5827   0.0050  50.0000  -533.954
 14  11    162.8     65.2   0.2879  57.5827   0.0050  50.0000  -533.954
 14  12    162.3     65.7   0.2856  57.1219   0.0050  50.0000  -518.607
 14  13    162.5     65.5   0.0007   0.1367   0.0050   0.1194  -354.463
 15   1    163.1     64.9   0.2889  57.7826   0.0050  50.0000  -537.381
 15   2    163.8     64.2   0.2922  58.4396   0.0050  50.0000  -569.000
 15   3    164.0     64.0   0.2931  58.6166   0.0050  50.0000  -523.427
 15   4    163.7     64.3   0.2919  58.3746   0.0050  50.0000  -545.397
 15   5    164.0     64.0   0.2932  58.6429   0.0050  50.0000  -539.111
 15   6    164.0     64.0   0.2932  58.6429   0.0050  50.0000  -539.111
 15   7    163.6     64.4   0.2913  58.2627   0.0050  50.0000  -534.832
 15   8    163.6     64.4   0.2913  58.2627   0.0050  50.0000  -534.832
 15   9    162.9     65.1   0.2883  57.6668   0.0050  50.0000  -553.758
 15  10    163.3     64.7   0.2901  58.0133   0.0050  50.0000  -529.673
 15  11    163.3     64.7   0.2901  58.0133   0.0050  50.0000  -529.673
 15  12    162.8     65.2   0.2861  57.2236   0.0050  49.7127  -516.659
 15  13    163.0     65.0   0.0007   0.1401   0.0050   0.1214  -347.970
 15  14    163.1     64.9   0.0004   0.0847   0.0050   0.0732  -336.540
 16   1    163.1     64.9   0.2889  57.7826   0.0050  50.0000  -537.381
 16   2    163.8     64.2   0.2922  58.4396   0.0050  50.0000  -569.000
 16   3    164.0     64.0   0.2931  58.6166   0.0050  50.0000  -523.427
 16   4    163.7     64.3   0.2919  58.3746   0.0050  50.0000  -545.397
 16   5    164.0     64.0   0.2932  58.6429   0.0050  50.0000  -539.111
 16   6    164.0     64.0   0.2932  58.6429   0.0050  50.0000  -539.111
 16   7    163.6     64.4   0.2913  58.2627   0.0050  50.0000  -534.832
 16   8    163.6     64.4   0.2913  58.2627   0.0050  50.0000  -534.832
 16   9    162.9     65.1   0.2883  57.6668   0.0050  50.0000  -553.758
 16  10    163.3     64.7   0.2901  58.0133   0.0050  50.0000  -529.673
 16  11    163.3     64.7   0.2901  58.0133   0.0050  50.0000  -529.673
 16  12    162.8     65.2   0.2861  57.2236   0.0050  49.7127  -516.659
 16  13    163.0     65.0   0.0007   0.1401   0.0050   0.1214  -347.970
 16  14    163.1     64.9   0.0004   0.0847   0.0050   0.0732  -336.540
 16  15    163.6     64.4   0.0000   0.0000   0.0050   0.0000  -306.765
 17   1    163.1     64.9   0.2889  57.7826   0.0050  50.0000  -537.381
 17   2    163.8     64.2   0.2922  58.4396   0.0050  50.0000  -569.000
 17   3    164.0     64.0   0.2931  58.6166   0.0050  50.0000  -523.427
 17   4    163.7     64.3   0.2919  58.3746   0.0050  50.0000  -545.397
 17   5    164.0     64.0   0.2932  58.6429   0.0050  50.0000  -539.111
 17   6    164.0     64.0   0.2932  58.6429   0.0050  50.0000  -539.111
 17   7    163.6     64.4   0.2913  58.2627   0.0050  50.0000  -534.832
 17   8    163.6     64.4   0.2913  58.2627   0.0050  50.0000  -534.832
 17   9    162.9     65.1   0.2883  57.6668   0.0050  50.0000  -553.758
 17  10    163.3     64.7   0.2901  58.0133   0.0050  50.0000  -529.673
 17  11    163.3     64.7   0.2901  58.0133   0.0050  50.0000  -529.673
 17  12    162.8     65.2   0.2861  57.2236   0.0050  49.7127  -516.659
 17  13    163.0     65.0   0.0007   0.1401   0.0050   0.1214  -347.970
 17  14    163.1     64.9   0.0004   0.0847   0.0050   0.0732  -336.540
 17  15    163.6     64.4   0.0000   0.0000   0.0050   0.0000  -306.765
 17  16    163.6     64.4   0.0000   0.0000   0.0050   0.0000  -306.765
 18   1    162.1     65.9   0.2846  56.9261   0.0050  50.0000  -545.604
 18   2    162.7     65.3   0.2874  57.4767   0.0050  50.0000  -558.848
 18   3    162.8     65.2   0.2878  57.5510   0.0050  50.0000  -537.278
 18   4    162.6     65.4   0.2870  57.3971   0.0050  50.0000  -546.006
 18   5    162.9     65.1   0.2882  57.6366   0.0050  50.0000  -535.761
 18   6    162.9     65.1   0.2882  57.6366   0.0050  50.0000  -535.761
 18   7    162.6     65.4   0.2867  57.3477   0.0050  50.0000  -529.734
 18   8    162.6     65.4   0.2867  57.3477   0.0050  50.0000  -529.734
 18   9    161.9     66.1   0.2840  56.7999   0.0050  50.0000  -545.478
 18  10    162.3     65.7   0.2856  57.1282   0.0050  50.0000  -542.184
 18  11    162.3     65.7   0.2856  57.1282   0.0050  50.0000  -542.184
 18  12    161.7     66.3   0.2135  42.7054   0.0050  37.6943  -498.953
 18  13    161.9     66.1   0.2650  52.9918   0.0050  46.6811  -510.503
 18  14    162.0     66.0   0.2812  56.2308   0.0050  49.4580  -512.260
 18  15    162.5     65.5   0.2632  52.6301   0.0050  45.9477  -507.411
 18  16    162.5     65.5   0.2632  52.6301   0.0050  45.9477  -507.411
 18  17    162.5     65.5   0.2632  52.6301   0.0050  45.9477  -507.411
 19   1    161.9     66.1   0.2839  56.7734   0.0050  50.0000  -545.606
 19   2    162.5     65.5   0.2866  57.3276   0.0050  50.0000  -564.406
 19   3    162.6     65.4   0.2870  57.4031   0.0050  50.0000  -543.376
 19   4    162.4     65.6   0.2863  57.2581   0.0050  50.0000  -547.372
 19   5    162.7     65.3   0.2874  57.4812   0.0050  50.0000  -536.268
 19   6    162.7     65.3   0.2874  57.4812   0.0050  50.0000  -536.268
 19   7    162.4     65.6   0.2861  57.2145   0.0050  50.0000  -530.098
 19   8    162.4     65.6   0.2861  57.2145   0.0050  50.0000  -530.098
 19   9    161.8     66.2   0.2833  56.6668   0.0050  50.0000  -550.052
 19  10    162.1     65.9   0.2849  56.9874   0.0050  50.0000  -539.171
 19  11    162.1     65.9   0.2849  56.9874   0.0050  50.0000  -539.171
 19  12    161.5     66.5   0.2309  46.1891   0.0050  40.8901  -505.797
 19  13    161.7     66.3   0.2830  56.6016   0.0050  50.0000  -517.368
 19  14    161.8     66.2   0.2834  56.6872   0.0050  50.0000  -519.029
 19  15    162.3     65.7   0.2828  56.5516   0.0050  49.5202  -514.432
 19  16    162.3     65.7   0.2828  56.5516   0.0050  49.5202  -514.432
 19  17    162.3     65.7   0.2828  56.5516   0.0050  49.5202  -514.432
 19  18    161.3     66.7   0.0041   0.8203   0.0050   0.7289  -434.435
 20   1    162.0     66.0   0.2842  56.8397   0.0050  50.0000  -556.840
 20   2    162.6     65.4   0.2869  57.3877   0.0050  50.0000  -549.526
 20   3    162.7     65.3   0.2873  57.4593   0.0050  50.0000  -551.623
 20   4    162.5     65.5   0.2865  57.2977   0.0050  50.0000  -558.857
 20   5    162.8     65.2   0.2878  57.5542   0.0050  50.0000  -542.758
 20   6    162.8     65.2   0.2878  57.5542   0.0050  50.0000  -542.758
 20   7    162.4     65.6   0.2862  57.2431   0.0050  50.0000  -538.333
 20   8    162.4     65.6   0.2862  57.2431   0.0050  50.0000  -538.333
 20   9    161.8     66.2   0.2835  56.6933   0.0050  50.0000  -551.560
 20  10    162.2     65.8   0.2852  57.0302   0.0050  50.0000  -548.086
 20  11    162.2     65.8   0.2852  57.0302   0.0050  50.0000  -548.086
 20  12    161.6     66.4   0.2829  56.5755   0.0050  50.0000  -522.213
 20  13    161.8     66.2   0.2834  56.6763   0.0050  50.0000  -535.067
 20  14    161.9     66.1   0.2838  56.7660   0.0050  50.0000  -534.599
 20  15    162.4     65.6   0.2860  57.2040   0.0050  50.0000  -529.832
 20  16    162.4     65.6   0.2860  57.2040   0.0050  50.0000  -529.832
 20  17    162.4     65.6   0.2860  57.2040   0.0050  50.0000  -529.832
 20  18    161.3     66.7   0.2455  49.0975   0.0050  43.5915  -506.475
 20  19    161.2     66.8   0.2376  47.5171   0.0050  42.2894  -506.887
 21   1    163.3     64.7   0.2900  57.9905   0.0050  50.0000  -540.969
 21   2    164.0     64.0   0.2929  58.5802   0.0050  50.0000  -549.945
 21   3    164.1     63.9   0.2935  58.7081   0.0050  50.0000  -539.849
 21   4    163.9     64.1   0.2925  58.4987   0.0050  50.0000  -555.329
 21   5    164.2     63.8   0.2938  58.7664   0.0050  50.0000  -548.228
 21   6    164.2     63.8   0.2938  58.7664   0.0050  50.0000  -548.228
 21   7    163.8     64.2   0.2921  58.4108   0.0050  50.0000  -542.571
 21   8    163.8     64.2   0.2921  58.4108   0.0050  50.0000  -542.571
 21   9    163.1     64.9   0.2893  57.8509   0.0050  50.0000  -555.105
 21  10    163.5     64.5   0.2910  58.1903   0.0050  50.0000  -549.122
 21  11    163.5     64.5   0.2910  58.1903   0.0050  50.0000  -549.122
 21  12    163.0     65.0   0.2588  51.7563   0.0050  44.8050  -512.108
 21  13    163.2     64.8   0.2895  57.8984   0.0050  50.0000  -538.576
 21  14    163.3     64.7   0.2899  57.9866   0.0050  50.0000  -538.618
 21  15    163.8     64.2   0.2922  58.4396   0.0050  50.0000  -535.866
 21  16    163.8     64.2   0.2922  58.4396   0.0050  50.0000  -535.866
 21  17    163.8     64.2   0.2922  58.4396   0.0050  50.0000  -535.866
 21  18    162.7     65.3   0.2874  57.4767   0.0050  50.0000  -518.167
 21  19    162.5     65.5   0.2866  57.3276   0.0050  50.0000  -520.993
 21  20    162.6     65.4   0.2869  57.3877   0.0050  50.0000  -521.351
 22   1    163.1     64.9   0.2893  57.8659   0.0050  50.0000  -557.518
 22   2    163.9     64.1   0.2926  58.5258   0.0050  50.0000  -533.911
 22   3    164.1     63.9   0.2935  58.7073   0.0050  50.0000  -529.640
 22   4    163.8     64.2   0.2923  58.4631   0.0050  50.0000  -532.950
 22   5    164.1     63.9   0.2936  58.7293   0.0050  50.0000  -527.184
 22   6    164.1     63.9   0.2936  58.7293   0.0050  50.0000  -527.184
 22   7    163.7     64.3   0.2917  58.3495   0.0050  50.0000  -527.575
 22   8    163.7     64.3   0.2917  58.3495   0.0050  50.0000  -527.575
 22   9    163.0     65.0   0.2888  57.7538   0.0050  50.0000  -540.559
 22  10    163.4     64.6   0.2905  58.0988   0.0050  50.0000  -538.408
 22  11    163.4     64.6   0.2905  58.0988   0.0050  50.0000  -538.408
 22  12    162.9     65.1   0.2261  45.2244   0.0050  39.2315  -504.136
 22  13    163.1     64.9   0.2891  57.8261   0.0050  50.0000  -531.800
 22  14    163.2     64.8   0.2896  57.9138   0.0050  50.0000  -533.198
 22  15    163.7     64.3   0.2919  58.3823   0.0050  50.0000  -528.998
 22  16    163.7     64.3   0.2919  58.3823   0.0050  50.0000  -528.998
 22  17    163.7     64.3   0.2919  58.3823   0.0050  50.0000  -528.998
 22  18    162.6     65.4   0.2790  55.7915   0.0050  48.6343  -516.795
 22  19    162.4     65.6   0.2859  57.1839   0.0050  50.0000  -521.431
 22  20    162.5     65.5   0.2683  53.6618   0.0050  46.8310  -512.958
 22  21    163.9     64.1   0.2378  47.5518   0.0050  40.6247  -501.781
 23   1    163.1     64.9   0.2893  57.8659   0.0050  50.0000  -557.518
 23   2    163.9     64.1   0.2926  58.5258   0.0050  50.0000  -533.911
 23   3    164.1     63.9   0.2935  58.7073   0.0050  50.0000  -529.640
 23   4    163.8     64.2   0.2923  58.4631   0.0050  50.0000  -532.950
 23   5    164.1     63.9   0.2936  58.7293   0.0050  50.0000  -527.184
 23   6    164.1     63.9   0.2936  58.7293   0.0050  50.0000  -527.184
 23   7    163.7     64.3   0.2917  58.3495   0.0050  50.0000  -527.575
 23   8    163.7     64.3   0.2917  58.3495   0.0050  50.0000  -527.575
 23   9    163.0     65.0   0.2888  57.7538   0.0050  50.0000  -540.559
 23  10    163.4     64.6   0.2905  58.0988   0.0050  50.0000  -538.408
 23  11    163.4     64.6   0.2905  58.0988   0.0050  50.0000  -538.408
 23  12    162.9     65.1   0.2261  45.2244   0.0050  39.2315  -504.136
 23  13    163.1     64.9   0.2891  57.8261   0.0050  50.0000  -531.800
 23  14    163.2     64.8   0.2896  57.9138   0.0050  50.0000  -533.198
 23  15    163.7     64.3   0.2919  58.3823   0.0050  50.0000  -528.998
 23  16    163.7     64.3   0.2919  58.3823   0.0050  50.0000  -528.998
 23  17    163.7     64.3   0.2919  58.3823   0.0050  50.0000  -528.998
 23  18    162.6     65.4   0.2790  55.7915   0.0050  48.6343  -516.795
 23  19    162.4     65.6   0.2859  57.1839   0.0050  50.0000  -521.431
 23  20    162.5     65.5   0.2683  53.6618   0.0050  46.8310  -512.958
 23  21    163.9     64.1   0.2378  47.5518   0.0050  40.6247  -501.781
 23  22    163.8     64.2   0.0000   0.0000   0.0050   0.0000  -306.459
 24   1    162.7     65.3   0.2875  57.4995   0.0050  50.0000  -555.517
 24   2    163.4     64.6   0.2905  58.0960   0.0050  50.0000  -532.675
 24   3    163.5     64.5   0.2911  58.2190   0.0050  50.0000  -532.597
 24   4    163.3     64.7   0.2902  58.0333   0.0050  50.0000  -542.529
 24   5    163.6     64.4   0.2913  58.2679   0.0050  50.0000  -527.025
 24   6    163.6     64.4   0.2913  58.2679   0.0050  50.0000  -527.025
 24   7    163.3     64.7   0.2898  57.9611   0.0050  50.0000  -527.688
 24   8    163.3     64.7   0.2898  57.9611   0.0050  50.0000  -527.688
 24   9    162.6     65.4   0.2870  57.3981   0.0050  50.0000  -539.936
 24  10    163.0     65.0   0.2886  57.7241   0.0050  50.0000  -528.867
 24  11    163.0     65.0   0.2886  57.7241   0.0050  50.0000  -528.867
 24  12    162.4     65.6   0.1913  38.2672   0.0050  33.4330  -495.429
 24  13    162.6     65.4   0.2869  57.3858   0.0050  50.0000  -524.576
 24  14    162.7     65.3   0.2874  57.4709   0.0050  50.0000  -526.306
 24  15    163.2     64.8   0.2895  57.9002   0.0050  50.0000  -521.971
 24  16    163.2     64.8   0.2895  57.9002   0.0050  50.0000  -521.971
 24  17    163.2     64.8   0.2895  57.9002   0.0050  50.0000  -521.971
 24  18    162.1     65.9   0.2635  52.6989   0.0050  46.2256  -513.187
 24  19    162.0     66.0   0.2511  50.2272   0.0050  44.1832  -512.185
 24  20    162.1     65.9   0.2594  51.8703   0.0050  45.5599  -511.407
 24  21    163.4     64.6   0.2556  51.1163   0.0050  43.9930  -508.211
 24  22    163.3     64.7   0.1464  29.2708   0.0050  25.2407  -473.211
 24  23    163.3     64.7   0.1464  29.2708   0.0050  25.2407  -473.211
 25   1    163.1     64.9   0.2889  57.7817   0.0050  50.0000  -551.982
 25   2    163.8     64.2   0.2921  58.4283   0.0050  50.0000  -534.996
 25   3    164.0     64.0   0.2930  58.5974   0.0050  50.0000  -527.665
 25   4    163.7     64.3   0.2918  58.3644   0.0050  50.0000  -528.798
 25   5    164.0     64.0   0.2931  58.6261   0.0050  50.0000  -523.984
 25   6    164.0     64.0   0.2931  58.6261   0.0050  50.0000  -523.984
 25   7    163.6     64.4   0.2913  58.2588   0.0050  50.0000  -523.990
 25   8    163.6     64.4   0.2913  58.2588   0.0050  50.0000  -523.990
 25   9    162.9     65.1   0.2883  57.6695   0.0050  50.0000  -545.007
 25  10    163.3     64.7   0.2901  58.0116   0.0050  50.0000  -532.916
 25  11    163.3     64.7   0.2901  58.0116   0.0050  50.0000  -532.916
 25  12    162.8     65.2   0.2776  55.5239   0.0050  48.2424  -511.203
 25  13    163.0     65.0   0.2886  57.7269   0.0050  50.0000  -531.682
 25  14    163.1     64.9   0.2891  57.8144   0.0050  50.0000  -525.733
 25  15    163.6     64.4   0.2914  58.2764   0.0050  50.0000  -523.735
 25  16    163.6     64.4   0.2914  58.2764   0.0050  50.0000  -523.735
 25  17    163.6     64.4   0.2914  58.2764   0.0050  50.0000  -523.735
 25  18    162.5     65.5   0.2299  45.9858   0.0050  40.1450  -503.308
 25  19    162.3     65.7   0.2402  48.0367   0.0050  42.0609  -508.172
 25  20    162.4     65.6   0.2413  48.2634   0.0050  42.1837  -506.297
 25  21    163.8     64.2   0.2531  50.6125   0.0050  43.3116  -498.798
 25  22    163.7     64.3   0.1714  34.2713   0.0050  29.3611  -479.465
 25  23    163.7     64.3   0.1714  34.2713   0.0050  29.3611  -479.465
 25  24    163.2     64.8   0.1613  32.2579   0.0050  27.8597  -479.372
 26   1    162.5     65.5   0.2867  57.3435   0.0050  50.0000  -560.933
 26   2    163.2     64.8   0.2895  57.9061   0.0050  50.0000  -538.419
 26   3    163.3     64.7   0.2900  57.9972   0.0050  50.0000  -516.930
 26   4    163.1     64.9   0.2892  57.8355   0.0050  50.0000  -527.043
 26   5    163.4     64.6   0.2903  58.0667   0.0050  50.0000  -520.370
 26   6    163.4     64.6   0.2903  58.0667   0.0050  50.0000  -520.370
 26   7    163.0     65.0   0.2826  56.5137   0.0050  48.9035  -514.371
 26   8    163.0     65.0   0.2826  56.5137   0.0050  48.9035  -514.371
 26   9    162.4     65.6   0.2862  57.2324   0.0050  50.0000  -531.164
 26  10    162.8     65.2   0.2878  57.5555   0.0050  50.0000  -524.763
 26  11    162.8     65.2   0.2878  57.5555   0.0050  50.0000  -524.763
 26  12    162.2     65.8   0.2678  53.5591   0.0050  46.9303  -513.319
 26  13    162.4     65.6   0.2860  57.1936   0.0050  50.0000  -540.822
 26  14    162.5     65.5   0.2864  57.2793   0.0050  50.0000  -536.778
 26  15    163.0     65.0   0.2885  57.6988   0.0050  50.0000  -535.015
 26  16    163.0     65.0   0.2885  57.6988   0.0050  50.0000  -535.015
 26  17    163.0     65.0   0.2885  57.6988   0.0050  50.0000  -535.015
 26  18    162.0     66.0   0.2842  56.8415   0.0050  50.0000  -518.233
 26  19    161.8     66.2   0.2835  56.6906   0.0050  50.0000  -524.392
 26  20    161.9     66.1   0.2838  56.7530   0.0050  50.0000  -522.122
 26  21    163.2     64.8   0.2868  57.3665   0.0050  49.5341  -514.623
 26  22    163.1     64.9   0.2889  57.7826   0.0050  50.0000  -523.260
 26  23    163.1     64.9   0.2889  57.7826   0.0050  50.0000  -523.260
 26  24    162.6     65.4   0.2871  57.4178   0.0050  50.0000  -524.930
 26  25    163.0     65.0   0.2494  49.8793   0.0050  43.2240  -504.867
 27   1    162.5     65.5   0.2867  57.3435   0.0050  50.0000  -560.933
 27   2    163.2     64.8   0.2895  57.9061   0.0050  50.0000  -538.419
 27   3    163.3     64.7   0.2900  57.9972   0.0050  50.0000  -516.930
 27   4    163.1     64.9   0.2892  57.8355   0.0050  50.0000  -527.043
 27   5    163.4     64.6   0.2903  58.0667   0.0050  50.0000  -520.370
 27   6    163.4     64.6   0.2903  58.0667   0.0050  50.0000  -520.370
 27   7    163.0     65.0   0.2826  56.5137   0.0050  48.9035  -514.371
 27   8    163.0     65.0   0.2826  56.5137   0.0050  48.9035  -514.371
 27   9    162.4     65.6   0.2862  57.2324   0.0050  50.0000  -531.164
 27  10    162.8     65.2   0.2878  57.5555   0.0050  50.0000  -524.763
 27  11    162.8     65.2   0.2878  57.5555   0.0050  50.0000  -524.763
 27  12    162.2     65.8   0.2678  53.5591   0.0050  46.9303  -513.319
 27  13    162.4     65.6   0.2860  57.1936   0.0050  50.0000  -540.822
 27  14    162.5     65.5   0.2864  57.2793   0.0050  50.0000  -536.778
 27  15    163.0     65.0   0.2885  57.6988   0.0050  50.0000  -535.015
 27  16    163.0     65.0   0.2885  57.6988   0.0050  50.0000  -535.015
 27  17    163.0     65.0   0.2885  57.6988   0.0050  50.0000  -535.015
 27  18    162.0     66.0   0.2842  56.8415   0.0050  50.0000  -518.233
 27  19    161.8     66.2   0.2835  56.6906   0.0050  50.0000  -524.392
 27  20    161.9     66.1   0.2838  56.7530   0.0050  50.0000  -522.122
 27  21    163.2     64.8   0.2868  57.3665   0.0050  49.5341  -514.623
 27  22    163.1     64.9   0.2889  57.7826   0.0050  50.0000  -523.260
 27  23    163.1     64.9   0.2889  57.7826   0.0050  50.0000  -523.260
 27  24    162.6     65.4   0.2871  57.4178   0.0050  50.0000  -524.930
 27  25    163.0     65.0   0.2494  49.8793   0.0050  43.2240  -504.867
 27  26    162.4     65.6   0.0000   0.0000   0.0050   0.0000  -307.863
 28   1    162.9     65.1   0.2882  57.6402   0.0050  50.0000  -558.761
 28   2    163.5     64.5   0.2911  58.2211   0.0050  50.0000  -549.061
 28   3    163.7     64.3   0.2917  58.3334   0.0050  50.0000  -528.014
 28   4    163.5     64.5   0.2907  58.1419   0.0050  50.0000  -529.647
 28   5    163.7     64.3   0.2920  58.3987   0.0050  50.0000  -526.952
 28   6    163.7     64.3   0.2920  58.3987   0.0050  50.0000  -526.952
 28   7    163.4     64.6   0.2903  58.0664   0.0050  50.0000  -522.959
 28   8    163.4     64.6   0.2903  58.0664   0.0050  50.0000  -522.959
 28   9    162.7     65.3   0.2875  57.5082   0.0050  50.0000  -540.482
 28  10    163.1     64.9   0.2892  57.8439   0.0050  50.0000  -528.778
 28  11    163.1     64.9   0.2892  57.8439   0.0050  50.0000  -528.778
 28  12    162.6     65.4   0.2609  52.1775   0.0050  45.4592  -515.404
 28  13    162.8     65.2   0.2738  54.7605   0.0050  47.5978  -515.064
 28  14    162.9     65.1   0.2881  57.6121   0.0050  50.0000  -516.715
 28  15    163.4     64.6   0.2791  55.8272   0.0050  48.0807  -512.780
 28  16    163.4     64.6   0.2791  55.8272   0.0050  48.0807  -512.780
 28  17    163.4     64.6   0.2791  55.8272   0.0050  48.0807  -512.780
 28  18    162.3     65.7   0.2802  56.0375   0.0050  49.0463  -518.547
 28  19    162.1     65.9   0.2683  53.6592   0.0050  47.0874  -517.874
 28  20    162.2     65.8   0.2668  53.3512   0.0050  46.7691  -508.342
 28  21    163.5     64.5   0.2855  57.1009   0.0050  49.0380  -515.473
 28  22    163.5     64.5   0.2092  41.8382   0.0050  35.9794  -493.932
 28  23    163.5     64.5   0.2092  41.8382   0.0050  35.9794  -493.932
 28  24    163.0     65.0   0.1947  38.9305   0.0050  33.7147  -489.651
 28  25    163.4     64.6   0.2279  45.5788   0.0050  39.2589  -500.574
 28  26    162.8     65.2   0.2458  49.1669   0.0050  42.7124  -504.967
 28  27    162.8     65.2   0.2458  49.1669   0.0050  42.7124  -504.967
 29   1    163.1     64.9   0.2892  57.8307   0.0050  50.0000  -552.448
 29   2    163.8     64.2   0.2921  58.4270   0.0050  50.0000  -551.254
 29   3    163.9     64.1   0.2928  58.5564   0.0050  50.0000  -521.692
 29   4    163.7     64.3   0.2918  58.3572   0.0050  50.0000  -529.406
 29   5    164.0     64.0   0.2930  58.6061   0.0050  50.0000  -521.610
 29   6    164.0     64.0   0.2930  58.6061   0.0050  50.0000  -521.610
 29   7    163.6     64.4   0.2914  58.2760   0.0050  50.0000  -515.831
 29   8    163.6     64.4   0.2914  58.2760   0.0050  50.0000  -515.831
 29   9    163.0     65.0   0.2886  57.7142   0.0050  50.0000  -532.850
 29  10    163.4     64.6   0.2902  58.0457   0.0050  50.0000  -523.292
 29  11    163.4     64.6   0.2902  58.0457   0.0050  50.0000  -523.292
 29  12    162.8     65.2   0.2493  49.8659   0.0050  43.3028  -510.758
 29  13    163.0     65.0   0.2887  57.7315   0.0050  50.0000  -517.668
 29  14    163.1     64.9   0.2891  57.8177   0.0050  50.0000  -519.670
 29  15    163.6     64.4   0.2913  58.2575   0.0050  50.0000  -517.546
 29  16    163.6     64.4   0.2913  58.2575   0.0050  50.0000  -517.546
 29  17    163.6     64.4   0.2913  58.2575   0.0050  50.0000  -517.546
 29  18    162.5     65.5   0.2866  57.3276   0.0050  50.0000  -521.511
 29  19    162.3     65.7   0.2782  55.6350   0.0050  48.6578  -519.613
 29  20    162.4     65.6   0.2753  55.0675   0.0050  48.0961  -512.013
 29  21    163.8     64.2   0.2453  49.0516   0.0050  41.9768  -506.038
 29  22    163.7     64.3   0.2242  44.8430   0.0050  38.4314  -500.492
 29  23    163.7     64.3   0.2242  44.8430   0.0050  38.4314  -500.492
 29  24    163.2     64.8   0.2437  48.7330   0.0050  42.0656  -502.289
 29  25    163.6     64.4   0.2482  49.6453   0.0050  42.6157  -505.374
 29  26    163.0     65.0   0.2334  46.6862   0.0050  40.4223  -502.564
 29  27    163.0     65.0   0.2334  46.6862   0.0050  40.4223  -502.564
 29  28    163.4     64.6   0.1340  26.8079   0.0050  23.0837  -464.925
 30   1    163.1     64.9   0.2892  57.8307   0.0050  50.0000  -552.448
 30   2    163.8     64.2   0.2921  58.4270   0.0050  50.0000  -551.254
 30   3    163.9     64.1   0.2928  58.5564   0.0050  50.0000  -521.692
 30   4    163.7     64.3   0.2918  58.3572   0.0050  50.0000  -529.406
 30   5    164.0     64.0   0.2930  58.6061   0.0050  50.0000  -521.610
 30   6    164.0     64.0   0.2930  58.6061   0.0050  50.0000  -521.610
 30   7    163.6     64.4   0.2914  58.2760   0.0050  50.0000  -515.831
 30   8    163.6     64.4   0.2914  58.2760   0.0050  50.0000  -515.831
 30   9    163.0     65.0   0.2886  57.7142   0.0050  50.0000  -532.850
 30  10    163.4     64.6   0.2902  58.0457   0.0050  50.0000  -523.292
 30  11    163.4     64.6   0.2902  58.0457   0.0050  50.0000  -523.292
 30  12    162.8     65.2   0.2493  49.8659   0.0050  43.3028  -510.758
 30  13    163.0     65.0   0.2887  57.7315   0.0050  50.0000  -517.668
 30  14    163.1     64.9   0.2891  57.8177   0.0050  50.0000  -519.670
 30  15    163.6     64.4   0.2913  58.2575   0.0050  50.0000  -517.546
 30  16    163.6     64.4   0.2913  58.2575   0.0050  50.0000  -517.546
 30  17    163.6     64.4   0.2913  58.2575   0.0050  50.0000  -517.546
 30  18    162.5     65.5   0.2866  57.3276   0.0050  50.0000  -521.511
 30  19    162.3     65.7   0.2782  55.6350   0.0050  48.6578  -519.613
 30  20    162.4     65.6   0.2753  55.0675   0.0050  48.0961  -512.013
 30  21    163.8     64.2   0.2453  49.0516   0.0050  41.9768  -506.038
 30  22    163.7     64.3   0.2242  44.8430   0.0050  38.4314  -500.492
 30  23    163.7     64.3   0.2242  44.8430   0.0050  38.4314  -500.492
 30  24    163.2     64.8   0.2437  48.7330   0.0050  42.0656  -502.289
 30  25    163.6     64.4   0.2482  49.6453   0.0050  42.6157  -505.374
 30  26    163.0     65.0   0.2334  46.6862   0.0050  40.4223  -502.564
 30  27    163.0     65.0   0.2334  46.6862   0.0050  40.4223  -502.564
 30  28    163.4     64.6   0.1340  26.8079   0.0050  23.0837  -464.925
 30  29    163.6     64.4   0.0000   0.0000   0.0050   0.0000  -306.145
 31   1    162.7     65.3   0.2874  57.4734   0.0050  50.0000  -543.531
 31   2    163.3     64.7   0.2902  58.0396   0.0050  50.0000  -553.476
 31   3    163.5     64.5   0.2907  58.1363   0.0050  50.0000  -516.315
 31   4    163.3     64.7   0.2898  57.9672   0.0050  50.0000  -530.109
 31   5    163.5     64.5   0.2910  58.2042   0.0050  50.0000  -519.774
 31   6    163.5     64.5   0.2910  58.2042   0.0050  50.0000  -519.774
 31   7    163.2     64.8   0.2895  57.9073   0.0050  50.0000  -515.368
 31   8    163.2     64.8   0.2895  57.9073   0.0050  50.0000  -515.368
 31   9    162.6     65.4   0.2868  57.3575   0.0050  50.0000  -537.086
 31  10    162.9     65.1   0.2884  57.6832   0.0050  50.0000  -514.771
 31  11    162.9     65.1   0.2884  57.6832   0.0050  50.0000  -514.771
 31  12    162.4     65.6   0.2280  45.5916   0.0050  39.8530  -506.095
 31  13    162.5     65.5   0.2685  53.6979   0.0050  46.8302  -511.718
 31  14    162.6     65.4   0.2492  49.8372   0.0050  43.3982  -505.709
 31  15    163.1     64.9   0.2580  51.6038   0.0050  44.6066  -505.675
 31  16    163.1     64.9   0.2580  51.6038   0.0050  44.6066  -505.675
 31  17    163.1     64.9   0.2580  51.6038   0.0050  44.6066  -505.675
 31  18    162.1     65.9   0.2780  55.5942   0.0050  48.7930  -517.215
 31  19    161.9     66.1   0.2841  56.8190   0.0050  50.0000  -521.039
 31  20    162.0     66.0   0.2517  50.3437   0.0050  44.2538  -506.116
 31  21    163.3     64.7   0.2609  52.1701   0.0050  44.9435  -507.320
 31  22    163.2     64.8   0.2094  41.8745   0.0050  36.1440  -498.122
 31  23    163.2     64.8   0.2094  41.8745   0.0050  36.1440  -498.122
 31  24    162.8     65.2   0.2510  50.1970   0.0050  43.6097  -506.509
 31  25    163.1     64.9   0.2270  45.4057   0.0050  39.2503  -497.863
 31  26    162.6     65.4   0.2563  51.2507   0.0050  44.6509  -505.949
 31  27    162.6     65.4   0.2563  51.2507   0.0050  44.6509  -505.949
 31  28    162.9     65.1   0.1402  28.0454   0.0050  24.3077  -469.012
 31  29    163.2     64.8   0.1123  22.4577   0.0050  19.3993  -455.717
 31  30    163.2     64.8   0.1123  22.4577   0.0050  19.3993  -455.717
 32   1    162.6     65.4   0.2869  57.3852   0.0050  50.0000  -561.894
 32   2    163.2     64.8   0.2896  57.9297   0.0050  50.0000  -553.773
 32   3    163.3     64.7   0.2900  58.0063   0.0050  50.0000  -527.428
 32   4    163.1     64.9   0.2893  57.8509   0.0050  50.0000  -531.015
 32   5    163.4     64.6   0.2904  58.0882   0.0050  50.0000  -524.342
 32   6    163.4     64.6   0.2904  58.0882   0.0050  50.0000  -524.342
 32   7    163.1     64.9   0.2784  55.6800   0.0050  48.1653  -517.943
 32   8    163.1     64.9   0.2784  55.6800   0.0050  48.1653  -517.943
 32   9    162.4     65.6   0.2863  57.2604   0.0050  50.0000  -542.745
 32  10    162.8     65.2   0.2879  57.5853   0.0050  50.0000  -524.323
 32  11    162.8     65.2   0.2879  57.5853   0.0050  50.0000  -524.323
 32  12    162.3     65.7   0.2805  56.1049   0.0050  49.1225  -521.098
 32  13    162.4     65.6   0.2861  57.2228   0.0050  50.0000  -531.633
 32  14    162.5     65.5   0.2865  57.3093   0.0050  50.0000  -530.073
 32  15    163.0     65.0   0.2886  57.7298   0.0050  50.0000  -529.936
 32  16    163.0     65.0   0.2886  57.7298   0.0050  50.0000  -529.936
 32  17    163.0     65.0   0.2886  57.7298   0.0050  50.0000  -529.936
 32  18    162.0     66.0   0.2743  54.8570   0.0050  48.2241  -516.838
 32  19    161.8     66.2   0.2739  54.7771   0.0050  48.2746  -518.324
 32  20    161.9     66.1   0.2633  52.6631   0.0050  46.3748  -511.781
 32  21    163.2     64.8   0.2896  57.9297   0.0050  50.0000  -518.094
 32  22    163.1     64.9   0.2401  48.0219   0.0050  41.5309  -505.930
 32  23    163.1     64.9   0.2401  48.0219   0.0050  41.5309  -505.930
 32  24    162.7     65.3   0.2371  47.4127   0.0050  41.2573  -505.159
 32  25    163.0     65.0   0.2224  44.4882   0.0050  38.5302  -500.983
 32  26    162.5     65.5   0.2438  48.7553   0.0050  42.5428  -504.226
 32  27    162.5     65.5   0.2438  48.7553   0.0050  42.5428  -504.226
 32  28    162.8     65.2   0.1273  25.4629   0.0050  22.1090  -466.785
 32  29    163.1     64.9   0.1249  24.9819   0.0050  21.6172  -464.521
 32  30    163.1     64.9   0.1249  24.9819   0.0050  21.6172  -464.521
 32  31    162.6     65.4   0.1470  29.4095   0.0050  25.6054  -474.570
 33   1    162.0     66.0   0.2842  56.8397   0.0050  50.0000  -552.855
 33   2    162.6     65.4   0.2869  57.3877   0.0050  50.0000  -553.942
 33   3    162.7     65.3   0.2873  57.4593   0.0050  50.0000  -526.720
 33   4    162.5     65.5   0.2865  57.2977   0.0050  50.0000  -536.724
 33   5    162.8     65.2   0.2878  57.5542   0.0050  50.0000  -532.514
 33   6    162.8     65.2   0.2878  57.5542   0.0050  50.0000  -532.514
 33   7    162.4     65.6   0.2862  57.2431   0.0050  50.0000  -526.285
 33   8    162.4     65.6   0.2862  57.2431   0.0050  50.0000  -526.285
 33   9    161.8     66.2   0.2835  56.6933   0.0050  50.0000  -539.552
 33  10    162.2     65.8   0.2852  57.0302   0.0050  50.0000  -529.434
 33  11    162.2     65.8   0.2852  57.0302   0.0050  50.0000  -529.434
 33  12    161.6     66.4   0.2304  46.0744   0.0050  40.7194  -508.197
 33  13    161.8     66.2   0.2834  56.6763   0.0050  50.0000  -520.934
 33  14    161.9     66.1   0.2838  56.7660   0.0050  50.0000  -526.893
 33  15    162.4     65.6   0.2860  57.2040   0.0050  50.0000  -523.502
 33  16    162.4     65.6   0.2860  57.2040   0.0050  50.0000  -523.502
 33  17    162.4     65.6   0.2860  57.2040   0.0050  50.0000  -523.502
 33  18    161.3     66.7   0.2639  52.7729   0.0050  46.8547  -514.519
 33  19    161.2     66.8   0.2570  51.4039   0.0050  45.7486  -513.420
 33  20    161.2     66.8   0.2511  50.2285   0.0050  44.6795  -514.153
 33  21    162.6     65.4   0.2237  44.7481   0.0050  38.9875  -503.466
 33  22    162.5     65.5   0.1928  38.5566   0.0050  33.6486  -497.270
 33  23    162.5     65.5   0.1928  38.5566   0.0050  33.6486  -497.270
 33  24    162.1     65.9   0.1838  36.7509   0.0050  32.2799  -496.078
 33  25    162.4     65.6   0.2110  42.2071   0.0050  36.8903  -499.731
 33  26    161.9     66.1   0.2621  52.4116   0.0050  46.1752  -513.544
 33  27    161.9     66.1   0.2621  52.4116   0.0050  46.1752  -513.544
 33  28    162.2     65.8   0.2087  41.7471   0.0050  36.5966  -497.483
 33  29    162.4     65.6   0.1919  38.3753   0.0050  33.5171  -490.543
 33  30    162.4     65.6   0.1919  38.3753   0.0050  33.5171  -490.543
 33  31    162.0     66.0   0.2001  40.0283   0.0050  35.1862  -493.588
 33  32    161.9     66.1   0.1722  34.4476   0.0050  30.3344  -489.969
 34   1    162.0     66.0   0.2842  56.8397   0.0050  50.0000  -552.855
 34   2    162.6     65.4   0.2869  57.3877   0.0050  50.0000  -553.942
 34   3    162.7     65.3   0.2873  57.4593   0.0050  50.0000  -526.720
 34   4    162.5     65.5   0.2865  57.2977   0.0050  50.0000  -536.724
 34   5    162.8     65.2   0.2878  57.5542   0.0050  50.0000  -532.514
 34   6    162.8     65.2   0.2878  57.5542   0.0050  50.0000  -532.514
 34   7    162.4     65.6   0.2862  57.2431   0.0050  50.0000  -526.285
 34   8    162.4     65.6   0.2862  57.2431   0.0050  50.0000  -526.285
 34   9    161.8     66.2   0.2835  56.6933   0.0050  50.0000  -539.552
 34  10    162.2     65.8   0.2852  57.0302   0.0050  50.0000  -529.434
 34  11    162.2     65.8   0.2852  57.0302   0.0050  50.0000  -529.434
 34  12    161.6     66.4   0.2304  46.0744   0.0050  40.7194  -508.197
 34  13    161.8     66.2   0.2834  56.6763   0.0050  50.0000  -520.934
 34  14    161.9     66.1   0.2838  56.7660   0.0050  50.0000  -526.893
 34  15    162.4     65.6   0.2860  57.2040   0.0050  50.0000  -523.502
 34  16    162.4     65.6   0.2860  57.2040   0.0050  50.0000  -523.502
 34  17    162.4     65.6   0.2860  57.2040   0.0050  50.0000  -523.502
 34  18    161.3     66.7   0.2639  52.7729   0.0050  46.8547  -514.519
 34  19    161.2     66.8   0.2570  51.4039   0.0050  45.7486  -513.420
 34  20    161.2     66.8   0.2511  50.2285   0.0050  44.6795  -514.153
 34  21    162.6     65.4   0.2237  44.7481   0.0050  38.9875  -503.466
 34  22    162.5     65.5   0.1928  38.5566   0.0050  33.6486  -497.270
 34  23    162.5     65.5   0.1928  38.5566   0.0050  33.6486  -497.270
 34  24    162.1     65.9   0.1838  36.7509   0.0050  32.2799  -496.078
 34  25    162.4     65.6   0.2110  42.2071   0.0050  36.8903  -499.731
 34  26    161.9     66.1   0.2621  52.4116   0.0050  46.1752  -513.544
 34  27    161.9     66.1   0.2621  52.4116   0.0050  46.1752  -513.544
 34  28    162.2     65.8   0.2087  41.7471   0.0050  36.5966  -497.483
 34  29    162.4     65.6   0.1919  38.3753   0.0050  33.5171  -490.543
 34  30    162.4     65.6   0.1919  38.3753   0.0050  33.5171  -490.543
 34  31    162.0     66.0   0.2001  40.0283   0.0050  35.1862  -493.588
 34  32    161.9     66.1   0.1722  34.4476   0.0050  30.3344  -489.969
 34  33    161.2     66.8   0.0000   0.0000   0.0050   0.0000  -308.944
 35   1    162.5     65.5   0.2866  57.3289   0.0050  50.0000  -558.804
 35   2    163.3     64.7   0.2898  57.9690   0.0050  50.0000  -551.445
 35   3    163.4     64.6   0.2906  58.1238   0.0050  50.0000  -516.372
 35   4    163.2     64.8   0.2895  57.9033   0.0050  50.0000  -535.348
 35   5    163.5     64.5   0.2908  58.1624   0.0050  50.0000  -525.785
 35   6    163.5     64.5   0.2908  58.1624   0.0050  50.0000  -525.785
 35   7    163.1     64.9   0.2890  57.8065   0.0050  50.0000  -520.293
 35   8    163.1     64.9   0.2890  57.8065   0.0050  50.0000  -520.293
 35   9    162.4     65.6   0.2861  57.2156   0.0050  50.0000  -545.984
 35  10    162.8     65.2   0.2878  57.5585   0.0050  50.0000  -528.154
 35  11    162.8     65.2   0.2878  57.5585   0.0050  50.0000  -528.154
 35  12    162.2     65.8   0.2150  42.9915   0.0050  37.6559  -499.083
 35  13    162.4     65.6   0.2863  57.2546   0.0050  50.0000  -523.747
 35  14    162.5     65.5   0.2867  57.3429   0.0050  50.0000  -523.995
 35  15    163.1     64.9   0.2890  57.8027   0.0050  50.0000  -521.907
 35  16    163.1     64.9   0.2890  57.8027   0.0050  50.0000  -521.907
 35  17    163.1     64.9   0.2890  57.8027   0.0050  50.0000  -521.907
 35  18    161.9     66.1   0.2648  52.9664   0.0050  46.6112  -512.391
 35  19    161.7     66.3   0.2824  56.4738   0.0050  49.8451  -517.782
 35  20    161.8     66.2   0.2659  53.1728   0.0050  46.8526  -513.435
 35  21    163.3     64.7   0.2898  57.9690   0.0050  50.0000  -512.793
 35  22    163.2     64.8   0.2638  52.7650   0.0050  45.5740  -511.596
 35  23    163.2     64.8   0.2638  52.7650   0.0050  45.5740  -511.596
 35  24    162.7     65.3   0.2574  51.4710   0.0050  44.8074  -507.671
 35  25    163.1     64.9   0.2314  46.2867   0.0050  40.0482  -498.892
 35  26    162.4     65.6   0.2185  43.6942   0.0050  38.1643  -495.209
 35  27    162.4     65.6   0.2185  43.6941   0.0050  38.1643  -495.209
 35  28    162.8     65.2   0.2228  44.5534   0.0050  38.6821  -498.805
 35  29    163.1     64.9   0.2062  41.2447   0.0050  35.6850  -495.339
 35  30    163.1     64.9   0.2062  41.2447   0.0050  35.6850  -495.339
 35  31    162.6     65.4   0.2327  46.5437   0.0050  40.5527  -501.895
 35  32    162.5     65.5   0.1553  31.0632   0.0050  27.1155  -480.450
 35  33    161.8     66.2   0.1818  36.3657   0.0050  32.0432  -489.792
 35  34    161.8     66.2   0.1818  36.3657   0.0050  32.0432  -489.792
 36   1    163.4     64.6   0.2903  58.0697   0.0050  50.0000  -543.565
 36   2    164.1     63.9   0.2934  58.6830   0.0050  50.0000  -547.134
 36   3    164.2     63.8   0.2942  58.8324   0.0050  50.0000  -529.727
 36   4    164.0     64.0   0.2931  58.6191   0.0050  50.0000  -535.969
 36   5    164.3     63.7   0.2943  58.8676   0.0050  50.0000  -534.399
 36   6    164.3     63.7   0.2943  58.8676   0.0050  50.0000  -534.399
 36   7    163.9     64.1   0.2926  58.5277   0.0050  50.0000  -528.493
 36   8    163.9     64.1   0.2926  58.5277   0.0050  50.0000  -528.493
 36   9    163.3     64.7   0.2898  57.9611   0.0050  50.0000  -552.527
 36  10    163.6     64.4   0.2915  58.2918   0.0050  50.0000  -531.202
 36  11    163.6     64.4   0.2915  58.2918   0.0050  50.0000  -531.202
 36  12    163.1     64.9   0.2202  44.0387   0.0050  38.0800  -497.665
 36  13    163.3     64.7   0.2700  53.9999   0.0050  46.5563  -510.316
 36  14    163.4     64.6   0.2670  53.3965   0.0050  45.9686  -508.406
 36  15    163.9     64.1   0.2749  54.9722   0.0050  46.9676  -507.381
 36  16    163.9     64.1   0.2749  54.9722   0.0050  46.9676  -507.381
 36  17    163.9     64.1   0.2749  54.9722   0.0050  46.9676  -507.381
 36  18    162.8     65.2   0.2442  48.8395   0.0050  42.4153  -502.399
 36  19    162.6     65.4   0.2602  52.0414   0.0050  45.3259  -508.146
 36  20    162.7     65.3   0.2815  56.2962   0.0050  48.9523  -507.953
 36  21    164.1     63.9   0.2268  45.3513   0.0050  38.6410  -495.194
 36  22    164.0     64.0   0.2081  41.6212   0.0050  35.5105  -493.784
 36  23    164.0     64.0   0.2081  41.6212   0.0050  35.5105  -493.784
 36  24    163.5     64.5   0.2254  45.0790   0.0050  38.7485  -499.068
 36  25    163.9     64.1   0.2135  42.6954   0.0050  36.4872  -489.738
 36  26    163.3     64.7   0.2361  47.2258   0.0050  40.7201  -493.846
 36  27    163.3     64.7   0.2361  47.2258   0.0050  40.7201  -493.846
 36  28    163.7     64.3   0.1924  38.4827   0.0050  32.9932  -488.584
 36  29    163.9     64.1   0.2577  51.5358   0.0050  44.0393  -501.603
 36  30    163.9     64.1   0.2577  51.5358   0.0050  44.0393  -501.603
 36  31    163.4     64.6   0.1988  39.7540   0.0050  34.1968  -485.588
 36  32    163.3     64.7   0.2192  43.8488   0.0050  37.7852  -493.687
 36  33    162.7     65.3   0.1455  29.0946   0.0050  25.2992  -477.115
 36  34    162.7     65.3   0.1455  29.0946   0.0050  25.2992  -477.115
 36  35    163.4     64.6   0.1861  37.2138   0.0050  32.0529  -480.422
 37   1    163.1     64.9   0.2892  57.8471   0.0050  50.0000  -549.922
 37   2    163.9     64.1   0.2926  58.5168   0.0050  50.0000  -544.681
 37   3    164.1     63.9   0.2935  58.7034   0.0050  50.0000  -523.919
 37   4    163.8     64.2   0.2922  58.4463   0.0050  50.0000  -532.157
 37   5    164.1     63.9   0.2936  58.7298   0.0050  50.0000  -531.519
 37   6    164.1     63.9   0.2936  58.7298   0.0050  50.0000  -531.519
 37   7    163.7     64.3   0.2916  58.3239   0.0050  50.0000  -528.378
 37   8    163.7     64.3   0.2916  58.3239   0.0050  50.0000  -528.378
 37   9    163.0     65.0   0.2886  57.7187   0.0050  50.0000  -547.882
 37  10    163.4     64.6   0.2904  58.0742   0.0050  50.0000  -536.183
 37  11    163.4     64.6   0.2904  58.0742   0.0050  50.0000  -536.183
 37  12    162.9     65.1   0.2514  50.2852   0.0050  43.6252  -509.685
 37  13    163.1     64.9   0.2891  57.8172   0.0050  50.0000  -517.188
 37  14    163.2     64.8   0.2895  57.9074   0.0050  50.0000  -519.321
 37  15    163.7     64.3   0.2920  58.3927   0.0050  50.0000  -518.886
 37  16    163.7     64.3   0.2920  58.3927   0.0050  50.0000  -518.886
 37  17    163.7     64.3   0.2920  58.3927   0.0050  50.0000  -518.886
 37  18    162.5     65.5   0.2450  49.0006   0.0050  42.7381  -509.384
 37  19    162.3     65.7   0.2733  54.6587   0.0050  47.8159  -517.442
 37  20    162.4     65.6   0.2819  56.3815   0.0050  49.2356  -511.369
 37  21    163.9     64.1   0.2221  44.4200   0.0050  37.9549  -495.381
 37  22    163.8     64.2   0.2349  46.9795   0.0050  40.1664  -500.643
 37  23    163.8     64.2   0.2349  46.9795   0.0050  40.1664  -500.643
 37  24    163.3     64.7   0.2153  43.0694   0.0050  37.1440  -498.547
 37  25    163.7     64.3   0.1765  35.3005   0.0050  30.2384  -481.476
 37  26    163.0     65.0   0.2190  43.8069   0.0050  37.9204  -495.212
 37  27    163.0     65.0   0.2190  43.8069   0.0050  37.9204  -495.212
 37  28    163.4     64.6   0.2063  41.2627   0.0050  35.4939  -493.335
 37  29    163.7     64.3   0.2434  48.6773   0.0050  41.7215  -500.673
 37  30    163.7     64.3   0.2434  48.6773   0.0050  41.7215  -500.673
 37  31    163.2     64.8   0.2425  48.5062   0.0050  41.8819  -502.909
 37  32    163.1     64.9   0.1773  35.4541   0.0050  30.6768  -487.988
 37  33    162.4     65.6   0.1210  24.1955   0.0050  21.1289  -473.295
 37  34    162.4     65.6   0.1210  24.1955   0.0050  21.1289  -473.295
 37  35    163.2     64.8   0.1673  33.4667   0.0050  28.9053  -478.799
 37  36    164.0     64.0   0.0054   1.0855   0.0050   0.9261  -434.074
 38   1    163.2     64.8   0.2897  57.9459   0.0050  50.0000  -552.617
 38   2    163.9     64.1   0.2928  58.5655   0.0050  50.0000  -538.916
 38   3    164.1     63.9   0.2936  58.7149   0.0050  50.0000  -526.227
 38   4    163.8     64.2   0.2924  58.4750   0.0050  50.0000  -535.628
 38   5    164.2     63.8   0.2939  58.7715   0.0050  50.0000  -530.433
 38   6    164.2     63.8   0.2939  58.7715   0.0050  50.0000  -530.433
 38   7    163.7     64.3   0.2918  58.3656   0.0050  50.0000  -526.780
 38   8    163.7     64.3   0.2918  58.3656   0.0050  50.0000  -526.780
 38   9    163.1     64.9   0.2889  57.7846   0.0050  50.0000  -546.537
 38  10    163.5     64.5   0.2907  58.1418   0.0050  50.0000  -533.847
 38  11    163.5     64.5   0.2907  58.1418   0.0050  50.0000  -533.847
 38  12    163.0     65.0   0.1972  39.4463   0.0050  34.1584  -492.233
 38  13    163.2     64.8   0.2894  57.8847   0.0050  50.0000  -515.294
 38  14    163.3     64.7   0.2899  57.9766   0.0050  50.0000  -520.994
 38  15    163.8     64.2   0.2923  58.4606   0.0050  50.0000  -517.238
 38  16    163.8     64.2   0.2923  58.4606   0.0050  50.0000  -517.238
 38  17    163.8     64.2   0.2923  58.4606   0.0050  50.0000  -517.238
 38  18    162.6     65.4   0.2474  49.4870   0.0050  43.0966  -507.421
 38  19    162.5     65.5   0.2563  51.2650   0.0050  44.7611  -511.240
 38  20    162.5     65.5   0.2539  50.7812   0.0050  44.2941  -502.519
 38  21    163.9     64.1   0.2181  43.6265   0.0050  37.2459  -494.999
 38  22    163.9     64.1   0.2011  40.2193   0.0050  34.3455  -490.720
 38  23    163.9     64.1   0.2011  40.2193   0.0050  34.3455  -490.720
 38  24    163.4     64.6   0.1889  37.7715   0.0050  32.5200  -489.116
 38  25    163.8     64.2   0.2303  46.0594   0.0050  39.4050  -496.568
 38  26    163.1     64.9   0.2158  43.1545   0.0050  37.2931  -492.016
 38  27    163.1     64.9   0.2158  43.1545   0.0050  37.2931  -492.016
 38  28    163.5     64.5   0.2010  40.1985   0.0050  34.5396  -488.687
 38  29    163.8     64.2   0.2292  45.8330   0.0050  39.2324  -493.998
 38  30    163.8     64.2   0.2292  45.8330   0.0050  39.2324  -493.998
 38  31    163.3     64.7   0.2360  47.2048   0.0050  40.6958  -498.007
 38  32    163.2     64.8   0.2033  40.6657   0.0050  35.1347  -492.126
 38  33    162.5     65.5   0.1230  24.6016   0.0050  21.4588  -469.981
 38  34    162.5     65.5   0.1230  24.6016   0.0050  21.4588  -469.981
 38  35    163.3     64.7   0.1751  35.0179   0.0050  30.2033  -476.099
 38  36    164.1     63.9   0.0057   1.1347   0.0050   0.9667  -443.953
 38  37    163.9     64.1   0.0026   0.5117   0.0050   0.4370  -408.371

