Supplemental results for CODEML (seqf: /gpfs/scratch/cltucker/EBH381-Group-Project/SIV_aligned_VPX.fas  treef: )


pairwise comparison (Goldman & Yang 1994)
seq seq        N       S       dN       dS     dN/dS   Paras.
  2   1    166.3     61.7   0.2623   0.8745   0.3000   1.2843  -504.504
  3   1    166.3     61.7   0.2715   0.9051   0.3000   1.3289  -503.864
  3   2    167.1     60.9   0.2940   0.9799   0.3000   1.4321  -505.236
  4   1    166.1     61.9   0.2978   0.9928   0.3000   1.4591  -512.849
  4   2    166.8     61.2   0.3186   1.0621   0.3000   1.5542  -507.523
  4   3    166.9     61.1   0.1498   0.4994   0.3000   0.7304  -443.894
  5   1    166.5     61.5   0.2507   0.8356   0.3000   1.2257  -500.699
  5   2    167.2     60.8   0.2105   0.7018   0.3000   1.0247  -482.751
  5   3    167.3     60.7   0.1292   0.4307   0.3000   0.6284  -439.432
  5   4    167.1     60.9   0.1401   0.4669   0.3000   0.6823  -443.854
  6   1    166.5     61.5   0.2507   0.8356   0.3000   1.2257  -500.699
  6   2    167.2     60.8   0.2105   0.7018   0.3000   1.0247  -482.751
  6   3    167.3     60.7   0.1292   0.4307   0.3000   0.6284  -439.432
  6   4    167.1     60.9   0.1401   0.4669   0.3000   0.6823  -443.854
  6   5    167.4     60.6   0.0000   0.0000   0.3000   0.0000  -304.678
  7   1    166.1     61.9   0.2444   0.8147   0.3000   1.1976  -495.916
  7   2    166.8     61.2   0.2248   0.7494   0.3000   1.0972  -487.302
  7   3    166.8     61.2   0.1231   0.4102   0.3000   0.6003  -434.503
  7   4    166.6     61.4   0.1191   0.3971   0.3000   0.5818  -435.473
  7   5    167.0     61.0   0.0323   0.1077   0.3000   0.1575  -353.320
  7   6    167.0     61.0   0.0323   0.1077   0.3000   0.1575  -353.320
  8   1    166.1     61.9   0.2444   0.8147   0.3000   1.1976  -495.916
  8   2    166.8     61.2   0.2248   0.7494   0.3000   1.0972  -487.302
  8   3    166.8     61.2   0.1231   0.4102   0.3000   0.6003  -434.503
  8   4    166.6     61.4   0.1191   0.3971   0.3000   0.5818  -435.473
  8   5    167.0     61.0   0.0323   0.1077   0.3000   0.1575  -353.320
  8   6    167.0     61.0   0.0323   0.1077   0.3000   0.1575  -353.320
  8   7    166.6     61.4   0.0000   0.0000   0.3000   0.0000  -304.843
  9   1    165.4     62.6   0.2866   0.9552   0.3000   1.4108  -517.947
  9   2    166.0     62.0   0.2664   0.8882   0.3000   1.3063  -502.871
  9   3    166.1     61.9   0.1388   0.4626   0.3000   0.6803  -450.089
  9   4    165.9     62.1   0.1522   0.5073   0.3000   0.7468  -459.833
  9   5    166.2     61.8   0.0881   0.2937   0.3000   0.4314  -412.074
  9   6    166.2     61.8   0.0881   0.2937   0.3000   0.4314  -412.074
  9   7    165.9     62.1   0.0812   0.2706   0.3000   0.3984  -409.206
  9   8    165.9     62.1   0.0812   0.2706   0.3000   0.3984  -409.206
 10   1    165.8     62.2   0.2107   0.7022   0.3000   1.0342  -489.830
 10   2    166.5     61.5   0.3028   1.0095   0.3000   1.4804  -507.666
 10   3    166.5     61.5   0.1567   0.5222   0.3000   0.7656  -449.004
 10   4    166.4     61.6   0.1518   0.5059   0.3000   0.7426  -450.438
 10   5    166.7     61.3   0.0894   0.2979   0.3000   0.4363  -405.157
 10   6    166.7     61.3   0.0894   0.2979   0.3000   0.4363  -405.157
 10   7    166.3     61.7   0.0745   0.2484   0.3000   0.3647  -392.436
 10   8    166.3     61.7   0.0745   0.2484   0.3000   0.3647  -392.436
 10   9    165.6     62.4   0.0887   0.2957   0.3000   0.4360  -418.919
 11   1    165.8     62.2   0.2107   0.7022   0.3000   1.0342  -489.830
 11   2    166.5     61.5   0.3028   1.0095   0.3000   1.4804  -507.666
 11   3    166.5     61.5   0.1567   0.5222   0.3000   0.7656  -449.004
 11   4    166.4     61.6   0.1518   0.5059   0.3000   0.7426  -450.438
 11   5    166.7     61.3   0.0894   0.2979   0.3000   0.4363  -405.157
 11   6    166.7     61.3   0.0894   0.2979   0.3000   0.4363  -405.157
 11   7    166.3     61.7   0.0745   0.2484   0.3000   0.3647  -392.436
 11   8    166.3     61.7   0.0745   0.2484   0.3000   0.3647  -392.436
 11   9    165.6     62.4   0.0887   0.2957   0.3000   0.4360  -418.919
 11  10    166.1     61.9   0.0000   0.0000   0.3000   0.0000  -306.211
 12   1    165.2     62.8   0.4005   1.3350   0.3000   1.9743  -543.858
 12   2    165.9     62.1   0.3699   1.2329   0.3000   1.8146  -534.307
 12   3    166.0     62.0   0.3181   1.0604   0.3000   1.5597  -516.446
 12   4    165.8     62.2   0.3660   1.2198   0.3000   1.7965  -530.891
 12   5    166.1     61.9   0.3183   1.0611   0.3000   1.5596  -520.637
 12   6    166.1     61.9   0.3183   1.0611   0.3000   1.5596  -520.637
 12   7    165.8     62.2   0.2857   0.9522   0.3000   1.4030  -515.548
 12   8    165.8     62.2   0.2857   0.9522   0.3000   1.4030  -515.548
 12   9    165.0     63.0   0.3458   1.1527   0.3000   1.7065  -532.754
 12  10    165.4     62.6   0.3172   1.0574   0.3000   1.5610  -521.668
 12  11    165.4     62.6   0.3172   1.0574   0.3000   1.5610  -521.668
 13   1    165.3     62.7   0.3221   1.0735   0.3000   1.5863  -529.257
 13   2    166.0     62.0   0.4896   1.6319   0.3000   2.3999  -555.981
 13   3    166.2     61.8   0.2970   0.9901   0.3000   1.4551  -514.628
 13   4    165.9     62.1   0.3817   1.2722   0.3000   1.8724  -535.402
 13   5    166.3     61.7   0.3500   1.1668   0.3000   1.7134  -528.590
 13   6    166.3     61.7   0.3500   1.1668   0.3000   1.7134  -528.590
 13   7    165.8     62.2   0.3327   1.1090   0.3000   1.6331  -524.524
 13   8    165.8     62.2   0.3327   1.1090   0.3000   1.6331  -524.524
 13   9    165.1     62.9   0.3793   1.2644   0.3000   1.8709  -539.148
 13  10    165.5     62.5   0.3080   1.0266   0.3000   1.5145  -519.357
 13  11    165.5     62.5   0.3080   1.0266   0.3000   1.5145  -519.357
 13  12    164.9     63.1   0.2193   0.7309   0.3000   1.0823  -495.331
 14   1    165.4     62.6   0.3423   1.1410   0.3000   1.6847  -531.321
 14   2    166.2     61.8   0.5020   1.6732   0.3000   2.4588  -556.728
 14   3    166.3     61.7   0.3030   1.0098   0.3000   1.4829  -514.378
 14   4    166.0     62.0   0.3929   1.3097   0.3000   1.9262  -536.625
 14   5    166.4     61.6   0.3687   1.2292   0.3000   1.8036  -531.582
 14   6    166.4     61.6   0.3687   1.2292   0.3000   1.8036  -531.582
 14   7    166.0     62.0   0.3510   1.1700   0.3000   1.7215  -527.961
 14   8    166.0     62.0   0.3510   1.1700   0.3000   1.7215  -527.961
 14   9    165.2     62.8   0.4012   1.3374   0.3000   1.9773  -542.200
 14  10    165.7     62.3   0.3346   1.1153   0.3000   1.6442  -523.722
 14  11    165.7     62.3   0.3346   1.1153   0.3000   1.6442  -523.722
 14  12    165.1     62.9   0.2387   0.7955   0.3000   1.1771  -498.708
 14  13    165.2     62.8   0.0225   0.0748   0.3000   0.1106  -346.935
 15   1    166.0     62.0   0.3209   1.0697   0.3000   1.5739  -526.117
 15   2    166.8     61.2   0.4709   1.5697   0.3000   2.2981  -552.014
 15   3    166.9     61.1   0.2973   0.9909   0.3000   1.4493  -511.933
 15   4    166.6     61.4   0.3707   1.2356   0.3000   1.8102  -531.981
 15   5    167.0     61.0   0.3467   1.1558   0.3000   1.6896  -526.356
 15   6    167.0     61.0   0.3467   1.1558   0.3000   1.6896  -526.356
 15   7    166.5     61.5   0.3290   1.0966   0.3000   1.6077  -522.537
 15   8    166.5     61.5   0.3290   1.0966   0.3000   1.6077  -522.537
 15   9    165.8     62.2   0.3763   1.2542   0.3000   1.8476  -537.638
 15  10    166.2     61.8   0.3139   1.0464   0.3000   1.5369  -518.590
 15  11    166.2     61.8   0.3139   1.0464   0.3000   1.5369  -518.590
 15  12    165.7     62.3   0.2318   0.7728   0.3000   1.1392  -496.180
 15  13    165.8     62.2   0.0226   0.0755   0.3000   0.1112  -344.661
 15  14    166.0     62.0   0.0140   0.0466   0.3000   0.0686  -331.773
 16   1    166.0     62.0   0.3209   1.0697   0.3000   1.5739  -526.117
 16   2    166.8     61.2   0.4709   1.5697   0.3000   2.2981  -552.014
 16   3    166.9     61.1   0.2973   0.9909   0.3000   1.4493  -511.933
 16   4    166.6     61.4   0.3707   1.2356   0.3000   1.8102  -531.981
 16   5    167.0     61.0   0.3467   1.1558   0.3000   1.6896  -526.356
 16   6    167.0     61.0   0.3467   1.1558   0.3000   1.6896  -526.356
 16   7    166.5     61.5   0.3290   1.0966   0.3000   1.6077  -522.537
 16   8    166.5     61.5   0.3290   1.0966   0.3000   1.6077  -522.537
 16   9    165.8     62.2   0.3763   1.2542   0.3000   1.8476  -537.638
 16  10    166.2     61.8   0.3139   1.0464   0.3000   1.5369  -518.590
 16  11    166.2     61.8   0.3139   1.0464   0.3000   1.5369  -518.590
 16  12    165.7     62.3   0.2318   0.7728   0.3000   1.1392  -496.180
 16  13    165.8     62.2   0.0226   0.0755   0.3000   0.1112  -344.661
 16  14    166.0     62.0   0.0140   0.0466   0.3000   0.0686  -331.773
 16  15    166.6     61.4   0.0000   0.0000   0.3000   0.0000  -306.765
 17   1    166.0     62.0   0.3209   1.0697   0.3000   1.5739  -526.117
 17   2    166.8     61.2   0.4709   1.5697   0.3000   2.2981  -552.014
 17   3    166.9     61.1   0.2973   0.9909   0.3000   1.4493  -511.933
 17   4    166.6     61.4   0.3707   1.2356   0.3000   1.8102  -531.981
 17   5    167.0     61.0   0.3467   1.1558   0.3000   1.6896  -526.356
 17   6    167.0     61.0   0.3467   1.1558   0.3000   1.6896  -526.356
 17   7    166.5     61.5   0.3290   1.0966   0.3000   1.6077  -522.537
 17   8    166.5     61.5   0.3290   1.0966   0.3000   1.6077  -522.537
 17   9    165.8     62.2   0.3763   1.2542   0.3000   1.8476  -537.638
 17  10    166.2     61.8   0.3139   1.0464   0.3000   1.5369  -518.590
 17  11    166.2     61.8   0.3139   1.0464   0.3000   1.5369  -518.590
 17  12    165.7     62.3   0.2318   0.7728   0.3000   1.1392  -496.180
 17  13    165.8     62.2   0.0226   0.0755   0.3000   0.1112  -344.661
 17  14    166.0     62.0   0.0140   0.0466   0.3000   0.0686  -331.773
 17  15    166.6     61.4   0.0000   0.0000   0.3000   0.0000  -306.765
 17  16    166.6     61.4   0.0000   0.0000   0.3000   0.0000  -306.765
 18   1    164.8     63.2   0.3460   1.1534   0.3000   1.7091  -536.113
 18   2    165.5     62.5   0.4092   1.3641   0.3000   2.0126  -545.706
 18   3    165.6     62.4   0.3311   1.1036   0.3000   1.6279  -524.411
 18   4    165.4     62.6   0.3532   1.1773   0.3000   1.7384  -533.417
 18   5    165.7     62.3   0.3307   1.1025   0.3000   1.6245  -525.284
 18   6    165.7     62.3   0.3307   1.1025   0.3000   1.6245  -525.284
 18   7    165.4     62.6   0.3111   1.0371   0.3000   1.5317  -520.494
 18   8    165.4     62.6   0.3111   1.0371   0.3000   1.5317  -520.494
 18   9    164.6     63.4   0.3232   1.0774   0.3000   1.5987  -530.478
 18  10    165.1     62.9   0.3527   1.1756   0.3000   1.7394  -530.622
 18  11    165.1     62.9   0.3527   1.1756   0.3000   1.7394  -530.622
 18  12    164.4     63.6   0.2272   0.7572   0.3000   1.1248  -486.278
 18  13    164.5     63.5   0.2131   0.7104   0.3000   1.0546  -485.935
 18  14    164.7     63.3   0.2300   0.7668   0.3000   1.1374  -489.396
 18  15    165.2     62.8   0.2170   0.7234   0.3000   1.0691  -483.530
 18  16    165.2     62.8   0.2170   0.7234   0.3000   1.0691  -483.530
 18  17    165.2     62.8   0.2170   0.7234   0.3000   1.0691  -483.530
 19   1    164.6     63.4   0.3119   1.0395   0.3000   1.5422  -529.547
 19   2    165.4     62.6   0.4239   1.4129   0.3000   2.0869  -550.862
 19   3    165.4     62.6   0.3302   1.1006   0.3000   1.6252  -528.979
 19   4    165.2     62.8   0.3327   1.1091   0.3000   1.6393  -532.483
 19   5    165.6     62.4   0.2916   0.9721   0.3000   1.4340  -520.759
 19   6    165.6     62.4   0.2916   0.9721   0.3000   1.4340  -520.759
 19   7    165.2     62.8   0.2957   0.9857   0.3000   1.4572  -518.547
 19   8    165.2     62.8   0.2957   0.9857   0.3000   1.4572  -518.547
 19   9    164.5     63.5   0.3207   1.0690   0.3000   1.5879  -533.143
 19  10    164.9     63.1   0.3141   1.0468   0.3000   1.5505  -524.210
 19  11    164.9     63.1   0.3141   1.0468   0.3000   1.5505  -524.210
 19  12    164.2     63.8   0.2338   0.7794   0.3000   1.1592  -489.296
 19  13    164.3     63.7   0.2516   0.8386   0.3000   1.2464  -500.122
 19  14    164.5     63.5   0.2518   0.8395   0.3000   1.2467  -500.381
 19  15    165.0     63.0   0.2341   0.7803   0.3000   1.1548  -494.560
 19  16    165.0     63.0   0.2341   0.7803   0.3000   1.1548  -494.560
 19  17    165.0     63.0   0.2341   0.7803   0.3000   1.1548  -494.560
 19  18    163.9     64.1   0.0927   0.3089   0.3000   0.4604  -414.242
 20   1    164.7     63.3   0.3183   1.0610   0.3000   1.5737  -535.609
 20   2    165.4     62.6   0.3458   1.1527   0.3000   1.7024  -532.708
 20   3    165.4     62.6   0.3673   1.2245   0.3000   1.8080  -533.694
 20   4    165.2     62.8   0.3706   1.2352   0.3000   1.8259  -538.310
 20   5    165.6     62.4   0.2871   0.9569   0.3000   1.4114  -522.143
 20   6    165.6     62.4   0.2871   0.9569   0.3000   1.4114  -522.143
 20   7    165.2     62.8   0.2774   0.9248   0.3000   1.3674  -519.196
 20   8    165.2     62.8   0.2774   0.9248   0.3000   1.3674  -519.196
 20   9    164.4     63.6   0.3022   1.0073   0.3000   1.4964  -528.779
 20  10    164.9     63.1   0.2957   0.9855   0.3000   1.4597  -526.211
 20  11    164.9     63.1   0.2957   0.9855   0.3000   1.4597  -526.211
 20  12    164.3     63.7   0.2948   0.9828   0.3000   1.4611  -512.565
 20  13    164.4     63.6   0.2969   0.9898   0.3000   1.4707  -519.022
 20  14    164.5     63.5   0.2991   0.9971   0.3000   1.4804  -518.584
 20  15    165.1     62.9   0.2784   0.9279   0.3000   1.3726  -513.289
 20  16    165.1     62.9   0.2784   0.9279   0.3000   1.3726  -513.289
 20  17    165.1     62.9   0.2784   0.9279   0.3000   1.3726  -513.289
 20  18    163.9     64.1   0.2389   0.7965   0.3000   1.1870  -493.497
 20  19    163.7     64.3   0.2230   0.7433   0.3000   1.1089  -492.459
 21   1    166.3     61.7   0.3434   1.1447   0.3000   1.6812  -527.569
 21   2    167.0     61.0   0.3437   1.1457   0.3000   1.6752  -529.103
 21   3    167.1     60.9   0.3733   1.2444   0.3000   1.8186  -525.910
 21   4    166.8     61.2   0.3920   1.3068   0.3000   1.9123  -534.961
 21   5    167.2     60.8   0.3940   1.3132   0.3000   1.9174  -533.248
 21   6    167.2     60.8   0.3940   1.3132   0.3000   1.9174  -533.248
 21   7    166.8     61.2   0.3476   1.1588   0.3000   1.6965  -527.221
 21   8    166.8     61.2   0.3476   1.1588   0.3000   1.6965  -527.221
 21   9    166.0     62.0   0.3546   1.1820   0.3000   1.7384  -535.567
 21  10    166.5     61.5   0.3657   1.2191   0.3000   1.7878  -532.335
 21  11    166.5     61.5   0.3657   1.2191   0.3000   1.7878  -532.335
 21  12    165.9     62.1   0.2734   0.9112   0.3000   1.3410  -503.851
 21  13    166.0     62.0   0.3622   1.2074   0.3000   1.7756  -524.953
 21  14    166.2     61.8   0.3728   1.2426   0.3000   1.8260  -526.848
 21  15    166.8     61.2   0.3577   1.1924   0.3000   1.7457  -523.314
 21  16    166.8     61.2   0.3577   1.1924   0.3000   1.7457  -523.314
 21  17    166.8     61.2   0.3577   1.1924   0.3000   1.7457  -523.314
 21  18    165.5     62.5   0.2831   0.9435   0.3000   1.3921  -506.874
 21  19    165.4     62.6   0.2803   0.9345   0.3000   1.3802  -510.028
 21  20    165.4     62.6   0.2587   0.8622   0.3000   1.2734  -503.930
 22   1    166.1     61.9   0.3625   1.2083   0.3000   1.7766  -542.058
 22   2    166.9     61.1   0.3150   1.0499   0.3000   1.5360  -522.002
 22   3    167.0     61.0   0.3101   1.0337   0.3000   1.5108  -515.846
 22   4    166.8     61.2   0.3248   1.0827   0.3000   1.5850  -519.992
 22   5    167.1     60.9   0.3103   1.0344   0.3000   1.5109  -516.549
 22   6    167.1     60.9   0.3103   1.0344   0.3000   1.5109  -516.549
 22   7    166.7     61.3   0.2882   0.9606   0.3000   1.4072  -513.369
 22   8    166.7     61.3   0.2882   0.9606   0.3000   1.4072  -513.369
 22   9    165.9     62.1   0.3257   1.0857   0.3000   1.5982  -526.677
 22  10    166.4     61.6   0.3393   1.1309   0.3000   1.6599  -524.831
 22  11    166.4     61.6   0.3393   1.1309   0.3000   1.6599  -524.831
 22  12    165.8     62.2   0.2014   0.6712   0.3000   0.9888  -481.135
 22  13    166.0     62.0   0.3025   1.0084   0.3000   1.4839  -518.319
 22  14    166.1     61.9   0.3237   1.0789   0.3000   1.5864  -521.968
 22  15    166.7     61.3   0.3040   1.0132   0.3000   1.4841  -516.883
 22  16    166.7     61.3   0.3040   1.0132   0.3000   1.4841  -516.883
 22  17    166.7     61.3   0.3040   1.0132   0.3000   1.4841  -516.883
 22  18    165.4     62.6   0.2672   0.8906   0.3000   1.3153  -506.278
 22  19    165.2     62.8   0.2795   0.9316   0.3000   1.3776  -510.846
 22  20    165.2     62.8   0.2507   0.8358   0.3000   1.2353  -502.455
 22  21    166.9     61.1   0.2233   0.7445   0.3000   1.0891  -489.999
 23   1    166.1     61.9   0.3625   1.2083   0.3000   1.7766  -542.058
 23   2    166.9     61.1   0.3150   1.0499   0.3000   1.5360  -522.002
 23   3    167.0     61.0   0.3101   1.0337   0.3000   1.5108  -515.846
 23   4    166.8     61.2   0.3248   1.0827   0.3000   1.5850  -519.992
 23   5    167.1     60.9   0.3103   1.0344   0.3000   1.5109  -516.549
 23   6    167.1     60.9   0.3103   1.0344   0.3000   1.5109  -516.549
 23   7    166.7     61.3   0.2882   0.9606   0.3000   1.4072  -513.369
 23   8    166.7     61.3   0.2882   0.9606   0.3000   1.4072  -513.369
 23   9    165.9     62.1   0.3257   1.0857   0.3000   1.5982  -526.677
 23  10    166.4     61.6   0.3393   1.1309   0.3000   1.6599  -524.831
 23  11    166.4     61.6   0.3393   1.1309   0.3000   1.6599  -524.831
 23  12    165.8     62.2   0.2014   0.6712   0.3000   0.9888  -481.135
 23  13    166.0     62.0   0.3025   1.0084   0.3000   1.4839  -518.319
 23  14    166.1     61.9   0.3237   1.0789   0.3000   1.5864  -521.968
 23  15    166.7     61.3   0.3040   1.0132   0.3000   1.4841  -516.883
 23  16    166.7     61.3   0.3040   1.0132   0.3000   1.4841  -516.883
 23  17    166.7     61.3   0.3040   1.0132   0.3000   1.4841  -516.883
 23  18    165.4     62.6   0.2672   0.8906   0.3000   1.3153  -506.278
 23  19    165.2     62.8   0.2795   0.9316   0.3000   1.3776  -510.846
 23  20    165.2     62.8   0.2507   0.8358   0.3000   1.2353  -502.455
 23  21    166.9     61.1   0.2233   0.7445   0.3000   1.0891  -489.999
 23  22    166.8     61.2   0.0000   0.0000   0.3000   0.0000  -306.459
 24   1    165.6     62.4   0.3875   1.2916   0.3000   1.9043  -543.352
 24   2    166.4     61.6   0.3011   1.0036   0.3000   1.4728  -517.010
 24   3    166.5     61.5   0.3359   1.1196   0.3000   1.6422  -521.717
 24   4    166.3     61.7   0.3692   1.2305   0.3000   1.8071  -531.512
 24   5    166.6     61.4   0.3138   1.0460   0.3000   1.5330  -517.366
 24   6    166.6     61.4   0.3138   1.0460   0.3000   1.5330  -517.366
 24   7    166.2     61.8   0.2988   0.9959   0.3000   1.4631  -515.418
 24   8    166.2     61.8   0.2988   0.9959   0.3000   1.4631  -515.418
 24   9    165.5     62.5   0.3314   1.1047   0.3000   1.6305  -528.083
 24  10    165.9     62.1   0.3058   1.0192   0.3000   1.5000  -518.664
 24  11    165.9     62.1   0.3058   1.0192   0.3000   1.5000  -518.664
 24  12    165.3     62.7   0.2132   0.7105   0.3000   1.0500  -481.493
 24  13    165.4     62.6   0.2624   0.8748   0.3000   1.2916  -506.142
 24  14    165.5     62.5   0.2763   0.9209   0.3000   1.3586  -510.219
 24  15    166.1     61.9   0.2582   0.8608   0.3000   1.2654  -504.632
 24  16    166.1     61.9   0.2582   0.8608   0.3000   1.2654  -504.632
 24  17    166.1     61.9   0.2582   0.8608   0.3000   1.2654  -504.632
 24  18    164.9     63.1   0.2486   0.8287   0.3000   1.2272  -500.134
 24  19    164.7     63.3   0.2389   0.7962   0.3000   1.1805  -498.477
 24  20    164.8     63.2   0.2471   0.8237   0.3000   1.2209  -500.945
 24  21    166.4     61.6   0.2542   0.8473   0.3000   1.2434  -495.862
 24  22    166.2     61.8   0.1726   0.5752   0.3000   0.8450  -458.369
 24  23    166.2     61.8   0.1726   0.5752   0.3000   0.8450  -458.369
 25   1    166.0     62.0   0.3555   1.1850   0.3000   1.7435  -535.703
 25   2    166.8     61.2   0.3024   1.0080   0.3000   1.4758  -519.707
 25   3    166.9     61.1   0.3038   1.0127   0.3000   1.4813  -512.936
 25   4    166.6     61.4   0.3175   1.0584   0.3000   1.5506  -517.065
 25   5    167.0     61.0   0.2542   0.8472   0.3000   1.2385  -505.131
 25   6    167.0     61.0   0.2542   0.8472   0.3000   1.2385  -505.131
 25   7    166.6     61.4   0.2414   0.8046   0.3000   1.1796  -503.548
 25   8    166.6     61.4   0.2414   0.8046   0.3000   1.1796  -503.548
 25   9    165.8     62.2   0.3124   1.0412   0.3000   1.5337  -526.776
 25  10    166.3     61.7   0.2998   0.9994   0.3000   1.4678  -516.590
 25  11    166.3     61.7   0.2998   0.9994   0.3000   1.4678  -516.590
 25  12    165.7     62.3   0.2408   0.8025   0.3000   1.1831  -494.576
 25  13    165.8     62.2   0.3006   1.0021   0.3000   1.4757  -514.782
 25  14    165.9     62.1   0.2914   0.9713   0.3000   1.4293  -511.080
 25  15    166.6     61.4   0.2889   0.9629   0.3000   1.4115  -509.354
 25  16    166.6     61.4   0.2889   0.9629   0.3000   1.4115  -509.354
 25  17    166.6     61.4   0.2889   0.9629   0.3000   1.4115  -509.354
 25  18    165.3     62.7   0.2379   0.7930   0.3000   1.1720  -490.665
 25  19    165.1     62.9   0.2481   0.8271   0.3000   1.2239  -496.400
 25  20    165.1     62.9   0.1958   0.6527   0.3000   0.9654  -484.497
 25  21    166.8     61.2   0.2140   0.7133   0.3000   1.0444  -479.542
 25  22    166.7     61.3   0.1834   0.6112   0.3000   0.8953  -465.789
 25  23    166.7     61.3   0.1834   0.6112   0.3000   0.8953  -465.789
 25  24    166.1     61.9   0.1771   0.5903   0.3000   0.8677  -465.909
 26   1    165.4     62.6   0.4294   1.4312   0.3000   2.1128  -546.762
 26   2    166.1     61.9   0.3573   1.1911   0.3000   1.7507  -528.982
 26   3    166.2     61.8   0.2924   0.9746   0.3000   1.4320  -506.775
 26   4    166.0     62.0   0.3237   1.0789   0.3000   1.5870  -517.380
 26   5    166.3     61.7   0.2550   0.8500   0.3000   1.2478  -504.302
 26   6    166.3     61.7   0.2550   0.8500   0.3000   1.2478  -504.302
 26   7    166.0     62.0   0.2513   0.8375   0.3000   1.2322  -500.918
 26   8    166.0     62.0   0.2513   0.8375   0.3000   1.2322  -500.918
 26   9    165.2     62.8   0.2929   0.9764   0.3000   1.4431  -517.211
 26  10    165.7     62.3   0.2922   0.9740   0.3000   1.4355  -512.595
 26  11    165.7     62.3   0.2922   0.9740   0.3000   1.4355  -512.595
 26  12    165.0     63.0   0.2674   0.8912   0.3000   1.3189  -502.615
 26  13    165.2     62.8   0.3323   1.1076   0.3000   1.6380  -524.691
 26  14    165.3     62.7   0.3030   1.0100   0.3000   1.4925  -517.214
 26  15    165.9     62.1   0.3013   1.0043   0.3000   1.4788  -515.571
 26  16    165.9     62.1   0.3013   1.0043   0.3000   1.4788  -515.571
 26  17    165.9     62.1   0.3013   1.0043   0.3000   1.4788  -515.571
 26  18    164.7     63.3   0.2542   0.8473   0.3000   1.2566  -501.830
 26  19    164.5     63.5   0.2664   0.8881   0.3000   1.3185  -507.927
 26  20    164.5     63.5   0.2402   0.8006   0.3000   1.1884  -500.667
 26  21    166.1     61.9   0.2533   0.8442   0.3000   1.2408  -500.254
 26  22    166.0     62.0   0.3386   1.1287   0.3000   1.6608  -519.313
 26  23    166.0     62.0   0.3386   1.1287   0.3000   1.6608  -519.313
 26  24    165.5     62.5   0.2920   0.9734   0.3000   1.4361  -512.813
 26  25    165.9     62.1   0.2201   0.7337   0.3000   1.0803  -486.986
 27   1    165.4     62.6   0.4294   1.4312   0.3000   2.1128  -546.762
 27   2    166.1     61.9   0.3573   1.1911   0.3000   1.7507  -528.982
 27   3    166.2     61.8   0.2924   0.9746   0.3000   1.4320  -506.775
 27   4    166.0     62.0   0.3237   1.0789   0.3000   1.5870  -517.380
 27   5    166.3     61.7   0.2550   0.8500   0.3000   1.2478  -504.302
 27   6    166.3     61.7   0.2550   0.8500   0.3000   1.2478  -504.302
 27   7    166.0     62.0   0.2513   0.8375   0.3000   1.2322  -500.918
 27   8    166.0     62.0   0.2513   0.8375   0.3000   1.2322  -500.918
 27   9    165.2     62.8   0.2929   0.9764   0.3000   1.4431  -517.211
 27  10    165.7     62.3   0.2922   0.9740   0.3000   1.4355  -512.595
 27  11    165.7     62.3   0.2922   0.9740   0.3000   1.4355  -512.595
 27  12    165.0     63.0   0.2674   0.8912   0.3000   1.3189  -502.615
 27  13    165.2     62.8   0.3323   1.1076   0.3000   1.6380  -524.691
 27  14    165.3     62.7   0.3030   1.0100   0.3000   1.4925  -517.214
 27  15    165.9     62.1   0.3013   1.0043   0.3000   1.4788  -515.571
 27  16    165.9     62.1   0.3013   1.0043   0.3000   1.4788  -515.571
 27  17    165.9     62.1   0.3013   1.0043   0.3000   1.4788  -515.571
 27  18    164.7     63.3   0.2542   0.8473   0.3000   1.2566  -501.830
 27  19    164.5     63.5   0.2664   0.8881   0.3000   1.3185  -507.927
 27  20    164.5     63.5   0.2402   0.8006   0.3000   1.1884  -500.667
 27  21    166.1     61.9   0.2533   0.8442   0.3000   1.2408  -500.254
 27  22    166.0     62.0   0.3386   1.1287   0.3000   1.6608  -519.313
 27  23    166.0     62.0   0.3386   1.1287   0.3000   1.6608  -519.313
 27  24    165.5     62.5   0.2920   0.9734   0.3000   1.4361  -512.813
 27  25    165.9     62.1   0.2201   0.7337   0.3000   1.0803  -486.986
 27  26    165.3     62.7   0.0000   0.0000   0.3000   0.0000  -307.863
 28   1    165.8     62.2   0.3618   1.2059   0.3000   1.7763  -538.932
 28   2    166.5     61.5   0.3789   1.2630   0.3000   1.8520  -535.726
 28   3    166.6     61.4   0.2982   0.9939   0.3000   1.4568  -515.045
 28   4    166.4     61.6   0.3335   1.1117   0.3000   1.6315  -522.618
 28   5    166.7     61.3   0.3104   1.0346   0.3000   1.5150  -517.380
 28   6    166.7     61.3   0.3104   1.0346   0.3000   1.5150  -517.380
 28   7    166.3     61.7   0.2812   0.9374   0.3000   1.3763  -511.321
 28   8    166.3     61.7   0.2812   0.9374   0.3000   1.3763  -511.321
 28   9    165.6     62.4   0.3285   1.0952   0.3000   1.6153  -528.188
 28  10    166.0     62.0   0.3055   1.0183   0.3000   1.4975  -517.039
 28  11    166.0     62.0   0.3055   1.0183   0.3000   1.4975  -517.039
 28  12    165.4     62.6   0.2660   0.8865   0.3000   1.3087  -503.145
 28  13    165.6     62.4   0.2651   0.8835   0.3000   1.3033  -501.083
 28  14    165.7     62.3   0.2603   0.8678   0.3000   1.2791  -500.484
 28  15    166.3     61.7   0.2440   0.8134   0.3000   1.1945  -495.205
 28  16    166.3     61.7   0.2440   0.8134   0.3000   1.1945  -495.205
 28  17    166.3     61.7   0.2440   0.8134   0.3000   1.1945  -495.205
 28  18    165.1     62.9   0.2576   0.8587   0.3000   1.2706  -502.068
 28  19    164.9     63.1   0.2546   0.8487   0.3000   1.2571  -503.768
 28  20    164.9     63.1   0.2310   0.7700   0.3000   1.1404  -495.303
 28  21    166.5     61.5   0.2652   0.8839   0.3000   1.2962  -506.091
 28  22    166.4     61.6   0.2157   0.7190   0.3000   1.0551  -481.565
 28  23    166.4     61.6   0.2157   0.7190   0.3000   1.0551  -481.565
 28  24    165.9     62.1   0.2006   0.6686   0.3000   0.9841  -475.325
 28  25    166.3     61.7   0.2338   0.7794   0.3000   1.1445  -490.722
 28  26    165.7     62.3   0.2356   0.7853   0.3000   1.1575  -492.973
 28  27    165.7     62.3   0.2356   0.7853   0.3000   1.1575  -492.973
 29   1    166.1     61.9   0.3777   1.2591   0.3000   1.8514  -540.202
 29   2    166.8     61.2   0.3786   1.2620   0.3000   1.8472  -534.339
 29   3    166.9     61.1   0.2863   0.9543   0.3000   1.3960  -509.508
 29   4    166.7     61.3   0.3210   1.0699   0.3000   1.5672  -519.088
 29   5    167.0     61.0   0.2924   0.9746   0.3000   1.4246  -511.183
 29   6    167.0     61.0   0.2924   0.9746   0.3000   1.4246  -511.183
 29   7    166.6     61.4   0.2471   0.8237   0.3000   1.2070  -501.223
 29   8    166.6     61.4   0.2471   0.8237   0.3000   1.2070  -501.223
 29   9    165.9     62.1   0.3055   1.0183   0.3000   1.4991  -519.072
 29  10    166.3     61.7   0.2839   0.9462   0.3000   1.3890  -509.853
 29  11    166.3     61.7   0.2839   0.9462   0.3000   1.3890  -509.853
 29  12    165.7     62.3   0.2420   0.8066   0.3000   1.1887  -498.737
 29  13    165.9     62.1   0.2641   0.8803   0.3000   1.2961  -504.736
 29  14    166.0     62.0   0.2736   0.9120   0.3000   1.3418  -505.177
 29  15    166.6     61.4   0.2682   0.8940   0.3000   1.3106  -503.108
 29  16    166.6     61.4   0.2682   0.8940   0.3000   1.3106  -503.108
 29  17    166.6     61.4   0.2682   0.8940   0.3000   1.3106  -503.108
 29  18    165.4     62.6   0.2687   0.8957   0.3000   1.3229  -507.762
 29  19    165.2     62.8   0.2798   0.9326   0.3000   1.3790  -506.508
 29  20    165.2     62.8   0.2247   0.7491   0.3000   1.1075  -492.199
 29  21    166.8     61.2   0.2165   0.7217   0.3000   1.0563  -489.892
 29  22    166.7     61.3   0.2002   0.6674   0.3000   0.9777  -484.828
 29  23    166.7     61.3   0.2002   0.6674   0.3000   0.9777  -484.828
 29  24    166.2     61.8   0.2285   0.7615   0.3000   1.1189  -489.567
 29  25    166.6     61.4   0.2357   0.7857   0.3000   1.1517  -493.484
 29  26    166.0     62.0   0.2162   0.7206   0.3000   1.0603  -485.808
 29  27    166.0     62.0   0.2162   0.7206   0.3000   1.0603  -485.808
 29  28    166.3     61.7   0.1353   0.4511   0.3000   0.6622  -442.375
 30   1    166.1     61.9   0.3777   1.2591   0.3000   1.8514  -540.202
 30   2    166.8     61.2   0.3786   1.2620   0.3000   1.8472  -534.339
 30   3    166.9     61.1   0.2863   0.9543   0.3000   1.3960  -509.508
 30   4    166.7     61.3   0.3210   1.0699   0.3000   1.5672  -519.088
 30   5    167.0     61.0   0.2924   0.9746   0.3000   1.4246  -511.183
 30   6    167.0     61.0   0.2924   0.9746   0.3000   1.4246  -511.183
 30   7    166.6     61.4   0.2471   0.8237   0.3000   1.2070  -501.223
 30   8    166.6     61.4   0.2471   0.8237   0.3000   1.2070  -501.223
 30   9    165.9     62.1   0.3055   1.0183   0.3000   1.4991  -519.072
 30  10    166.3     61.7   0.2839   0.9462   0.3000   1.3890  -509.853
 30  11    166.3     61.7   0.2839   0.9462   0.3000   1.3890  -509.853
 30  12    165.7     62.3   0.2420   0.8066   0.3000   1.1887  -498.737
 30  13    165.9     62.1   0.2641   0.8803   0.3000   1.2961  -504.736
 30  14    166.0     62.0   0.2736   0.9120   0.3000   1.3418  -505.177
 30  15    166.6     61.4   0.2682   0.8940   0.3000   1.3106  -503.108
 30  16    166.6     61.4   0.2682   0.8940   0.3000   1.3106  -503.108
 30  17    166.6     61.4   0.2682   0.8940   0.3000   1.3106  -503.108
 30  18    165.4     62.6   0.2687   0.8957   0.3000   1.3229  -507.762
 30  19    165.2     62.8   0.2798   0.9326   0.3000   1.3790  -506.508
 30  20    165.2     62.8   0.2247   0.7491   0.3000   1.1075  -492.199
 30  21    166.8     61.2   0.2165   0.7217   0.3000   1.0563  -489.892
 30  22    166.7     61.3   0.2002   0.6674   0.3000   0.9777  -484.828
 30  23    166.7     61.3   0.2002   0.6674   0.3000   0.9777  -484.828
 30  24    166.2     61.8   0.2285   0.7615   0.3000   1.1189  -489.567
 30  25    166.6     61.4   0.2357   0.7857   0.3000   1.1517  -493.484
 30  26    166.0     62.0   0.2162   0.7206   0.3000   1.0603  -485.808
 30  27    166.0     62.0   0.2162   0.7206   0.3000   1.0603  -485.808
 30  28    166.3     61.7   0.1353   0.4511   0.3000   0.6622  -442.375
 30  29    166.6     61.4   0.0000   0.0000   0.3000   0.0000  -306.145
 31   1    165.6     62.4   0.3327   1.1091   0.3000   1.6357  -529.745
 31   2    166.3     61.7   0.3793   1.2643   0.3000   1.8563  -535.099
 31   3    166.4     61.6   0.2269   0.7565   0.3000   1.1103  -496.061
 31   4    166.2     61.8   0.2981   0.9938   0.3000   1.4602  -516.455
 31   5    166.5     61.5   0.2637   0.8791   0.3000   1.2891  -503.749
 31   6    166.5     61.5   0.2637   0.8791   0.3000   1.2891  -503.749
 31   7    166.1     61.9   0.2428   0.8092   0.3000   1.1893  -497.565
 31   8    166.1     61.9   0.2428   0.8092   0.3000   1.1893  -497.565
 31   9    165.4     62.6   0.2921   0.9737   0.3000   1.4378  -519.392
 31  10    165.9     62.1   0.2415   0.8049   0.3000   1.1850  -497.174
 31  11    165.9     62.1   0.2415   0.8049   0.3000   1.1850  -497.174
 31  12    165.2     62.8   0.2455   0.8183   0.3000   1.2096  -495.228
 31  13    165.3     62.7   0.2286   0.7620   0.3000   1.1256  -493.583
 31  14    165.5     62.5   0.2245   0.7482   0.3000   1.1044  -487.942
 31  15    166.0     62.0   0.2239   0.7464   0.3000   1.0978  -487.628
 31  16    166.0     62.0   0.2239   0.7464   0.3000   1.0978  -487.628
 31  17    166.0     62.0   0.2239   0.7464   0.3000   1.0978  -487.628
 31  18    164.9     63.1   0.2348   0.7827   0.3000   1.1595  -498.070
 31  19    164.7     63.3   0.2394   0.7979   0.3000   1.1833  -501.369
 31  20    164.7     63.3   0.2316   0.7721   0.3000   1.1449  -489.959
 31  21    166.3     61.7   0.2453   0.8177   0.3000   1.2005  -494.246
 31  22    166.2     61.8   0.2236   0.7454   0.3000   1.0956  -484.079
 31  23    166.2     61.8   0.2236   0.7454   0.3000   1.0956  -484.079
 31  24    165.7     62.3   0.2284   0.7612   0.3000   1.1219  -490.711
 31  25    166.0     62.0   0.2447   0.8156   0.3000   1.1995  -489.703
 31  26    165.5     62.5   0.2122   0.7075   0.3000   1.0441  -486.410
 31  27    165.5     62.5   0.2122   0.7075   0.3000   1.0441  -486.410
 31  28    165.8     62.2   0.1427   0.4756   0.3000   0.7003  -445.529
 31  29    166.1     61.9   0.1175   0.3916   0.3000   0.5755  -425.875
 31  30    166.1     61.9   0.1175   0.3916   0.3000   0.5755  -425.875
 32   1    165.5     62.5   0.3688   1.2293   0.3000   1.8142  -543.825
 32   2    166.2     61.8   0.3708   1.2359   0.3000   1.8162  -536.922
 32   3    166.2     61.8   0.2309   0.7697   0.3000   1.1309  -503.338
 32   4    166.0     62.0   0.2893   0.9644   0.3000   1.4183  -517.788
 32   5    166.4     61.6   0.2526   0.8421   0.3000   1.2360  -509.665
 32   6    166.4     61.6   0.2526   0.8421   0.3000   1.2360  -509.665
 32   7    166.0     62.0   0.2103   0.7012   0.3000   1.0314  -498.700
 32   8    166.0     62.0   0.2103   0.7012   0.3000   1.0314  -498.700
 32   9    165.3     62.7   0.3033   1.0111   0.3000   1.4942  -527.560
 32  10    165.7     62.3   0.2391   0.7970   0.3000   1.1744  -506.454
 32  11    165.7     62.3   0.2391   0.7970   0.3000   1.1744  -506.454
 32  12    165.1     62.9   0.2401   0.8002   0.3000   1.1839  -504.120
 32  13    165.2     62.8   0.2681   0.8938   0.3000   1.3216  -513.743
 32  14    165.3     62.7   0.2797   0.9325   0.3000   1.3776  -513.030
 32  15    165.9     62.1   0.2799   0.9329   0.3000   1.3733  -512.565
 32  16    165.9     62.1   0.2799   0.9329   0.3000   1.3733  -512.565
 32  17    165.9     62.1   0.2799   0.9329   0.3000   1.3733  -512.565
 32  18    164.7     63.3   0.2440   0.8132   0.3000   1.2057  -501.568
 32  19    164.6     63.4   0.2492   0.8306   0.3000   1.2327  -502.024
 32  20    164.6     63.4   0.2272   0.7575   0.3000   1.1242  -497.196
 32  21    166.2     61.8   0.2831   0.9437   0.3000   1.3869  -509.571
 32  22    166.0     62.0   0.2142   0.7140   0.3000   1.0504  -488.568
 32  23    166.0     62.0   0.2142   0.7140   0.3000   1.0504  -488.568
 32  24    165.6     62.4   0.2264   0.7546   0.3000   1.1131  -491.468
 32  25    165.9     62.1   0.2174   0.7248   0.3000   1.0669  -489.423
 32  26    165.4     62.6   0.2086   0.6955   0.3000   1.0272  -488.304
 32  27    165.4     62.6   0.2086   0.6955   0.3000   1.0272  -488.304
 32  28    165.7     62.3   0.1534   0.5115   0.3000   0.7538  -449.564
 32  29    166.0     62.0   0.1125   0.3749   0.3000   0.5514  -431.573
 32  30    166.0     62.0   0.1125   0.3749   0.3000   0.5514  -431.573
 32  31    165.5     62.5   0.1333   0.4445   0.3000   0.6558  -442.994
 33   1    164.7     63.3   0.3548   1.1827   0.3000   1.7543  -537.480
 33   2    165.4     62.6   0.3902   1.3007   0.3000   1.9209  -540.915
 33   3    165.4     62.6   0.2850   0.9500   0.3000   1.4026  -511.108
 33   4    165.2     62.8   0.2993   0.9977   0.3000   1.4748  -521.215
 33   5    165.6     62.4   0.3189   1.0631   0.3000   1.5679  -521.968
 33   6    165.6     62.4   0.3189   1.0631   0.3000   1.5679  -521.968
 33   7    165.2     62.8   0.2996   0.9986   0.3000   1.4766  -516.436
 33   8    165.2     62.8   0.2996   0.9986   0.3000   1.4766  -516.436
 33   9    164.4     63.6   0.3101   1.0338   0.3000   1.5357  -524.387
 33  10    164.9     63.1   0.3007   1.0024   0.3000   1.4847  -518.053
 33  11    164.9     63.1   0.3007   1.0024   0.3000   1.4847  -518.053
 33  12    164.3     63.7   0.2286   0.7620   0.3000   1.1328  -493.412
 33  13    164.4     63.6   0.2639   0.8795   0.3000   1.3069  -503.994
 33  14    164.5     63.5   0.3009   1.0029   0.3000   1.4891  -513.140
 33  15    165.1     62.9   0.2961   0.9870   0.3000   1.4600  -510.106
 33  16    165.1     62.9   0.2961   0.9870   0.3000   1.4600  -510.106
 33  17    165.1     62.9   0.2961   0.9870   0.3000   1.4600  -510.106
 33  18    163.9     64.1   0.2487   0.8289   0.3000   1.2353  -499.814
 33  19    163.7     64.3   0.2265   0.7549   0.3000   1.1261  -496.301
 33  20    163.7     64.3   0.2373   0.7909   0.3000   1.1800  -497.679
 33  21    165.4     62.6   0.2218   0.7393   0.3000   1.0919  -488.605
 33  22    165.2     62.8   0.2066   0.6887   0.3000   1.0179  -482.829
 33  23    165.2     62.8   0.2066   0.6887   0.3000   1.0179  -482.829
 33  24    164.8     63.2   0.2128   0.7092   0.3000   1.0512  -482.845
 33  25    165.1     62.9   0.2280   0.7601   0.3000   1.1242  -488.616
 33  26    164.5     63.5   0.2479   0.8264   0.3000   1.2267  -500.319
 33  27    164.5     63.5   0.2479   0.8264   0.3000   1.2267  -500.319
 33  28    164.9     63.1   0.2096   0.6987   0.3000   1.0349  -482.455
 33  29    165.2     62.8   0.2210   0.7366   0.3000   1.0889  -482.577
 33  30    165.2     62.8   0.2210   0.7366   0.3000   1.0889  -482.577
 33  31    164.7     63.3   0.2187   0.7291   0.3000   1.0811  -483.595
 33  32    164.6     63.4   0.1785   0.5948   0.3000   0.8829  -474.107
 34   1    164.7     63.3   0.3548   1.1827   0.3000   1.7543  -537.480
 34   2    165.4     62.6   0.3902   1.3007   0.3000   1.9209  -540.915
 34   3    165.4     62.6   0.2850   0.9500   0.3000   1.4026  -511.108
 34   4    165.2     62.8   0.2993   0.9977   0.3000   1.4748  -521.215
 34   5    165.6     62.4   0.3189   1.0631   0.3000   1.5679  -521.968
 34   6    165.6     62.4   0.3189   1.0631   0.3000   1.5679  -521.968
 34   7    165.2     62.8   0.2996   0.9986   0.3000   1.4766  -516.436
 34   8    165.2     62.8   0.2996   0.9986   0.3000   1.4766  -516.436
 34   9    164.4     63.6   0.3101   1.0338   0.3000   1.5357  -524.387
 34  10    164.9     63.1   0.3007   1.0024   0.3000   1.4847  -518.053
 34  11    164.9     63.1   0.3007   1.0024   0.3000   1.4847  -518.053
 34  12    164.3     63.7   0.2286   0.7620   0.3000   1.1328  -493.412
 34  13    164.4     63.6   0.2639   0.8795   0.3000   1.3069  -503.994
 34  14    164.5     63.5   0.3009   1.0029   0.3000   1.4891  -513.140
 34  15    165.1     62.9   0.2961   0.9870   0.3000   1.4600  -510.106
 34  16    165.1     62.9   0.2961   0.9870   0.3000   1.4600  -510.106
 34  17    165.1     62.9   0.2961   0.9870   0.3000   1.4600  -510.106
 34  18    163.9     64.1   0.2487   0.8289   0.3000   1.2353  -499.814
 34  19    163.7     64.3   0.2265   0.7549   0.3000   1.1261  -496.301
 34  20    163.7     64.3   0.2373   0.7909   0.3000   1.1800  -497.679
 34  21    165.4     62.6   0.2218   0.7393   0.3000   1.0919  -488.605
 34  22    165.2     62.8   0.2066   0.6887   0.3000   1.0179  -482.829
 34  23    165.2     62.8   0.2066   0.6887   0.3000   1.0179  -482.829
 34  24    164.8     63.2   0.2128   0.7092   0.3000   1.0512  -482.845
 34  25    165.1     62.9   0.2280   0.7601   0.3000   1.1242  -488.616
 34  26    164.5     63.5   0.2479   0.8264   0.3000   1.2267  -500.319
 34  27    164.5     63.5   0.2479   0.8264   0.3000   1.2267  -500.319
 34  28    164.9     63.1   0.2096   0.6987   0.3000   1.0349  -482.455
 34  29    165.2     62.8   0.2210   0.7366   0.3000   1.0889  -482.577
 34  30    165.2     62.8   0.2210   0.7366   0.3000   1.0889  -482.577
 34  31    164.7     63.3   0.2187   0.7291   0.3000   1.0811  -483.595
 34  32    164.6     63.4   0.1785   0.5948   0.3000   0.8829  -474.107
 34  33    163.7     64.3   0.0000   0.0000   0.3000   0.0000  -308.944
 35   1    165.4     62.6   0.3977   1.3255   0.3000   1.9577  -544.683
 35   2    166.2     61.8   0.3921   1.3069   0.3000   1.9207  -539.927
 35   3    166.3     61.7   0.2758   0.9192   0.3000   1.3498  -507.566
 35   4    166.0     62.0   0.3100   1.0334   0.3000   1.5198  -521.905
 35   5    166.4     61.6   0.2729   0.9096   0.3000   1.3347  -510.610
 35   6    166.4     61.6   0.2729   0.9096   0.3000   1.3347  -510.610
 35   7    165.9     62.1   0.2449   0.8164   0.3000   1.2014  -503.077
 35   8    165.9     62.1   0.2449   0.8164   0.3000   1.2014  -503.077
 35   9    165.2     62.8   0.3005   1.0016   0.3000   1.4810  -526.570
 35  10    165.6     62.4   0.2626   0.8752   0.3000   1.2904  -510.031
 35  11    165.6     62.4   0.2626   0.8752   0.3000   1.2904  -510.031
 35  12    165.0     63.0   0.1867   0.6222   0.3000   0.9208  -474.857
 35  13    165.2     62.8   0.2679   0.8931   0.3000   1.3204  -506.740
 35  14    165.3     62.7   0.2857   0.9523   0.3000   1.4069  -509.337
 35  15    165.9     62.1   0.2801   0.9335   0.3000   1.3738  -507.322
 35  16    165.9     62.1   0.2801   0.9335   0.3000   1.3738  -507.322
 35  17    165.9     62.1   0.2801   0.9335   0.3000   1.3738  -507.322
 35  18    164.6     63.4   0.2586   0.8619   0.3000   1.2788  -500.243
 35  19    164.4     63.6   0.2248   0.7495   0.3000   1.1133  -494.964
 35  20    164.5     63.5   0.2269   0.7565   0.3000   1.1233  -496.228
 35  21    166.2     61.8   0.2443   0.8143   0.3000   1.1967  -500.084
 35  22    166.1     61.9   0.2294   0.7646   0.3000   1.1243  -494.441
 35  23    166.1     61.9   0.2294   0.7646   0.3000   1.1243  -494.441
 35  24    165.5     62.5   0.2270   0.7566   0.3000   1.1165  -489.655
 35  25    165.9     62.1   0.2013   0.6710   0.3000   0.9876  -480.088
 35  26    165.2     62.8   0.2366   0.7886   0.3000   1.1655  -487.868
 35  27    165.2     62.8   0.2366   0.7886   0.3000   1.1655  -487.868
 35  28    165.7     62.3   0.2317   0.7723   0.3000   1.1384  -489.266
 35  29    166.0     62.0   0.2166   0.7219   0.3000   1.0623  -485.645
 35  30    166.0     62.0   0.2166   0.7219   0.3000   1.0623  -485.645
 35  31    165.4     62.6   0.2318   0.7727   0.3000   1.1408  -492.155
 35  32    165.3     62.7   0.1722   0.5741   0.3000   0.8483  -466.069
 35  33    164.5     63.5   0.1720   0.5734   0.3000   0.8514  -465.077
 35  34    164.5     63.5   0.1720   0.5734   0.3000   0.8514  -465.077
 36   1    166.4     61.6   0.3220   1.0733   0.3000   1.5749  -526.976
 36   2    167.1     60.9   0.3611   1.2038   0.3000   1.7582  -531.594
 36   3    167.2     60.8   0.3194   1.0648   0.3000   1.5542  -516.301
 36   4    167.0     61.0   0.3114   1.0381   0.3000   1.5174  -520.198
 36   5    167.4     60.6   0.3162   1.0539   0.3000   1.5372  -518.970
 36   6    167.4     60.6   0.3162   1.0539   0.3000   1.5372  -518.970
 36   7    166.9     61.1   0.2749   0.9163   0.3000   1.3399  -511.181
 36   8    166.9     61.1   0.2749   0.9163   0.3000   1.3399  -511.181
 36   9    166.2     61.8   0.3595   1.1983   0.3000   1.7604  -535.482
 36  10    166.7     61.3   0.3076   1.0255   0.3000   1.5023  -516.319
 36  11    166.7     61.3   0.3076   1.0255   0.3000   1.5023  -516.319
 36  12    166.1     61.9   0.2138   0.7128   0.3000   1.0482  -481.829
 36  13    166.2     61.8   0.2528   0.8428   0.3000   1.2381  -496.530
 36  14    166.3     61.7   0.2594   0.8647   0.3000   1.2694  -496.810
 36  15    166.9     61.1   0.2541   0.8471   0.3000   1.2391  -494.876
 36  16    166.9     61.1   0.2541   0.8471   0.3000   1.2391  -494.876
 36  17    166.9     61.1   0.2541   0.8471   0.3000   1.2391  -494.876
 36  18    165.7     62.3   0.2443   0.8144   0.3000   1.2002  -491.591
 36  19    165.5     62.5   0.2333   0.7776   0.3000   1.1474  -491.994
 36  20    165.6     62.4   0.2489   0.8296   0.3000   1.2237  -498.065
 36  21    167.1     60.9   0.1825   0.6083   0.3000   0.8885  -473.002
 36  22    167.0     61.0   0.1984   0.6612   0.3000   0.9664  -478.091
 36  23    167.0     61.0   0.1984   0.6612   0.3000   0.9664  -478.091
 36  24    166.5     61.5   0.2107   0.7022   0.3000   1.0296  -481.660
 36  25    166.9     61.1   0.1960   0.6534   0.3000   0.9557  -471.976
 36  26    166.3     61.7   0.2340   0.7800   0.3000   1.1454  -483.457
 36  27    166.3     61.7   0.2340   0.7800   0.3000   1.1454  -483.457
 36  28    166.7     61.3   0.1767   0.5889   0.3000   0.8626  -468.255
 36  29    166.9     61.1   0.2179   0.7263   0.3000   1.0621  -488.330
 36  30    166.9     61.1   0.2179   0.7263   0.3000   1.0621  -488.330
 36  31    166.5     61.5   0.2178   0.7261   0.3000   1.0650  -477.846
 36  32    166.3     61.7   0.1985   0.6615   0.3000   0.9712  -480.370
 36  33    165.6     62.4   0.1363   0.4542   0.3000   0.6700  -446.246
 36  34    165.6     62.4   0.1363   0.4542   0.3000   0.6700  -446.246
 36  35    166.3     61.7   0.1570   0.5234   0.3000   0.7685  -458.612
 37   1    166.0     62.0   0.3849   1.2830   0.3000   1.8870  -539.257
 37   2    166.8     61.2   0.3918   1.3059   0.3000   1.9111  -533.800
 37   3    167.0     61.0   0.2783   0.9276   0.3000   1.3561  -508.702
 37   4    166.7     61.3   0.3038   1.0125   0.3000   1.4828  -518.128
 37   5    167.1     60.9   0.3060   1.0201   0.3000   1.4904  -517.590
 37   6    167.1     60.9   0.3060   1.0201   0.3000   1.4904  -517.590
 37   7    166.6     61.4   0.2817   0.9389   0.3000   1.3761  -513.257
 37   8    166.6     61.4   0.2817   0.9389   0.3000   1.3761  -513.257
 37   9    165.8     62.2   0.3540   1.1801   0.3000   1.7380  -533.539
 37  10    166.3     61.7   0.3275   1.0916   0.3000   1.6029  -522.830
 37  11    166.3     61.7   0.3275   1.0916   0.3000   1.6029  -522.830
 37  12    165.7     62.3   0.2182   0.7274   0.3000   1.0719  -494.908
 37  13    165.9     62.1   0.2587   0.8622   0.3000   1.2691  -502.346
 37  14    166.0     62.0   0.2666   0.8885   0.3000   1.3068  -504.662
 37  15    166.7     61.3   0.2662   0.8872   0.3000   1.2997  -504.115
 37  16    166.7     61.3   0.2662   0.8872   0.3000   1.2997  -504.115
 37  17    166.7     61.3   0.2662   0.8872   0.3000   1.2997  -504.115
 37  18    165.3     62.7   0.2526   0.8421   0.3000   1.2443  -499.241
 37  19    165.1     62.9   0.2593   0.8645   0.3000   1.2789  -504.681
 37  20    165.2     62.8   0.2798   0.9328   0.3000   1.3794  -503.292
 37  21    166.8     61.2   0.2035   0.6782   0.3000   0.9926  -477.435
 37  22    166.8     61.2   0.2596   0.8652   0.3000   1.2666  -496.538
 37  23    166.8     61.2   0.2596   0.8652   0.3000   1.2666  -496.538
 37  24    166.2     61.8   0.2325   0.7749   0.3000   1.1386  -487.939
 37  25    166.6     61.4   0.1675   0.5583   0.3000   0.8180  -460.991
 37  26    165.9     62.1   0.2363   0.7878   0.3000   1.1596  -488.879
 37  27    165.9     62.1   0.2363   0.7878   0.3000   1.1596  -488.879
 37  28    166.3     61.7   0.2392   0.7973   0.3000   1.1704  -485.603
 37  29    166.6     61.4   0.2476   0.8255   0.3000   1.2095  -494.085
 37  30    166.6     61.4   0.2476   0.8255   0.3000   1.2095  -494.085
 37  31    166.1     61.9   0.2529   0.8430   0.3000   1.2394  -493.419
 37  32    165.9     62.1   0.1915   0.6382   0.3000   0.9393  -477.350
 37  33    165.2     62.8   0.1275   0.4250   0.3000   0.6285  -442.693
 37  34    165.2     62.8   0.1275   0.4250   0.3000   0.6285  -442.693
 37  35    166.0     62.0   0.1600   0.5333   0.3000   0.7845  -456.630
 37  36    167.0     61.0   0.0967   0.3222   0.3000   0.4711  -412.147
 38   1    166.1     61.9   0.3806   1.2688   0.3000   1.8649  -538.926
 38   2    166.9     61.1   0.3661   1.2204   0.3000   1.7854  -527.095
 38   3    167.0     61.0   0.3045   1.0151   0.3000   1.4841  -510.685
 38   4    166.7     61.3   0.3464   1.1547   0.3000   1.6908  -521.257
 38   5    167.1     60.9   0.3172   1.0575   0.3000   1.5447  -516.676
 38   6    167.1     60.9   0.3172   1.0575   0.3000   1.5447  -516.676
 38   7    166.6     61.4   0.3155   1.0516   0.3000   1.5408  -514.909
 38   8    166.6     61.4   0.3155   1.0516   0.3000   1.5408  -514.909
 38   9    165.9     62.1   0.3605   1.2015   0.3000   1.7688  -531.770
 38  10    166.4     61.6   0.3308   1.1026   0.3000   1.6182  -519.919
 38  11    166.4     61.6   0.3308   1.1026   0.3000   1.6182  -519.919
 38  12    165.8     62.2   0.2039   0.6797   0.3000   1.0008  -478.994
 38  13    166.0     62.0   0.2583   0.8609   0.3000   1.2668  -499.297
 38  14    166.1     61.9   0.2843   0.9475   0.3000   1.3931  -506.993
 38  15    166.7     61.3   0.2725   0.9083   0.3000   1.3301  -502.807
 38  16    166.7     61.3   0.2725   0.9083   0.3000   1.3301  -502.807
 38  17    166.7     61.3   0.2725   0.9083   0.3000   1.3301  -502.807
 38  18    165.4     62.6   0.2326   0.7753   0.3000   1.1449  -492.465
 38  19    165.2     62.8   0.2174   0.7246   0.3000   1.0712  -490.363
 38  20    165.2     62.8   0.2325   0.7751   0.3000   1.1457  -487.221
 38  21    166.9     61.1   0.1981   0.6603   0.3000   0.9660  -477.171
 38  22    166.8     61.2   0.1987   0.6623   0.3000   0.9692  -477.939
 38  23    166.8     61.2   0.1987   0.6623   0.3000   0.9692  -477.939
 38  24    166.3     61.7   0.2174   0.7248   0.3000   1.0643  -478.330
 38  25    166.7     61.3   0.2074   0.6912   0.3000   1.0123  -477.471
 38  26    166.0     62.0   0.2073   0.6909   0.3000   1.0163  -480.848
 38  27    166.0     62.0   0.2073   0.6909   0.3000   1.0163  -480.848
 38  28    166.4     61.6   0.2212   0.7374   0.3000   1.0820  -478.590
 38  29    166.7     61.3   0.2194   0.7314   0.3000   1.0712  -483.385
 38  30    166.7     61.3   0.2194   0.7314   0.3000   1.0712  -483.385
 38  31    166.2     61.8   0.2266   0.7553   0.3000   1.1098  -483.640
 38  32    166.0     62.0   0.1989   0.6629   0.3000   0.9749  -477.552
 38  33    165.2     62.8   0.1209   0.4031   0.3000   0.5959  -437.737
 38  34    165.2     62.8   0.1209   0.4031   0.3000   0.5959  -437.737
 38  35    166.1     61.9   0.1754   0.5845   0.3000   0.8593  -458.846
 38  36    167.1     60.9   0.0943   0.3144   0.3000   0.4595  -413.435
 38  37    166.8     61.2   0.0640   0.2135   0.3000   0.3125  -390.177

