Supplemental results for CODEML (seqf: /gpfs/scratch/cltucker/EBH381-Group-Project/SIV_aligned_GAG.fas  treef: )


pairwise comparison (Goldman & Yang 1994)
seq seq        N       S       dN       dS     dN/dS   Paras.
  2   1    576.7    224.3   0.3333   0.2083   1.6000   0.8950 -1678.568
  3   1    577.0    224.0   0.3782   0.2364   1.6000   1.0156 -1712.647
  3   2    577.3    223.7   0.3219   0.2012   1.6000   0.8646 -1663.684
  4   1    576.2    224.8   0.3743   0.2339   1.6000   1.0047 -1714.496
  4   2    576.5    224.5   0.2999   0.1874   1.6000   0.8051 -1648.766
  4   3    576.8    224.2   0.2191   0.1369   1.6000   0.5882 -1539.961
  5   1    577.7    223.3   0.3623   0.2264   1.6000   0.9733 -1700.568
  5   2    578.0    223.0   0.3207   0.2005   1.6000   0.8618 -1674.711
  5   3    578.3    222.7   0.2342   0.1464   1.6000   0.6294 -1562.337
  5   4    577.6    223.4   0.2083   0.1302   1.6000   0.5596 -1524.550
  6   1    577.7    223.3   0.3623   0.2264   1.6000   0.9733 -1700.568
  6   2    578.0    223.0   0.3207   0.2005   1.6000   0.8618 -1674.711
  6   3    578.3    222.7   0.2342   0.1464   1.6000   0.6294 -1562.337
  6   4    577.6    223.4   0.2083   0.1302   1.6000   0.5596 -1524.550
  6   5    579.1    221.9   0.0000   0.0000   1.6000   0.0000 -1069.542
  7   1    577.9    223.1   0.3286   0.2054   1.6000   0.8829 -1673.654
  7   2    578.2    222.8   0.3111   0.1945   1.6000   0.8361 -1663.202
  7   3    578.5    222.5   0.2140   0.1338   1.6000   0.5752 -1541.158
  7   4    577.7    223.3   0.2056   0.1285   1.6000   0.5522 -1521.903
  7   5    579.3    221.7   0.0550   0.0344   1.6000   0.1479 -1256.483
  7   6    579.3    221.7   0.0550   0.0344   1.6000   0.1479 -1256.483
  8   1    577.9    223.1   0.3286   0.2054   1.6000   0.8829 -1673.654
  8   2    578.2    222.8   0.3111   0.1945   1.6000   0.8361 -1663.202
  8   3    578.5    222.5   0.2140   0.1338   1.6000   0.5752 -1541.158
  8   4    577.7    223.3   0.2056   0.1285   1.6000   0.5522 -1521.903
  8   5    579.3    221.7   0.0550   0.0344   1.6000   0.1479 -1256.483
  8   6    579.3    221.7   0.0550   0.0344   1.6000   0.1479 -1256.483
  8   7    579.5    221.5   0.0000   0.0000   1.6000   0.0000 -1069.482
  9   1    577.8    223.2   0.3677   0.2298   1.6000   0.9879 -1709.020
  9   2    578.1    222.9   0.3212   0.2008   1.6000   0.8631 -1671.693
  9   3    578.4    222.6   0.1999   0.1250   1.6000   0.5372 -1510.328
  9   4    577.6    223.4   0.1975   0.1234   1.6000   0.5305 -1508.519
  9   5    579.1    221.9   0.1377   0.0860   1.6000   0.3701 -1412.413
  9   6    579.1    221.9   0.1377   0.0860   1.6000   0.3701 -1412.413
  9   7    579.3    221.7   0.1394   0.0871   1.6000   0.3748 -1420.004
  9   8    579.3    221.7   0.1394   0.0871   1.6000   0.3748 -1420.004
 10   1    577.2    223.8   0.3681   0.2301   1.6000   0.9887 -1706.447
 10   2    577.5    223.5   0.3014   0.1884   1.6000   0.8096 -1654.636
 10   3    577.8    223.2   0.1921   0.1200   1.6000   0.5160 -1494.369
 10   4    577.1    223.9   0.1799   0.1124   1.6000   0.4831 -1485.727
 10   5    578.6    222.4   0.1160   0.0725   1.6000   0.3117 -1377.166
 10   6    578.6    222.4   0.1160   0.0725   1.6000   0.3117 -1377.166
 10   7    578.8    222.2   0.1129   0.0706   1.6000   0.3034 -1374.776
 10   8    578.8    222.2   0.1129   0.0706   1.6000   0.3034 -1374.776
 10   9    578.6    222.4   0.1092   0.0683   1.6000   0.2936 -1357.413
 11   1    577.2    223.8   0.3611   0.2257   1.6000   0.9698 -1702.538
 11   2    577.5    223.5   0.2989   0.1868   1.6000   0.8028 -1652.978
 11   3    577.8    223.2   0.1920   0.1200   1.6000   0.5157 -1494.653
 11   4    577.0    224.0   0.1763   0.1102   1.6000   0.4733 -1480.747
 11   5    578.5    222.5   0.1192   0.0745   1.6000   0.3203 -1381.921
 11   6    578.5    222.5   0.1192   0.0745   1.6000   0.3203 -1381.921
 11   7    578.7    222.3   0.1129   0.0705   1.6000   0.3033 -1374.952
 11   8    578.7    222.3   0.1129   0.0705   1.6000   0.3033 -1374.952
 11   9    578.6    222.4   0.1092   0.0682   1.6000   0.2935 -1357.071
 11  10    578.0    223.0   0.0056   0.0035   1.6000   0.0150 -1093.421
 12   1    576.5    224.5   0.4693   0.2933   1.6000   1.2599 -1795.739
 12   2    576.8    224.2   0.4463   0.2789   1.6000   1.1984 -1779.706
 12   3    577.1    223.9   0.5025   0.3140   1.6000   1.3494 -1825.090
 12   4    576.4    224.6   0.4597   0.2873   1.6000   1.2340 -1789.791
 12   5    577.8    223.2   0.4888   0.3055   1.6000   1.3131 -1807.698
 12   6    577.8    223.2   0.4888   0.3055   1.6000   1.3131 -1807.698
 12   7    578.0    223.0   0.5099   0.3187   1.6000   1.3700 -1823.975
 12   8    578.0    223.0   0.5099   0.3187   1.6000   1.3700 -1823.975
 12   9    577.9    223.1   0.4887   0.3055   1.6000   1.3131 -1812.026
 12  10    577.3    223.7   0.4604   0.2878   1.6000   1.2366 -1793.687
 12  11    577.3    223.7   0.4621   0.2888   1.6000   1.2412 -1794.471
 13   1    575.9    225.1   0.4576   0.2860   1.6000   1.2282 -1789.479
 13   2    576.2    224.8   0.4910   0.3069   1.6000   1.3181 -1814.937
 13   3    576.5    224.5   0.4817   0.3011   1.6000   1.2933 -1809.413
 13   4    575.7    225.3   0.4703   0.2939   1.6000   1.2621 -1805.177
 13   5    577.2    223.8   0.4872   0.3045   1.6000   1.3083 -1810.498
 13   6    577.2    223.8   0.4872   0.3045   1.6000   1.3083 -1810.498
 13   7    577.4    223.6   0.4875   0.3047   1.6000   1.3094 -1813.470
 13   8    577.4    223.6   0.4875   0.3047   1.6000   1.3094 -1813.470
 13   9    577.2    223.8   0.4546   0.2841   1.6000   1.2209 -1796.434
 13  10    576.7    224.3   0.4410   0.2756   1.6000   1.1841 -1784.593
 13  11    576.6    224.4   0.4430   0.2769   1.6000   1.1893 -1785.944
 13  12    576.0    225.0   0.2612   0.1633   1.6000   0.7011 -1612.620
 14   1    575.6    225.4   0.4560   0.2850   1.6000   1.2236 -1790.718
 14   2    575.9    225.1   0.4819   0.3012   1.6000   1.2935 -1809.318
 14   3    576.2    224.8   0.4772   0.2982   1.6000   1.2809 -1809.883
 14   4    575.4    225.6   0.4693   0.2933   1.6000   1.2591 -1806.996
 14   5    577.0    224.0   0.4783   0.2989   1.6000   1.2843 -1809.998
 14   6    577.0    224.0   0.4783   0.2989   1.6000   1.2843 -1809.998
 14   7    577.1    223.9   0.4744   0.2965   1.6000   1.2742 -1811.877
 14   8    577.1    223.9   0.4744   0.2965   1.6000   1.2742 -1811.877
 14   9    577.0    224.0   0.4438   0.2774   1.6000   1.1917 -1795.013
 14  10    576.4    224.6   0.4352   0.2720   1.6000   1.1683 -1785.840
 14  11    576.4    224.6   0.4372   0.2732   1.6000   1.1736 -1787.141
 14  12    575.7    225.3   0.2824   0.1765   1.6000   0.7578 -1635.075
 14  13    575.0    226.0   0.0327   0.0204   1.6000   0.0877 -1194.897
 15   1    575.7    225.3   0.4605   0.2878   1.6000   1.2358 -1795.695
 15   2    576.0    225.0   0.4779   0.2987   1.6000   1.2828 -1811.926
 15   3    576.2    224.8   0.4829   0.3018   1.6000   1.2962 -1813.818
 15   4    575.5    225.5   0.4738   0.2961   1.6000   1.2712 -1808.627
 15   5    577.0    224.0   0.4832   0.3020   1.6000   1.2976 -1811.948
 15   6    577.0    224.0   0.4832   0.3020   1.6000   1.2976 -1811.948
 15   7    577.2    223.8   0.4857   0.3036   1.6000   1.3045 -1817.861
 15   8    577.2    223.8   0.4857   0.3036   1.6000   1.3045 -1817.861
 15   9    577.0    224.0   0.4594   0.2871   1.6000   1.2337 -1803.299
 15  10    576.5    224.5   0.4500   0.2812   1.6000   1.2080 -1792.411
 15  11    576.4    224.6   0.4519   0.2825   1.6000   1.2133 -1793.679
 15  12    575.8    225.2   0.2844   0.1777   1.6000   0.7632 -1636.037
 15  13    575.1    225.9   0.0341   0.0213   1.6000   0.0915 -1198.603
 15  14    574.8    226.2   0.0212   0.0132   1.6000   0.0568 -1159.425
 16   1    575.7    225.3   0.4549   0.2843   1.6000   1.2207 -1791.600
 16   2    576.0    225.0   0.4722   0.2951   1.6000   1.2673 -1807.941
 16   3    576.3    224.7   0.4824   0.3015   1.6000   1.2949 -1812.177
 16   4    575.5    225.5   0.4681   0.2926   1.6000   1.2562 -1804.696
 16   5    577.1    223.9   0.4826   0.3016   1.6000   1.2960 -1810.325
 16   6    577.1    223.9   0.4826   0.3016   1.6000   1.2960 -1810.325
 16   7    577.2    223.8   0.4851   0.3032   1.6000   1.3029 -1816.254
 16   8    577.2    223.8   0.4851   0.3032   1.6000   1.3029 -1816.254
 16   9    577.1    223.9   0.4536   0.2835   1.6000   1.2182 -1799.230
 16  10    576.5    224.5   0.4443   0.2777   1.6000   1.1929 -1788.286
 16  11    576.5    224.5   0.4463   0.2789   1.6000   1.1982 -1789.579
 16  12    575.8    225.2   0.2801   0.1751   1.6000   0.7518 -1630.881
 16  13    575.2    225.8   0.0312   0.0195   1.6000   0.0837 -1188.794
 16  14    574.9    226.1   0.0183   0.0114   1.6000   0.0491 -1148.641
 16  15    575.0    226.0   0.0028   0.0017   1.6000   0.0075 -1088.187
 17   1    575.7    225.3   0.4549   0.2843   1.6000   1.2207 -1791.600
 17   2    576.0    225.0   0.4722   0.2951   1.6000   1.2673 -1807.941
 17   3    576.3    224.7   0.4824   0.3015   1.6000   1.2949 -1812.177
 17   4    575.5    225.5   0.4681   0.2926   1.6000   1.2562 -1804.696
 17   5    577.1    223.9   0.4826   0.3016   1.6000   1.2960 -1810.325
 17   6    577.1    223.9   0.4826   0.3016   1.6000   1.2960 -1810.325
 17   7    577.2    223.8   0.4851   0.3032   1.6000   1.3029 -1816.254
 17   8    577.2    223.8   0.4851   0.3032   1.6000   1.3029 -1816.254
 17   9    577.1    223.9   0.4536   0.2835   1.6000   1.2182 -1799.230
 17  10    576.5    224.5   0.4443   0.2777   1.6000   1.1929 -1788.286
 17  11    576.5    224.5   0.4463   0.2789   1.6000   1.1982 -1789.579
 17  12    575.8    225.2   0.2801   0.1751   1.6000   0.7518 -1630.881
 17  13    575.2    225.8   0.0312   0.0195   1.6000   0.0837 -1188.794
 17  14    574.9    226.1   0.0183   0.0114   1.6000   0.0491 -1148.641
 17  15    575.0    226.0   0.0028   0.0017   1.6000   0.0075 -1088.187
 17  16    575.0    226.0   0.0000   0.0000   1.6000   0.0000 -1071.450
 18   1    576.4    224.6   0.4287   0.2680   1.6000   1.1509 -1778.954
 18   2    576.7    224.3   0.4804   0.3002   1.6000   1.2897 -1808.499
 18   3    577.0    224.0   0.5050   0.3156   1.6000   1.3562 -1827.490
 18   4    576.2    224.8   0.5011   0.3132   1.6000   1.3450 -1825.238
 18   5    577.7    223.3   0.4692   0.2933   1.6000   1.2606 -1811.202
 18   6    577.7    223.3   0.4692   0.2933   1.6000   1.2606 -1811.202
 18   7    577.9    223.1   0.4757   0.2973   1.6000   1.2780 -1819.310
 18   8    577.9    223.1   0.4757   0.2973   1.6000   1.2780 -1819.310
 18   9    577.8    223.2   0.4831   0.3020   1.6000   1.2980 -1820.415
 18  10    577.2    223.8   0.4651   0.2907   1.6000   1.2491 -1805.349
 18  11    577.2    223.8   0.4671   0.2920   1.6000   1.2546 -1807.072
 18  12    576.5    224.5   0.2643   0.1652   1.6000   0.7095 -1607.269
 18  13    575.9    225.1   0.2239   0.1399   1.6000   0.6009 -1558.399
 18  14    575.6    225.4   0.2374   0.1484   1.6000   0.6370 -1570.277
 18  15    575.7    225.3   0.2324   0.1453   1.6000   0.6237 -1567.594
 18  16    575.7    225.3   0.2284   0.1427   1.6000   0.6129 -1561.871
 18  17    575.7    225.3   0.2284   0.1427   1.6000   0.6129 -1561.871
 19   1    575.3    225.7   0.4304   0.2690   1.6000   1.1547 -1767.618
 19   2    575.6    225.4   0.4306   0.2691   1.6000   1.1554 -1773.401
 19   3    575.9    225.1   0.4620   0.2888   1.6000   1.2400 -1801.607
 19   4    575.1    225.9   0.4856   0.3035   1.6000   1.3027 -1809.520
 19   5    576.6    224.4   0.4847   0.3029   1.6000   1.3013 -1811.525
 19   6    576.6    224.4   0.4847   0.3029   1.6000   1.3013 -1811.525
 19   7    576.8    224.2   0.4799   0.3000   1.6000   1.2887 -1813.413
 19   8    576.8    224.2   0.4799   0.3000   1.6000   1.2887 -1813.413
 19   9    576.7    224.3   0.4713   0.2946   1.6000   1.2654 -1810.144
 19  10    576.1    224.9   0.4731   0.2957   1.6000   1.2699 -1804.824
 19  11    576.1    224.9   0.4753   0.2970   1.6000   1.2757 -1806.548
 19  12    575.4    225.6   0.2644   0.1653   1.6000   0.7095 -1607.210
 19  13    574.8    226.2   0.2403   0.1502   1.6000   0.6446 -1567.961
 19  14    574.5    226.5   0.2450   0.1532   1.6000   0.6572 -1572.686
 19  15    574.5    226.5   0.2460   0.1537   1.6000   0.6597 -1576.538
 19  16    574.6    226.4   0.2419   0.1512   1.6000   0.6488 -1570.884
 19  17    574.6    226.4   0.2419   0.1512   1.6000   0.6488 -1570.884
 19  18    575.3    225.7   0.1412   0.0883   1.6000   0.3790 -1420.691
 20   1    575.9    225.1   0.4482   0.2801   1.6000   1.2030 -1782.780
 20   2    576.2    224.8   0.4488   0.2805   1.6000   1.2048 -1790.184
 20   3    576.4    224.6   0.5024   0.3140   1.6000   1.3488 -1832.961
 20   4    575.7    225.3   0.4984   0.3115   1.6000   1.3374 -1823.831
 20   5    577.2    223.8   0.4594   0.2871   1.6000   1.2337 -1811.403
 20   6    577.2    223.8   0.4594   0.2871   1.6000   1.2337 -1811.403
 20   7    577.4    223.6   0.4527   0.2830   1.6000   1.2160 -1807.323
 20   8    577.4    223.6   0.4527   0.2830   1.6000   1.2160 -1807.323
 20   9    577.2    223.8   0.4845   0.3028   1.6000   1.3012 -1818.121
 20  10    576.7    224.3   0.4773   0.2983   1.6000   1.2815 -1817.726
 20  11    576.7    224.3   0.4843   0.3027   1.6000   1.3003 -1820.893
 20  12    576.0    225.0   0.3721   0.2326   1.6000   0.9988 -1716.492
 20  13    575.3    225.7   0.3665   0.2291   1.6000   0.9833 -1719.934
 20  14    575.1    225.9   0.3651   0.2282   1.6000   0.9794 -1721.230
 20  15    575.1    225.9   0.3709   0.2318   1.6000   0.9951 -1729.283
 20  16    575.2    225.8   0.3705   0.2316   1.6000   0.9941 -1727.479
 20  17    575.2    225.8   0.3705   0.2316   1.6000   0.9941 -1727.479
 20  18    575.9    225.1   0.3415   0.2134   1.6000   0.9165 -1706.045
 20  19    574.8    226.2   0.3445   0.2153   1.6000   0.9240 -1697.391
 21   1    576.3    224.7   0.4227   0.2642   1.6000   1.1347 -1763.513
 21   2    576.6    224.4   0.4584   0.2865   1.6000   1.2308 -1781.760
 21   3    576.9    224.1   0.4874   0.3046   1.6000   1.3088 -1807.647
 21   4    576.1    224.9   0.4638   0.2899   1.6000   1.2448 -1795.183
 21   5    577.6    223.4   0.4913   0.3071   1.6000   1.3198 -1815.813
 21   6    577.6    223.4   0.4913   0.3071   1.6000   1.3198 -1815.813
 21   7    577.8    223.2   0.5049   0.3155   1.6000   1.3563 -1821.940
 21   8    577.8    223.2   0.5049   0.3155   1.6000   1.3563 -1821.940
 21   9    577.7    223.3   0.5030   0.3144   1.6000   1.3513 -1822.281
 21  10    577.1    223.9   0.4770   0.2981   1.6000   1.2810 -1803.276
 21  11    577.1    223.9   0.4735   0.2959   1.6000   1.2715 -1801.751
 21  12    576.4    224.6   0.3405   0.2128   1.6000   0.9141 -1689.373
 21  13    575.7    225.3   0.3615   0.2260   1.6000   0.9702 -1706.262
 21  14    575.5    225.5   0.3719   0.2324   1.6000   0.9978 -1715.275
 21  15    575.5    225.5   0.3771   0.2357   1.6000   1.0120 -1721.220
 21  16    575.6    225.4   0.3768   0.2355   1.6000   1.0110 -1719.454
 21  17    575.6    225.4   0.3768   0.2355   1.6000   1.0110 -1719.454
 21  18    576.3    224.7   0.3760   0.2350   1.6000   1.0093 -1715.556
 21  19    575.2    225.8   0.3816   0.2385   1.6000   1.0238 -1721.293
 21  20    575.7    225.3   0.3024   0.1890   1.6000   0.8116 -1651.993
 22   1    575.8    225.2   0.4535   0.2834   1.6000   1.2169 -1790.701
 22   2    576.1    224.9   0.4293   0.2683   1.6000   1.1524 -1777.223
 22   3    576.3    224.7   0.4863   0.3039   1.6000   1.3055 -1817.938
 22   4    575.6    225.4   0.4606   0.2879   1.6000   1.2359 -1794.346
 22   5    577.1    223.9   0.4929   0.3080   1.6000   1.3236 -1820.984
 22   6    577.1    223.9   0.4929   0.3080   1.6000   1.3236 -1820.984
 22   7    577.3    223.7   0.4636   0.2897   1.6000   1.2451 -1806.547
 22   8    577.3    223.7   0.4636   0.2897   1.6000   1.2451 -1806.547
 22   9    577.1    223.9   0.4740   0.2963   1.6000   1.2731 -1820.151
 22  10    576.6    224.4   0.4751   0.2969   1.6000   1.2756 -1813.705
 22  11    576.5    224.5   0.4666   0.2916   1.6000   1.2528 -1810.550
 22  12    575.9    225.1   0.3371   0.2107   1.6000   0.9048 -1695.691
 22  13    575.2    225.8   0.3439   0.2149   1.6000   0.9227 -1706.131
 22  14    574.9    226.1   0.3461   0.2163   1.6000   0.9284 -1704.374
 22  15    575.0    226.0   0.3535   0.2209   1.6000   0.9482 -1712.102
 22  16    575.1    225.9   0.3487   0.2179   1.6000   0.9354 -1707.479
 22  17    575.1    225.9   0.3487   0.2179   1.6000   0.9354 -1707.479
 22  18    575.8    225.2   0.3302   0.2064   1.6000   0.8861 -1687.330
 22  19    574.7    226.3   0.3310   0.2069   1.6000   0.8878 -1685.076
 22  20    575.2    225.8   0.3478   0.2174   1.6000   0.9331 -1701.780
 22  21    575.6    225.4   0.2775   0.1734   1.6000   0.7447 -1630.423
 23   1    575.7    225.3   0.4632   0.2895   1.6000   1.2430 -1794.844
 23   2    576.0    225.0   0.4282   0.2676   1.6000   1.1492 -1773.673
 23   3    576.3    224.7   0.4644   0.2902   1.6000   1.2465 -1804.282
 23   4    575.5    225.5   0.4629   0.2893   1.6000   1.2420 -1795.030
 23   5    577.0    224.0   0.4958   0.3099   1.6000   1.3314 -1822.877
 23   6    577.0    224.0   0.4958   0.3099   1.6000   1.3314 -1822.877
 23   7    577.2    223.8   0.4752   0.2970   1.6000   1.2762 -1816.546
 23   8    577.2    223.8   0.4752   0.2970   1.6000   1.2762 -1816.546
 23   9    577.1    223.9   0.4632   0.2895   1.6000   1.2438 -1813.010
 23  10    576.5    224.5   0.4719   0.2949   1.6000   1.2668 -1809.685
 23  11    576.5    224.5   0.4634   0.2896   1.6000   1.2441 -1806.502
 23  12    575.8    225.2   0.3275   0.2047   1.6000   0.8790 -1687.554
 23  13    575.2    225.8   0.3389   0.2118   1.6000   0.9093 -1700.114
 23  14    574.9    226.1   0.3453   0.2158   1.6000   0.9263 -1700.437
 23  15    574.9    226.1   0.3550   0.2219   1.6000   0.9523 -1710.069
 23  16    575.0    226.0   0.3502   0.2189   1.6000   0.9394 -1705.460
 23  17    575.0    226.0   0.3502   0.2189   1.6000   0.9394 -1705.460
 23  18    575.7    225.3   0.3296   0.2060   1.6000   0.8844 -1685.010
 23  19    574.6    226.4   0.3312   0.2070   1.6000   0.8882 -1683.922
 23  20    575.2    225.8   0.3474   0.2171   1.6000   0.9319 -1701.175
 23  21    575.6    225.4   0.2850   0.1781   1.6000   0.7649 -1635.304
 23  22    575.0    226.0   0.0167   0.0104   1.6000   0.0448 -1143.716
 24   1    575.3    225.7   0.4163   0.2602   1.6000   1.1169 -1771.237
 24   2    575.6    225.4   0.4749   0.2968   1.6000   1.2744 -1807.467
 24   3    575.9    225.1   0.4820   0.3012   1.6000   1.2936 -1814.618
 24   4    575.1    225.9   0.4942   0.3089   1.6000   1.3259 -1808.237
 24   5    576.6    224.4   0.4818   0.3011   1.6000   1.2935 -1811.068
 24   6    576.6    224.4   0.4818   0.3011   1.6000   1.2935 -1811.068
 24   7    576.8    224.2   0.4828   0.3017   1.6000   1.2964 -1812.221
 24   8    576.8    224.2   0.4828   0.3017   1.6000   1.2964 -1812.221
 24   9    576.7    224.3   0.4781   0.2988   1.6000   1.2837 -1810.226
 24  10    576.1    224.9   0.4851   0.3032   1.6000   1.3021 -1810.415
 24  11    576.1    224.9   0.4845   0.3028   1.6000   1.3005 -1810.576
 24  12    575.4    225.6   0.3779   0.2362   1.6000   1.0139 -1737.187
 24  13    574.8    226.2   0.3787   0.2367   1.6000   1.0159 -1741.953
 24  14    574.5    226.5   0.3685   0.2303   1.6000   0.9882 -1737.339
 24  15    574.5    226.5   0.3812   0.2382   1.6000   1.0223 -1744.590
 24  16    574.6    226.4   0.3762   0.2351   1.6000   1.0090 -1740.219
 24  17    574.6    226.4   0.3762   0.2351   1.6000   1.0090 -1740.219
 24  18    575.3    225.7   0.3483   0.2177   1.6000   0.9345 -1715.278
 24  19    574.2    226.8   0.3616   0.2260   1.6000   0.9697 -1723.383
 24  20    574.7    226.3   0.3243   0.2027   1.6000   0.8698 -1687.304
 24  21    575.2    225.8   0.3535   0.2209   1.6000   0.9483 -1696.587
 24  22    574.6    226.4   0.2771   0.1732   1.6000   0.7432 -1635.709
 24  23    574.6    226.4   0.2836   0.1773   1.6000   0.7607 -1643.647
 25   1    574.4    226.6   0.4236   0.2647   1.6000   1.1359 -1772.271
 25   2    574.7    226.3   0.4492   0.2808   1.6000   1.2049 -1787.682
 25   3    574.9    226.1   0.4580   0.2862   1.6000   1.2285 -1803.066
 25   4    574.2    226.8   0.4619   0.2887   1.6000   1.2384 -1792.838
 25   5    575.7    225.3   0.4613   0.2883   1.6000   1.2379 -1798.104
 25   6    575.7    225.3   0.4613   0.2883   1.6000   1.2379 -1798.104
 25   7    575.9    225.1   0.4543   0.2839   1.6000   1.2192 -1800.156
 25   8    575.9    225.1   0.4543   0.2839   1.6000   1.2192 -1800.156
 25   9    575.8    225.2   0.4512   0.2820   1.6000   1.2109 -1798.219
 25  10    575.2    225.8   0.4324   0.2703   1.6000   1.1602 -1785.253
 25  11    575.2    225.8   0.4272   0.2670   1.6000   1.1460 -1783.506
 25  12    574.5    226.5   0.4067   0.2542   1.6000   1.0908 -1748.414
 25  13    573.8    227.2   0.4086   0.2554   1.6000   1.0954 -1767.409
 25  14    573.5    227.5   0.3971   0.2482   1.6000   1.0645 -1761.681
 25  15    573.6    227.4   0.3998   0.2499   1.6000   1.0718 -1763.912
 25  16    573.7    227.3   0.3995   0.2497   1.6000   1.0709 -1762.250
 25  17    573.7    227.3   0.3995   0.2497   1.6000   1.0709 -1762.250
 25  18    574.3    226.7   0.4043   0.2527   1.6000   1.0841 -1754.289
 25  19    573.3    227.7   0.3953   0.2471   1.6000   1.0594 -1744.250
 25  20    573.8    227.2   0.3751   0.2344   1.6000   1.0055 -1722.081
 25  21    574.2    226.8   0.3257   0.2036   1.6000   0.8735 -1673.469
 25  22    573.7    227.3   0.2531   0.1582   1.6000   0.6785 -1614.756
 25  23    573.6    227.4   0.2633   0.1646   1.6000   0.7059 -1626.898
 25  24    573.2    227.8   0.2113   0.1321   1.6000   0.5664 -1546.663
 26   1    577.0    224.0   0.4237   0.2648   1.6000   1.1379 -1763.937
 26   2    577.3    223.7   0.4229   0.2643   1.6000   1.1359 -1766.321
 26   3    577.6    223.4   0.4783   0.2990   1.6000   1.2850 -1814.613
 26   4    576.8    224.2   0.4187   0.2617   1.6000   1.1242 -1757.359
 26   5    578.3    222.7   0.4515   0.2822   1.6000   1.2132 -1788.948
 26   6    578.3    222.7   0.4515   0.2822   1.6000   1.2132 -1788.948
 26   7    578.5    222.5   0.4328   0.2705   1.6000   1.1630 -1777.351
 26   8    578.5    222.5   0.4328   0.2705   1.6000   1.1630 -1777.351
 26   9    578.4    222.6   0.4500   0.2813   1.6000   1.2093 -1787.125
 26  10    577.9    223.1   0.4246   0.2654   1.6000   1.1408 -1764.946
 26  11    577.8    223.2   0.4168   0.2605   1.6000   1.1197 -1761.595
 26  12    577.2    223.8   0.3234   0.2021   1.6000   0.8685 -1686.490
 26  13    576.5    224.5   0.3715   0.2322   1.6000   0.9973 -1718.269
 26  14    576.2    224.8   0.3761   0.2351   1.6000   1.0096 -1722.024
 26  15    576.3    224.7   0.3716   0.2322   1.6000   0.9975 -1718.857
 26  16    576.3    224.7   0.3668   0.2292   1.6000   0.9845 -1714.283
 26  17    576.3    224.7   0.3668   0.2292   1.6000   0.9845 -1714.283
 26  18    577.0    224.0   0.3684   0.2302   1.6000   0.9892 -1715.378
 26  19    575.9    225.1   0.3549   0.2218   1.6000   0.9526 -1707.581
 26  20    576.5    224.5   0.3097   0.1935   1.6000   0.8314 -1657.417
 26  21    576.9    224.1   0.3052   0.1907   1.6000   0.8195 -1645.402
 26  22    576.4    224.6   0.3254   0.2033   1.6000   0.8734 -1670.340
 26  23    576.3    224.7   0.3393   0.2121   1.6000   0.9110 -1685.315
 26  24    575.9    225.1   0.3432   0.2145   1.6000   0.9210 -1691.100
 26  25    575.0    226.0   0.3444   0.2153   1.6000   0.9239 -1686.804
 27   1    577.0    224.0   0.4237   0.2648   1.6000   1.1379 -1763.937
 27   2    577.3    223.7   0.4229   0.2643   1.6000   1.1359 -1766.321
 27   3    577.6    223.4   0.4783   0.2990   1.6000   1.2850 -1814.613
 27   4    576.8    224.2   0.4187   0.2617   1.6000   1.1242 -1757.359
 27   5    578.3    222.7   0.4515   0.2822   1.6000   1.2132 -1788.948
 27   6    578.3    222.7   0.4515   0.2822   1.6000   1.2132 -1788.948
 27   7    578.5    222.5   0.4328   0.2705   1.6000   1.1630 -1777.351
 27   8    578.5    222.5   0.4328   0.2705   1.6000   1.1630 -1777.351
 27   9    578.4    222.6   0.4500   0.2813   1.6000   1.2093 -1787.125
 27  10    577.9    223.1   0.4246   0.2654   1.6000   1.1408 -1764.946
 27  11    577.8    223.2   0.4168   0.2605   1.6000   1.1197 -1761.595
 27  12    577.2    223.8   0.3234   0.2021   1.6000   0.8685 -1686.490
 27  13    576.5    224.5   0.3715   0.2322   1.6000   0.9973 -1718.269
 27  14    576.2    224.8   0.3761   0.2351   1.6000   1.0096 -1722.024
 27  15    576.3    224.7   0.3716   0.2322   1.6000   0.9975 -1718.857
 27  16    576.3    224.7   0.3668   0.2292   1.6000   0.9845 -1714.283
 27  17    576.3    224.7   0.3668   0.2292   1.6000   0.9845 -1714.283
 27  18    577.0    224.0   0.3684   0.2302   1.6000   0.9892 -1715.378
 27  19    575.9    225.1   0.3549   0.2218   1.6000   0.9526 -1707.581
 27  20    576.5    224.5   0.3097   0.1935   1.6000   0.8314 -1657.417
 27  21    576.9    224.1   0.3052   0.1907   1.6000   0.8195 -1645.402
 27  22    576.4    224.6   0.3254   0.2033   1.6000   0.8734 -1670.340
 27  23    576.3    224.7   0.3393   0.2121   1.6000   0.9110 -1685.315
 27  24    575.9    225.1   0.3432   0.2145   1.6000   0.9210 -1691.100
 27  25    575.0    226.0   0.3444   0.2153   1.6000   0.9239 -1686.804
 27  26    577.6    223.4   0.0000   0.0000   1.6000   0.0000 -1069.894
 28   1    576.9    224.1   0.4080   0.2550   1.6000   1.0955 -1749.186
 28   2    577.2    223.8   0.4056   0.2535   1.6000   1.0893 -1745.411
 28   3    577.5    223.5   0.4491   0.2807   1.6000   1.2064 -1775.211
 28   4    576.8    224.2   0.4354   0.2721   1.6000   1.1690 -1763.511
 28   5    578.2    222.8   0.4462   0.2789   1.6000   1.1989 -1779.469
 28   6    578.2    222.8   0.4462   0.2789   1.6000   1.1989 -1779.469
 28   7    578.4    222.6   0.4310   0.2693   1.6000   1.1581 -1769.041
 28   8    578.4    222.6   0.4310   0.2693   1.6000   1.1581 -1769.041
 28   9    578.3    222.7   0.4627   0.2892   1.6000   1.2433 -1787.174
 28  10    577.8    223.2   0.4300   0.2688   1.6000   1.1553 -1765.637
 28  11    577.7    223.3   0.4267   0.2667   1.6000   1.1463 -1764.007
 28  12    577.1    223.9   0.3693   0.2308   1.6000   0.9917 -1715.337
 28  13    576.4    224.6   0.3760   0.2350   1.6000   1.0094 -1723.824
 28  14    576.1    224.9   0.3827   0.2392   1.6000   1.0273 -1729.530
 28  15    576.2    224.8   0.3883   0.2427   1.6000   1.0422 -1734.585
 28  16    576.2    224.8   0.3879   0.2424   1.6000   1.0412 -1732.789
 28  17    576.2    224.8   0.3879   0.2424   1.6000   1.0412 -1732.789
 28  18    576.9    224.1   0.3971   0.2482   1.6000   1.0664 -1729.134
 28  19    575.8    225.2   0.3799   0.2374   1.6000   1.0195 -1718.734
 28  20    576.4    224.6   0.3721   0.2326   1.6000   0.9989 -1733.151
 28  21    576.8    224.2   0.3143   0.1964   1.6000   0.8439 -1660.595
 28  22    576.3    224.7   0.3458   0.2161   1.6000   0.9281 -1707.286
 28  23    576.2    224.8   0.3398   0.2124   1.6000   0.9121 -1703.208
 28  24    575.8    225.2   0.3670   0.2294   1.6000   0.9850 -1722.849
 28  25    574.9    226.1   0.3312   0.2070   1.6000   0.8885 -1684.344
 28  26    577.5    223.5   0.3071   0.1920   1.6000   0.8250 -1659.759
 28  27    577.5    223.5   0.3071   0.1920   1.6000   0.8250 -1659.759
 29   1    577.3    223.7   0.4089   0.2556   1.6000   1.0983 -1745.232
 29   2    577.6    223.4   0.4251   0.2657   1.6000   1.1418 -1763.347
 29   3    577.8    223.2   0.4331   0.2707   1.6000   1.1636 -1774.930
 29   4    577.1    223.9   0.4298   0.2686   1.6000   1.1543 -1761.995
 29   5    578.5    222.5   0.4218   0.2637   1.6000   1.1337 -1759.105
 29   6    578.5    222.5   0.4218   0.2637   1.6000   1.1337 -1759.105
 29   7    578.6    222.4   0.4376   0.2735   1.6000   1.1761 -1773.481
 29   8    578.6    222.4   0.4376   0.2735   1.6000   1.1761 -1773.481
 29   9    578.6    222.4   0.4318   0.2699   1.6000   1.1605 -1766.712
 29  10    578.1    222.9   0.4106   0.2566   1.6000   1.1033 -1756.144
 29  11    578.0    223.0   0.4121   0.2576   1.6000   1.1073 -1756.973
 29  12    577.5    223.5   0.3599   0.2249   1.6000   0.9667 -1703.990
 29  13    576.8    224.2   0.3538   0.2211   1.6000   0.9499 -1700.136
 29  14    576.4    224.6   0.3687   0.2304   1.6000   0.9898 -1717.102
 29  15    576.5    224.5   0.3635   0.2272   1.6000   0.9758 -1711.707
 29  16    576.6    224.4   0.3586   0.2241   1.6000   0.9627 -1706.988
 29  17    576.6    224.4   0.3586   0.2241   1.6000   0.9627 -1706.988
 29  18    577.2    223.8   0.3548   0.2218   1.6000   0.9529 -1698.185
 29  19    576.2    224.8   0.3574   0.2234   1.6000   0.9593 -1701.484
 29  20    576.7    224.3   0.3765   0.2353   1.6000   1.0110 -1722.251
 29  21    577.1    223.9   0.3103   0.1939   1.6000   0.8332 -1656.566
 29  22    576.6    224.4   0.3438   0.2149   1.6000   0.9231 -1698.027
 29  23    576.6    224.4   0.3408   0.2130   1.6000   0.9150 -1696.014
 29  24    576.1    224.9   0.3523   0.2202   1.6000   0.9457 -1698.911
 29  25    575.2    225.8   0.3270   0.2044   1.6000   0.8774 -1681.842
 29  26    577.8    223.2   0.3049   0.1906   1.6000   0.8192 -1647.331
 29  27    577.8    223.2   0.3049   0.1906   1.6000   0.8192 -1647.331
 29  28    577.8    223.2   0.2221   0.1388   1.6000   0.5967 -1550.007
 30   1    577.3    223.7   0.4089   0.2556   1.6000   1.0983 -1745.232
 30   2    577.6    223.4   0.4251   0.2657   1.6000   1.1418 -1763.347
 30   3    577.8    223.2   0.4331   0.2707   1.6000   1.1636 -1774.930
 30   4    577.1    223.9   0.4298   0.2686   1.6000   1.1543 -1761.995
 30   5    578.5    222.5   0.4218   0.2637   1.6000   1.1337 -1759.105
 30   6    578.5    222.5   0.4218   0.2637   1.6000   1.1337 -1759.105
 30   7    578.6    222.4   0.4376   0.2735   1.6000   1.1761 -1773.481
 30   8    578.6    222.4   0.4376   0.2735   1.6000   1.1761 -1773.481
 30   9    578.6    222.4   0.4318   0.2699   1.6000   1.1605 -1766.712
 30  10    578.1    222.9   0.4106   0.2566   1.6000   1.1033 -1756.144
 30  11    578.0    223.0   0.4121   0.2576   1.6000   1.1073 -1756.973
 30  12    577.5    223.5   0.3599   0.2249   1.6000   0.9667 -1703.990
 30  13    576.8    224.2   0.3538   0.2211   1.6000   0.9499 -1700.136
 30  14    576.4    224.6   0.3687   0.2304   1.6000   0.9898 -1717.102
 30  15    576.5    224.5   0.3635   0.2272   1.6000   0.9758 -1711.707
 30  16    576.6    224.4   0.3586   0.2241   1.6000   0.9627 -1706.988
 30  17    576.6    224.4   0.3586   0.2241   1.6000   0.9627 -1706.988
 30  18    577.2    223.8   0.3548   0.2218   1.6000   0.9529 -1698.185
 30  19    576.2    224.8   0.3574   0.2234   1.6000   0.9593 -1701.484
 30  20    576.7    224.3   0.3765   0.2353   1.6000   1.0110 -1722.251
 30  21    577.1    223.9   0.3103   0.1939   1.6000   0.8332 -1656.566
 30  22    576.6    224.4   0.3438   0.2149   1.6000   0.9231 -1698.027
 30  23    576.6    224.4   0.3408   0.2130   1.6000   0.9150 -1696.014
 30  24    576.1    224.9   0.3523   0.2202   1.6000   0.9457 -1698.911
 30  25    575.2    225.8   0.3270   0.2044   1.6000   0.8774 -1681.842
 30  26    577.8    223.2   0.3049   0.1906   1.6000   0.8192 -1647.331
 30  27    577.8    223.2   0.3049   0.1906   1.6000   0.8192 -1647.331
 30  28    577.8    223.2   0.2221   0.1388   1.6000   0.5967 -1550.007
 30  29    578.3    222.7   0.0000   0.0000   1.6000   0.0000 -1062.111
 31   1    576.4    224.6   0.4260   0.2662   1.6000   1.1436 -1752.584
 31   2    576.7    224.3   0.4234   0.2646   1.6000   1.1368 -1748.844
 31   3    576.9    224.1   0.4661   0.2913   1.6000   1.2515 -1786.518
 31   4    576.2    224.8   0.4603   0.2877   1.6000   1.2356 -1780.100
 31   5    577.6    223.4   0.4486   0.2804   1.6000   1.2050 -1774.312
 31   6    577.6    223.4   0.4486   0.2804   1.6000   1.2050 -1774.312
 31   7    577.8    223.2   0.4274   0.2671   1.6000   1.1481 -1762.312
 31   8    577.8    223.2   0.4274   0.2671   1.6000   1.1481 -1762.312
 31   9    577.7    223.3   0.4292   0.2682   1.6000   1.1529 -1764.588
 31  10    577.2    223.8   0.4485   0.2803   1.6000   1.2044 -1771.869
 31  11    577.1    223.9   0.4402   0.2752   1.6000   1.1823 -1768.501
 31  12    576.5    224.5   0.3987   0.2492   1.6000   1.0703 -1738.910
 31  13    575.9    225.1   0.3993   0.2496   1.6000   1.0718 -1727.870
 31  14    575.6    225.4   0.4061   0.2538   1.6000   1.0897 -1739.481
 31  15    575.6    225.4   0.4038   0.2524   1.6000   1.0835 -1738.548
 31  16    575.7    225.3   0.4034   0.2521   1.6000   1.0825 -1736.643
 31  17    575.7    225.3   0.4034   0.2521   1.6000   1.0825 -1736.643
 31  18    576.4    224.6   0.3577   0.2236   1.6000   0.9603 -1705.984
 31  19    575.3    225.7   0.3519   0.2200   1.6000   0.9443 -1692.853
 31  20    575.8    225.2   0.3600   0.2250   1.6000   0.9661 -1706.700
 31  21    576.2    224.8   0.3401   0.2125   1.6000   0.9128 -1679.681
 31  22    575.7    225.3   0.3665   0.2290   1.6000   0.9835 -1723.517
 31  23    575.7    225.3   0.3718   0.2324   1.6000   0.9978 -1727.536
 31  24    575.3    225.7   0.3775   0.2359   1.6000   1.0129 -1724.658
 31  25    574.4    226.6   0.3600   0.2250   1.6000   0.9654 -1716.224
 31  26    577.0    224.0   0.3368   0.2105   1.6000   0.9045 -1681.671
 31  27    577.0    224.0   0.3368   0.2105   1.6000   0.9045 -1681.671
 31  28    577.0    224.0   0.2546   0.1591   1.6000   0.6837 -1582.276
 31  29    577.4    223.6   0.2581   0.1613   1.6000   0.6932 -1578.362
 31  30    577.4    223.6   0.2581   0.1613   1.6000   0.6932 -1578.362
 32   1    576.7    224.3   0.4051   0.2532   1.6000   1.0876 -1748.774
 32   2    577.0    224.0   0.4149   0.2593   1.6000   1.1143 -1758.329
 32   3    577.3    223.7   0.4680   0.2925   1.6000   1.2570 -1791.855
 32   4    576.5    224.5   0.4330   0.2706   1.6000   1.1625 -1766.009
 32   5    578.0    223.0   0.4543   0.2839   1.6000   1.2205 -1783.836
 32   6    578.0    223.0   0.4543   0.2839   1.6000   1.2205 -1783.836
 32   7    578.1    222.9   0.4474   0.2796   1.6000   1.2022 -1781.427
 32   8    578.1    222.9   0.4474   0.2796   1.6000   1.2022 -1781.427
 32   9    578.0    223.0   0.4349   0.2718   1.6000   1.1684 -1774.490
 32  10    577.5    223.5   0.4274   0.2671   1.6000   1.1480 -1763.310
 32  11    577.4    223.6   0.4194   0.2622   1.6000   1.1266 -1759.801
 32  12    576.8    224.2   0.3869   0.2418   1.6000   1.0388 -1724.366
 32  13    576.2    224.8   0.3803   0.2377   1.6000   1.0208 -1715.055
 32  14    575.9    225.1   0.3777   0.2361   1.6000   1.0138 -1718.122
 32  15    575.9    225.1   0.3679   0.2299   1.6000   0.9874 -1710.388
 32  16    576.0    225.0   0.3630   0.2269   1.6000   0.9744 -1705.687
 32  17    576.0    225.0   0.3630   0.2269   1.6000   0.9744 -1705.687
 32  18    576.7    224.3   0.3621   0.2263   1.6000   0.9722 -1703.519
 32  19    575.6    225.4   0.3667   0.2292   1.6000   0.9839 -1707.557
 32  20    576.2    224.8   0.3526   0.2204   1.6000   0.9465 -1702.035
 32  21    576.5    224.5   0.2979   0.1862   1.6000   0.7998 -1642.319
 32  22    576.0    225.0   0.3326   0.2079   1.6000   0.8927 -1696.932
 32  23    576.0    225.0   0.3444   0.2152   1.6000   0.9243 -1706.483
 32  24    575.6    225.4   0.3584   0.2240   1.6000   0.9616 -1715.683
 32  25    574.7    226.3   0.3469   0.2168   1.6000   0.9303 -1712.104
 32  26    577.3    223.7   0.2634   0.1646   1.6000   0.7074 -1608.902
 32  27    577.3    223.7   0.2634   0.1646   1.6000   0.7074 -1608.902
 32  28    577.2    223.8   0.2271   0.1419   1.6000   0.6099 -1553.965
 32  29    577.7    223.3   0.2347   0.1467   1.6000   0.6306 -1557.361
 32  30    577.7    223.3   0.2347   0.1467   1.6000   0.6306 -1557.361
 32  31    576.8    224.2   0.1988   0.1242   1.6000   0.5338 -1508.537
 33   1    578.2    222.8   0.4267   0.2667   1.6000   1.1465 -1762.944
 33   2    578.5    222.5   0.4448   0.2780   1.6000   1.1954 -1771.690
 33   3    578.8    222.2   0.4727   0.2954   1.6000   1.2706 -1806.670
 33   4    578.0    223.0   0.4422   0.2764   1.6000   1.1882 -1777.354
 33   5    579.6    221.4   0.4466   0.2791   1.6000   1.2009 -1781.974
 33   6    579.6    221.4   0.4466   0.2791   1.6000   1.2009 -1781.974
 33   7    579.8    221.2   0.4462   0.2788   1.6000   1.1999 -1786.322
 33   8    579.8    221.2   0.4462   0.2788   1.6000   1.1999 -1786.322
 33   9    579.6    221.4   0.4506   0.2816   1.6000   1.2116 -1795.281
 33  10    579.0    222.0   0.4398   0.2749   1.6000   1.1822 -1783.782
 33  11    579.0    222.0   0.4318   0.2699   1.6000   1.1608 -1780.962
 33  12    578.3    222.7   0.3409   0.2131   1.6000   0.9162 -1689.256
 33  13    577.7    223.3   0.3545   0.2216   1.6000   0.9524 -1705.559
 33  14    577.4    223.6   0.3581   0.2238   1.6000   0.9619 -1710.126
 33  15    577.5    223.5   0.3625   0.2266   1.6000   0.9737 -1711.683
 33  16    577.5    223.5   0.3576   0.2235   1.6000   0.9604 -1707.067
 33  17    577.5    223.5   0.3576   0.2235   1.6000   0.9604 -1707.067
 33  18    578.2    222.8   0.3377   0.2110   1.6000   0.9074 -1685.303
 33  19    577.1    223.9   0.3313   0.2071   1.6000   0.8898 -1675.032
 33  20    577.7    223.3   0.3467   0.2167   1.6000   0.9312 -1686.176
 33  21    578.1    222.9   0.3057   0.1911   1.6000   0.8215 -1651.935
 33  22    577.6    223.4   0.2963   0.1852   1.6000   0.7959 -1641.552
 33  23    577.5    223.5   0.3039   0.1900   1.6000   0.8164 -1646.612
 33  24    577.1    223.9   0.3349   0.2093   1.6000   0.8993 -1689.893
 33  25    576.2    224.8   0.3222   0.2014   1.6000   0.8649 -1676.395
 33  26    578.8    222.2   0.2853   0.1783   1.6000   0.7668 -1617.742
 33  27    578.8    222.2   0.2853   0.1783   1.6000   0.7668 -1617.742
 33  28    578.7    222.3   0.3091   0.1932   1.6000   0.8307 -1654.036
 33  29    579.0    222.0   0.2864   0.1790   1.6000   0.7698 -1616.550
 33  30    579.0    222.0   0.2864   0.1790   1.6000   0.7698 -1616.550
 33  31    578.1    222.9   0.3121   0.1951   1.6000   0.8387 -1647.452
 33  32    578.4    222.6   0.2731   0.1707   1.6000   0.7338 -1607.546
 34   1    578.2    222.8   0.4267   0.2667   1.6000   1.1465 -1762.944
 34   2    578.5    222.5   0.4448   0.2780   1.6000   1.1954 -1771.690
 34   3    578.8    222.2   0.4727   0.2954   1.6000   1.2706 -1806.670
 34   4    578.0    223.0   0.4422   0.2764   1.6000   1.1882 -1777.354
 34   5    579.6    221.4   0.4466   0.2791   1.6000   1.2009 -1781.974
 34   6    579.6    221.4   0.4466   0.2791   1.6000   1.2009 -1781.974
 34   7    579.8    221.2   0.4462   0.2788   1.6000   1.1999 -1786.322
 34   8    579.8    221.2   0.4462   0.2788   1.6000   1.1999 -1786.322
 34   9    579.6    221.4   0.4506   0.2816   1.6000   1.2116 -1795.281
 34  10    579.0    222.0   0.4398   0.2749   1.6000   1.1822 -1783.782
 34  11    579.0    222.0   0.4318   0.2699   1.6000   1.1608 -1780.962
 34  12    578.3    222.7   0.3409   0.2131   1.6000   0.9162 -1689.256
 34  13    577.7    223.3   0.3545   0.2216   1.6000   0.9524 -1705.559
 34  14    577.4    223.6   0.3581   0.2238   1.6000   0.9619 -1710.126
 34  15    577.5    223.5   0.3625   0.2266   1.6000   0.9737 -1711.683
 34  16    577.5    223.5   0.3576   0.2235   1.6000   0.9604 -1707.067
 34  17    577.5    223.5   0.3576   0.2235   1.6000   0.9604 -1707.067
 34  18    578.2    222.8   0.3377   0.2110   1.6000   0.9074 -1685.303
 34  19    577.1    223.9   0.3313   0.2071   1.6000   0.8898 -1675.032
 34  20    577.7    223.3   0.3467   0.2167   1.6000   0.9312 -1686.176
 34  21    578.1    222.9   0.3057   0.1911   1.6000   0.8215 -1651.935
 34  22    577.6    223.4   0.2963   0.1852   1.6000   0.7959 -1641.552
 34  23    577.5    223.5   0.3039   0.1900   1.6000   0.8164 -1646.612
 34  24    577.1    223.9   0.3349   0.2093   1.6000   0.8993 -1689.893
 34  25    576.2    224.8   0.3222   0.2014   1.6000   0.8649 -1676.395
 34  26    578.8    222.2   0.2853   0.1783   1.6000   0.7668 -1617.742
 34  27    578.8    222.2   0.2853   0.1783   1.6000   0.7668 -1617.742
 34  28    578.7    222.3   0.3091   0.1932   1.6000   0.8307 -1654.036
 34  29    579.0    222.0   0.2864   0.1790   1.6000   0.7698 -1616.550
 34  30    579.0    222.0   0.2864   0.1790   1.6000   0.7698 -1616.550
 34  31    578.1    222.9   0.3121   0.1951   1.6000   0.8387 -1647.452
 34  32    578.4    222.6   0.2731   0.1707   1.6000   0.7338 -1607.546
 34  33    580.0    221.0   0.0000   0.0000   1.6000   0.0000 -1065.968
 35   1    575.1    225.9   0.4155   0.2597   1.6000   1.1147 -1759.432
 35   2    575.4    225.6   0.4200   0.2625   1.6000   1.1269 -1770.320
 35   3    575.6    225.4   0.4689   0.2930   1.6000   1.2582 -1804.534
 35   4    574.9    226.1   0.4418   0.2762   1.6000   1.1852 -1786.129
 35   5    576.3    224.7   0.4416   0.2760   1.6000   1.1856 -1787.664
 35   6    576.3    224.7   0.4416   0.2760   1.6000   1.1856 -1787.664
 35   7    576.5    224.5   0.4246   0.2654   1.6000   1.1399 -1772.312
 35   8    576.5    224.5   0.4246   0.2654   1.6000   1.1399 -1772.312
 35   9    576.4    224.6   0.4385   0.2741   1.6000   1.1771 -1788.765
 35  10    575.9    225.1   0.4100   0.2562   1.6000   1.1003 -1767.069
 35  11    575.8    225.2   0.4119   0.2574   1.6000   1.1054 -1768.455
 35  12    575.2    225.8   0.3626   0.2266   1.6000   0.9729 -1710.344
 35  13    574.5    226.5   0.3317   0.2073   1.6000   0.8897 -1683.777
 35  14    574.2    226.8   0.3326   0.2079   1.6000   0.8919 -1686.394
 35  15    574.3    226.7   0.3388   0.2117   1.6000   0.9085 -1689.159
 35  16    574.3    226.7   0.3341   0.2088   1.6000   0.8959 -1684.391
 35  17    574.3    226.7   0.3341   0.2088   1.6000   0.8959 -1684.391
 35  18    575.0    226.0   0.3253   0.2033   1.6000   0.8725 -1687.770
 35  19    573.9    227.1   0.3583   0.2240   1.6000   0.9608 -1705.123
 35  20    574.5    226.5   0.3202   0.2001   1.6000   0.8586 -1672.290
 35  21    574.9    226.1   0.2984   0.1865   1.6000   0.8005 -1643.211
 35  22    574.4    226.6   0.2905   0.1815   1.6000   0.7790 -1653.584
 35  23    574.3    226.7   0.2901   0.1813   1.6000   0.7779 -1653.547
 35  24    573.9    227.1   0.3068   0.1917   1.6000   0.8224 -1671.433
 35  25    573.0    228.0   0.3358   0.2099   1.6000   0.8999 -1697.452
 35  26    575.6    225.4   0.3073   0.1920   1.6000   0.8245 -1654.445
 35  27    575.6    225.4   0.3073   0.1920   1.6000   0.8245 -1654.445
 35  28    575.6    225.4   0.3254   0.2033   1.6000   0.8731 -1683.615
 35  29    576.0    225.0   0.3520   0.2200   1.6000   0.9446 -1705.366
 35  30    576.0    225.0   0.3520   0.2200   1.6000   0.9446 -1705.366
 35  31    575.1    225.9   0.3464   0.2165   1.6000   0.9293 -1690.568
 35  32    575.4    225.6   0.3332   0.2082   1.6000   0.8939 -1678.500
 35  33    576.8    224.2   0.3120   0.1950   1.6000   0.8376 -1654.797
 35  34    576.8    224.2   0.3120   0.1950   1.6000   0.8376 -1654.797
 36   1    575.9    225.1   0.4225   0.2641   1.6000   1.1340 -1766.367
 36   2    576.2    224.8   0.4207   0.2630   1.6000   1.1294 -1764.669
 36   3    576.5    224.5   0.4979   0.3112   1.6000   1.3368 -1813.591
 36   4    575.7    225.3   0.4708   0.2943   1.6000   1.2635 -1795.813
 36   5    577.2    223.8   0.4772   0.2982   1.6000   1.2816 -1800.098
 36   6    577.2    223.8   0.4772   0.2982   1.6000   1.2816 -1800.098
 36   7    577.4    223.6   0.4713   0.2946   1.6000   1.2660 -1801.639
 36   8    577.4    223.6   0.4713   0.2946   1.6000   1.2660 -1801.639
 36   9    577.3    223.7   0.4649   0.2906   1.6000   1.2486 -1799.316
 36  10    576.7    224.3   0.4770   0.2981   1.6000   1.2808 -1795.142
 36  11    576.6    224.4   0.4689   0.2930   1.6000   1.2589 -1792.477
 36  12    576.0    225.0   0.3511   0.2194   1.6000   0.9422 -1691.550
 36  13    575.3    225.7   0.3651   0.2282   1.6000   0.9795 -1707.725
 36  14    575.1    225.9   0.3782   0.2364   1.6000   1.0146 -1721.596
 36  15    575.1    225.9   0.3790   0.2369   1.6000   1.0167 -1724.359
 36  16    575.2    225.8   0.3740   0.2338   1.6000   1.0034 -1719.837
 36  17    575.2    225.8   0.3740   0.2338   1.6000   1.0034 -1719.837
 36  18    575.9    225.1   0.3516   0.2197   1.6000   0.9436 -1705.626
 36  19    574.8    226.2   0.3441   0.2151   1.6000   0.9230 -1684.853
 36  20    575.4    225.6   0.3130   0.1956   1.6000   0.8398 -1660.931
 36  21    575.7    225.3   0.2960   0.1850   1.6000   0.7942 -1636.326
 36  22    575.2    225.8   0.3315   0.2072   1.6000   0.8895 -1685.412
 36  23    575.2    225.8   0.3386   0.2116   1.6000   0.9084 -1691.764
 36  24    574.8    226.2   0.3341   0.2088   1.6000   0.8960 -1685.698
 36  25    573.9    227.1   0.3488   0.2180   1.6000   0.9350 -1689.942
 36  26    576.5    224.5   0.3128   0.1955   1.6000   0.8398 -1659.930
 36  27    576.5    224.5   0.3128   0.1955   1.6000   0.8398 -1659.930
 36  28    576.4    224.6   0.3319   0.2074   1.6000   0.8909 -1669.794
 36  29    576.8    224.2   0.3517   0.2198   1.6000   0.9443 -1683.590
 36  30    576.8    224.2   0.3517   0.2198   1.6000   0.9443 -1683.590
 36  31    575.9    225.1   0.3221   0.2013   1.6000   0.8644 -1662.952
 36  32    576.2    224.8   0.3080   0.1925   1.6000   0.8267 -1651.164
 36  33    577.7    223.3   0.2984   0.1865   1.6000   0.8016 -1644.050
 36  34    577.7    223.3   0.2984   0.1865   1.6000   0.8016 -1644.050
 36  35    574.5    226.5   0.2556   0.1598   1.6000   0.6856 -1594.492
 37   1    574.7    226.3   0.4272   0.2670   1.6000   1.1459 -1772.756
 37   2    575.0    226.0   0.4492   0.2807   1.6000   1.2050 -1786.284
 37   3    575.3    225.7   0.5008   0.3130   1.6000   1.3436 -1823.158
 37   4    574.5    226.5   0.4546   0.2841   1.6000   1.2191 -1788.054
 37   5    576.0    225.0   0.4704   0.2940   1.6000   1.2625 -1801.049
 37   6    576.0    225.0   0.4704   0.2940   1.6000   1.2625 -1801.049
 37   7    576.2    224.8   0.4580   0.2862   1.6000   1.2293 -1800.604
 37   8    576.2    224.8   0.4580   0.2862   1.6000   1.2293 -1800.604
 37   9    576.1    224.9   0.4468   0.2793   1.6000   1.1993 -1790.827
 37  10    575.5    225.5   0.4619   0.2887   1.6000   1.2393 -1794.863
 37  11    575.5    225.5   0.4585   0.2866   1.6000   1.2303 -1793.464
 37  12    574.8    226.2   0.3415   0.2134   1.6000   0.9160 -1683.839
 37  13    574.2    226.8   0.3366   0.2103   1.6000   0.9024 -1691.569
 37  14    573.9    227.1   0.3409   0.2130   1.6000   0.9138 -1701.629
 37  15    573.9    227.1   0.3406   0.2129   1.6000   0.9132 -1700.945
 37  16    574.0    227.0   0.3359   0.2099   1.6000   0.9005 -1696.244
 37  17    574.0    227.0   0.3359   0.2099   1.6000   0.9005 -1696.244
 37  18    574.7    226.3   0.3474   0.2171   1.6000   0.9319 -1700.713
 37  19    573.6    227.4   0.3404   0.2127   1.6000   0.9124 -1690.854
 37  20    574.2    226.8   0.3446   0.2154   1.6000   0.9240 -1686.389
 37  21    574.6    226.4   0.2816   0.1760   1.6000   0.7552 -1622.557
 37  22    574.0    227.0   0.2903   0.1814   1.6000   0.7783 -1658.671
 37  23    574.0    227.0   0.2971   0.1857   1.6000   0.7967 -1666.571
 37  24    573.6    227.4   0.3458   0.2161   1.6000   0.9269 -1692.229
 37  25    572.7    228.3   0.3243   0.2027   1.6000   0.8688 -1678.516
 37  26    575.3    225.7   0.2953   0.1846   1.6000   0.7924 -1644.596
 37  27    575.3    225.7   0.2953   0.1846   1.6000   0.7924 -1644.596
 37  28    575.2    225.8   0.3463   0.2164   1.6000   0.9291 -1693.756
 37  29    575.6    225.4   0.3266   0.2041   1.6000   0.8765 -1670.670
 37  30    575.6    225.4   0.3266   0.2041   1.6000   0.8765 -1670.670
 37  31    574.7    226.3   0.3438   0.2149   1.6000   0.9220 -1690.940
 37  32    575.0    226.0   0.3132   0.1958   1.6000   0.8402 -1662.347
 37  33    576.5    224.5   0.3180   0.1987   1.6000   0.8537 -1659.891
 37  34    576.5    224.5   0.3180   0.1987   1.6000   0.8537 -1659.891
 37  35    573.3    227.7   0.2561   0.1601   1.6000   0.6865 -1585.365
 37  36    574.1    226.9   0.1666   0.1042   1.6000   0.4468 -1462.929
 38   1    574.7    226.3   0.3886   0.2429   1.6000   1.0423 -1744.908
 38   2    575.0    226.0   0.4528   0.2830   1.6000   1.2146 -1794.006
 38   3    575.3    225.7   0.4895   0.3059   1.6000   1.3134 -1810.286
 38   4    574.6    226.4   0.4642   0.2901   1.6000   1.2449 -1794.033
 38   5    576.1    224.9   0.4576   0.2860   1.6000   1.2283 -1794.000
 38   6    576.1    224.9   0.4576   0.2860   1.6000   1.2283 -1794.000
 38   7    576.3    224.7   0.4525   0.2828   1.6000   1.2146 -1795.814
 38   8    576.3    224.7   0.4525   0.2828   1.6000   1.2146 -1795.814
 38   9    576.1    224.9   0.4537   0.2836   1.6000   1.2178 -1795.986
 38  10    575.6    225.4   0.4458   0.2786   1.6000   1.1963 -1784.455
 38  11    575.5    225.5   0.4379   0.2737   1.6000   1.1749 -1781.160
 38  12    574.8    226.2   0.3639   0.2274   1.6000   0.9761 -1701.342
 38  13    574.2    226.8   0.3705   0.2316   1.6000   0.9936 -1720.248
 38  14    573.9    227.1   0.3720   0.2325   1.6000   0.9973 -1724.299
 38  15    574.0    227.0   0.3694   0.2309   1.6000   0.9905 -1722.377
 38  16    574.0    227.0   0.3645   0.2278   1.6000   0.9774 -1717.892
 38  17    574.0    227.0   0.3645   0.2278   1.6000   0.9774 -1717.892
 38  18    574.7    226.3   0.3451   0.2157   1.6000   0.9256 -1702.677
 38  19    573.6    227.4   0.3342   0.2088   1.6000   0.8958 -1685.160
 38  20    574.2    226.8   0.3428   0.2143   1.6000   0.9193 -1688.305
 38  21    574.6    226.4   0.3029   0.1893   1.6000   0.8123 -1653.233
 38  22    574.1    226.9   0.3111   0.1944   1.6000   0.8342 -1670.090
 38  23    574.0    227.0   0.3138   0.1961   1.6000   0.8414 -1672.664
 38  24    573.6    227.4   0.3375   0.2109   1.6000   0.9047 -1690.204
 38  25    572.7    228.3   0.3240   0.2025   1.6000   0.8681 -1682.815
 38  26    575.4    225.6   0.2942   0.1838   1.6000   0.7892 -1646.167
 38  27    575.4    225.6   0.2942   0.1838   1.6000   0.7892 -1646.167
 38  28    575.3    225.7   0.3330   0.2081   1.6000   0.8935 -1684.339
 38  29    575.6    225.4   0.3571   0.2232   1.6000   0.9582 -1697.697
 38  30    575.6    225.4   0.3571   0.2232   1.6000   0.9582 -1697.697
 38  31    574.7    226.3   0.3208   0.2005   1.6000   0.8603 -1671.995
 38  32    575.0    226.0   0.3189   0.1993   1.6000   0.8556 -1667.308
 38  33    576.6    224.4   0.3071   0.1919   1.6000   0.8244 -1653.502
 38  34    576.6    224.4   0.3071   0.1919   1.6000   0.8244 -1653.502
 38  35    573.3    227.7   0.2446   0.1529   1.6000   0.6556 -1576.823
 38  36    574.2    226.8   0.1533   0.0958   1.6000   0.4111 -1447.855
 38  37    573.0    228.0   0.1225   0.0766   1.6000   0.3284 -1386.233

