Supplemental results for CODEML (seqf: /gpfs/scratch/cltucker/EBH381-Group-Project/SIV_aligned_GAG.fas  treef: )


pairwise comparison (Goldman & Yang 1994)
seq seq        N       S       dN       dS     dN/dS   Paras.
  2   1    570.7    230.3   0.3577   0.1788   2.0000   0.9187 -1678.294
  3   1    571.0    230.0   0.4072   0.2036   2.0000   1.0462 -1710.766
  3   2    571.2    229.8   0.3454   0.1727   2.0000   0.8875 -1663.012
  4   1    570.3    230.7   0.4031   0.2016   2.0000   1.0351 -1714.587
  4   2    570.5    230.5   0.3212   0.1606   2.0000   0.8250 -1649.389
  4   3    570.8    230.2   0.2325   0.1163   2.0000   0.5973 -1537.580
  5   1    571.6    229.4   0.3901   0.1951   2.0000   1.0028 -1701.138
  5   2    571.9    229.1   0.3444   0.1722   2.0000   0.8853 -1675.247
  5   3    572.2    228.8   0.2490   0.1245   2.0000   0.6403 -1558.612
  5   4    571.5    229.5   0.2208   0.1104   2.0000   0.5675 -1520.916
  6   1    571.6    229.4   0.3901   0.1951   2.0000   1.0028 -1701.138
  6   2    571.9    229.1   0.3444   0.1722   2.0000   0.8853 -1675.247
  6   3    572.2    228.8   0.2490   0.1245   2.0000   0.6403 -1558.612
  6   4    571.5    229.5   0.2208   0.1104   2.0000   0.5675 -1520.916
  6   5    572.9    228.1   0.0000   0.0000   2.0000   0.0000 -1069.542
  7   1    571.8    229.2   0.3533   0.1766   2.0000   0.9081 -1674.990
  7   2    572.0    229.0   0.3337   0.1668   2.0000   0.8579 -1663.508
  7   3    572.3    228.7   0.2274   0.1137   2.0000   0.5848 -1538.214
  7   4    571.6    229.4   0.2180   0.1090   2.0000   0.5604 -1518.671
  7   5    573.1    227.9   0.0578   0.0289   2.0000   0.1487 -1256.747
  7   6    573.1    227.9   0.0578   0.0289   2.0000   0.1487 -1256.747
  8   1    571.8    229.2   0.3533   0.1766   2.0000   0.9081 -1674.990
  8   2    572.0    229.0   0.3337   0.1668   2.0000   0.8579 -1663.508
  8   3    572.3    228.7   0.2274   0.1137   2.0000   0.5848 -1538.214
  8   4    571.6    229.4   0.2180   0.1090   2.0000   0.5604 -1518.671
  8   5    573.1    227.9   0.0578   0.0289   2.0000   0.1487 -1256.747
  8   6    573.1    227.9   0.0578   0.0289   2.0000   0.1487 -1256.747
  8   7    573.2    227.8   0.0000   0.0000   2.0000   0.0000 -1069.482
  9   1    571.7    229.3   0.3959   0.1979   2.0000   1.0176 -1709.520
  9   2    571.9    229.1   0.3448   0.1724   2.0000   0.8864 -1671.894
  9   3    572.2    228.8   0.2119   0.1060   2.0000   0.5450 -1506.008
  9   4    571.5    229.5   0.2091   0.1046   2.0000   0.5375 -1504.278
  9   5    572.9    228.1   0.1453   0.0726   2.0000   0.3738 -1409.503
  9   6    572.9    228.1   0.1453   0.0726   2.0000   0.3738 -1409.503
  9   7    573.0    228.0   0.1471   0.0736   2.0000   0.3786 -1418.467
  9   8    573.0    228.0   0.1471   0.0736   2.0000   0.3786 -1418.467
 10   1    571.2    229.8   0.3963   0.1982   2.0000   1.0184 -1706.232
 10   2    571.4    229.6   0.3232   0.1616   2.0000   0.8306 -1655.267
 10   3    571.7    229.3   0.2035   0.1017   2.0000   0.5230 -1489.952
 10   4    571.0    230.0   0.1905   0.0952   2.0000   0.4893 -1482.283
 10   5    572.4    228.6   0.1222   0.0611   2.0000   0.3144 -1375.959
 10   6    572.4    228.6   0.1222   0.0611   2.0000   0.3144 -1375.959
 10   7    572.6    228.4   0.1189   0.0595   2.0000   0.3060 -1374.445
 10   8    572.6    228.4   0.1189   0.0595   2.0000   0.3060 -1374.445
 10   9    572.4    228.6   0.1150   0.0575   2.0000   0.2958 -1354.142
 11   1    571.1    229.9   0.3885   0.1943   2.0000   0.9984 -1702.556
 11   2    571.4    229.6   0.3203   0.1602   2.0000   0.8232 -1653.836
 11   3    571.7    229.3   0.2033   0.1017   2.0000   0.5227 -1490.393
 11   4    571.0    230.0   0.1865   0.0933   2.0000   0.4792 -1477.260
 11   5    572.4    228.6   0.1256   0.0628   2.0000   0.3230 -1380.656
 11   6    572.4    228.6   0.1256   0.0628   2.0000   0.3230 -1380.656
 11   7    572.5    228.5   0.1189   0.0594   2.0000   0.3058 -1374.784
 11   8    572.5    228.5   0.1189   0.0594   2.0000   0.3058 -1374.784
 11   9    572.4    228.6   0.1150   0.0575   2.0000   0.2956 -1353.962
 11  10    571.9    229.1   0.0058   0.0029   2.0000   0.0150 -1093.220
 12   1    570.5    230.5   0.5094   0.2547   2.0000   1.3084 -1798.743
 12   2    570.8    230.2   0.4845   0.2423   2.0000   1.2447 -1783.695
 12   3    571.0    230.0   0.5491   0.2746   2.0000   1.4109 -1829.162
 12   4    570.4    230.6   0.4985   0.2493   2.0000   1.2802 -1791.490
 12   5    571.7    229.3   0.5315   0.2658   2.0000   1.3664 -1809.632
 12   6    571.7    229.3   0.5315   0.2658   2.0000   1.3664 -1809.632
 12   7    571.9    229.1   0.5563   0.2782   2.0000   1.4303 -1826.451
 12   8    571.9    229.1   0.5563   0.2782   2.0000   1.4303 -1826.451
 12   9    571.7    229.3   0.5320   0.2660   2.0000   1.3676 -1815.224
 12  10    571.2    229.8   0.5006   0.2503   2.0000   1.2864 -1796.852
 12  11    571.2    229.8   0.5021   0.2511   2.0000   1.2902 -1797.252
 13   1    570.0    231.0   0.4958   0.2479   2.0000   1.2728 -1791.600
 13   2    570.2    230.8   0.5348   0.2674   2.0000   1.3734 -1818.295
 13   3    570.5    230.5   0.5248   0.2624   2.0000   1.3479 -1811.629
 13   4    569.8    231.2   0.5101   0.2551   2.0000   1.3095 -1807.444
 13   5    571.2    229.8   0.5293   0.2646   2.0000   1.3600 -1812.777
 13   6    571.2    229.8   0.5293   0.2646   2.0000   1.3600 -1812.777
 13   7    571.3    229.7   0.5298   0.2649   2.0000   1.3616 -1816.112
 13   8    571.3    229.7   0.5298   0.2649   2.0000   1.3616 -1816.112
 13   9    571.2    229.8   0.4938   0.2469   2.0000   1.2689 -1799.522
 13  10    570.7    230.3   0.4780   0.2390   2.0000   1.2279 -1787.168
 13  11    570.7    230.3   0.4800   0.2400   2.0000   1.2328 -1788.123
 13  12    570.0    231.0   0.2787   0.1394   2.0000   0.7156 -1613.056
 14   1    569.7    231.3   0.4938   0.2469   2.0000   1.2676 -1793.281
 14   2    570.0    231.0   0.5238   0.2619   2.0000   1.3448 -1812.348
 14   3    570.3    230.7   0.5198   0.2599   2.0000   1.3348 -1812.267
 14   4    569.6    231.4   0.5090   0.2545   2.0000   1.3065 -1809.721
 14   5    571.0    230.0   0.5193   0.2597   2.0000   1.3342 -1812.590
 14   6    571.0    230.0   0.5193   0.2597   2.0000   1.3342 -1812.590
 14   7    571.1    229.9   0.5156   0.2578   2.0000   1.3248 -1815.557
 14   8    571.1    229.9   0.5156   0.2578   2.0000   1.3248 -1815.557
 14   9    571.0    230.0   0.4821   0.2410   2.0000   1.2386 -1799.001
 14  10    570.5    230.5   0.4718   0.2359   2.0000   1.2117 -1789.195
 14  11    570.5    230.5   0.4737   0.2369   2.0000   1.2167 -1790.096
 14  12    569.8    231.2   0.3015   0.1508   2.0000   0.7740 -1634.489
 14  13    569.3    231.7   0.0343   0.0171   2.0000   0.0879 -1194.734
 15   1    569.8    231.2   0.4993   0.2497   2.0000   1.2818 -1798.769
 15   2    570.0    231.0   0.5199   0.2600   2.0000   1.3348 -1815.932
 15   3    570.3    230.7   0.5261   0.2630   2.0000   1.3510 -1816.273
 15   4    569.6    231.4   0.5138   0.2569   2.0000   1.3188 -1810.947
 15   5    571.0    230.0   0.5247   0.2624   2.0000   1.3482 -1814.346
 15   6    571.0    230.0   0.5247   0.2624   2.0000   1.3482 -1814.346
 15   7    571.2    229.8   0.5281   0.2641   2.0000   1.3571 -1821.402
 15   8    571.2    229.8   0.5281   0.2641   2.0000   1.3571 -1821.402
 15   9    571.0    230.0   0.4993   0.2496   2.0000   1.2828 -1806.845
 15  10    570.5    230.5   0.4880   0.2440   2.0000   1.2534 -1795.049
 15  11    570.5    230.5   0.4899   0.2450   2.0000   1.2583 -1795.922
 15  12    569.9    231.1   0.3037   0.1518   2.0000   0.7796 -1635.228
 15  13    569.3    231.7   0.0357   0.0179   2.0000   0.0917 -1198.562
 15  14    569.1    231.9   0.0222   0.0111   2.0000   0.0569 -1159.700
 16   1    569.8    231.2   0.4929   0.2465   2.0000   1.2654 -1794.774
 16   2    570.1    230.9   0.5134   0.2567   2.0000   1.3181 -1812.056
 16   3    570.4    230.6   0.5254   0.2627   2.0000   1.3493 -1814.477
 16   4    569.7    231.3   0.5075   0.2537   2.0000   1.3026 -1807.111
 16   5    571.1    229.9   0.5239   0.2620   2.0000   1.3462 -1812.577
 16   6    571.1    229.9   0.5239   0.2620   2.0000   1.3462 -1812.577
 16   7    571.2    229.8   0.5273   0.2637   2.0000   1.3551 -1819.650
 16   8    571.2    229.8   0.5273   0.2637   2.0000   1.3551 -1819.650
 16   9    571.1    229.9   0.4927   0.2464   2.0000   1.2661 -1802.883
 16  10    570.6    230.4   0.4816   0.2408   2.0000   1.2371 -1791.026
 16  11    570.5    230.5   0.4836   0.2418   2.0000   1.2420 -1791.923
 16  12    569.9    231.1   0.2990   0.1495   2.0000   0.7676 -1630.135
 16  13    569.4    231.6   0.0327   0.0163   2.0000   0.0839 -1188.769
 16  14    569.1    231.9   0.0192   0.0096   2.0000   0.0492 -1148.930
 16  15    569.2    231.8   0.0029   0.0015   2.0000   0.0075 -1088.176
 17   1    569.8    231.2   0.4929   0.2465   2.0000   1.2654 -1794.774
 17   2    570.1    230.9   0.5134   0.2567   2.0000   1.3181 -1812.056
 17   3    570.4    230.6   0.5254   0.2627   2.0000   1.3493 -1814.477
 17   4    569.7    231.3   0.5075   0.2537   2.0000   1.3026 -1807.111
 17   5    571.1    229.9   0.5239   0.2620   2.0000   1.3462 -1812.577
 17   6    571.1    229.9   0.5239   0.2620   2.0000   1.3462 -1812.577
 17   7    571.2    229.8   0.5273   0.2637   2.0000   1.3551 -1819.650
 17   8    571.2    229.8   0.5273   0.2637   2.0000   1.3551 -1819.650
 17   9    571.1    229.9   0.4927   0.2464   2.0000   1.2661 -1802.883
 17  10    570.6    230.4   0.4816   0.2408   2.0000   1.2371 -1791.026
 17  11    570.5    230.5   0.4836   0.2418   2.0000   1.2420 -1791.923
 17  12    569.9    231.1   0.2990   0.1495   2.0000   0.7676 -1630.135
 17  13    569.4    231.6   0.0327   0.0163   2.0000   0.0839 -1188.769
 17  14    569.1    231.9   0.0192   0.0096   2.0000   0.0492 -1148.930
 17  15    569.2    231.8   0.0029   0.0015   2.0000   0.0075 -1088.176
 17  16    569.2    231.8   0.0000   0.0000   2.0000   0.0000 -1071.450
 18   1    570.4    230.6   0.4641   0.2321   2.0000   1.1920 -1782.216
 18   2    570.7    230.3   0.5218   0.2609   2.0000   1.3404 -1810.785
 18   3    570.9    230.1   0.5511   0.2755   2.0000   1.4158 -1829.357
 18   4    570.3    230.7   0.5453   0.2726   2.0000   1.4002 -1827.208
 18   5    571.6    229.4   0.5105   0.2552   2.0000   1.3121 -1814.286
 18   6    571.6    229.4   0.5105   0.2552   2.0000   1.3121 -1814.286
 18   7    571.8    229.2   0.5183   0.2592   2.0000   1.3325 -1822.630
 18   8    571.8    229.2   0.5183   0.2592   2.0000   1.3325 -1822.630
 18   9    571.6    229.4   0.5267   0.2634   2.0000   1.3540 -1824.475
 18  10    571.2    229.8   0.5059   0.2530   2.0000   1.3000 -1807.956
 18  11    571.1    229.9   0.5081   0.2541   2.0000   1.3057 -1809.686
 18  12    570.5    230.5   0.2818   0.1409   2.0000   0.7238 -1607.415
 18  13    570.0    231.0   0.2378   0.1189   2.0000   0.6104 -1557.301
 18  14    569.7    231.3   0.2520   0.1260   2.0000   0.6469 -1568.254
 18  15    569.8    231.2   0.2468   0.1234   2.0000   0.6337 -1566.148
 18  16    569.8    231.2   0.2425   0.1212   2.0000   0.6225 -1560.488
 18  17    569.8    231.2   0.2425   0.1212   2.0000   0.6225 -1560.488
 19   1    569.5    231.5   0.4655   0.2328   2.0000   1.1947 -1769.817
 19   2    569.7    231.3   0.4661   0.2331   2.0000   1.1965 -1776.725
 19   3    570.0    231.0   0.5026   0.2513   2.0000   1.2904 -1804.803
 19   4    569.3    231.7   0.5272   0.2636   2.0000   1.3528 -1812.027
 19   5    570.7    230.3   0.5267   0.2633   2.0000   1.3528 -1813.192
 19   6    570.7    230.3   0.5267   0.2633   2.0000   1.3528 -1813.192
 19   7    570.8    230.2   0.5222   0.2611   2.0000   1.3415 -1815.997
 19   8    570.8    230.2   0.5222   0.2611   2.0000   1.3415 -1815.997
 19   9    570.7    230.3   0.5133   0.2566   2.0000   1.3185 -1813.948
 19  10    570.2    230.8   0.5141   0.2570   2.0000   1.3200 -1806.434
 19  11    570.2    230.8   0.5164   0.2582   2.0000   1.3259 -1808.167
 19  12    569.6    231.4   0.2818   0.1409   2.0000   0.7234 -1606.757
 19  13    569.0    232.0   0.2552   0.1276   2.0000   0.6547 -1564.904
 19  14    568.8    232.2   0.2602   0.1301   2.0000   0.6674 -1569.832
 19  15    568.8    232.2   0.2614   0.1307   2.0000   0.6704 -1574.399
 19  16    568.9    232.1   0.2569   0.1285   2.0000   0.6590 -1568.809
 19  17    568.9    232.1   0.2569   0.1285   2.0000   0.6590 -1568.809
 19  18    569.5    231.5   0.1487   0.0744   2.0000   0.3817 -1416.446
 20   1    570.0    231.0   0.4850   0.2425   2.0000   1.2453 -1784.664
 20   2    570.2    230.8   0.4865   0.2432   2.0000   1.2492 -1793.615
 20   3    570.5    230.5   0.5479   0.2739   2.0000   1.4071 -1836.199
 20   4    569.8    231.2   0.5421   0.2710   2.0000   1.3915 -1827.120
 20   5    571.2    229.8   0.5006   0.2503   2.0000   1.2864 -1816.248
 20   6    571.2    229.8   0.5006   0.2503   2.0000   1.2864 -1816.248
 20   7    571.3    229.7   0.4927   0.2463   2.0000   1.2661 -1811.967
 20   8    571.3    229.7   0.4927   0.2463   2.0000   1.2661 -1811.967
 20   9    571.2    229.8   0.5276   0.2638   2.0000   1.3558 -1821.950
 20  10    570.7    230.3   0.5196   0.2598   2.0000   1.3348 -1822.084
 20  11    570.7    230.3   0.5272   0.2636   2.0000   1.3543 -1825.024
 20  12    570.1    230.9   0.3999   0.2000   2.0000   1.0268 -1716.897
 20  13    569.5    231.5   0.3942   0.1971   2.0000   1.0118 -1721.815
 20  14    569.3    231.7   0.3927   0.1963   2.0000   1.0076 -1723.877
 20  15    569.3    231.7   0.3994   0.1997   2.0000   1.0249 -1732.530
 20  16    569.4    231.6   0.3989   0.1995   2.0000   1.0237 -1730.560
 20  17    569.4    231.6   0.3989   0.1995   2.0000   1.0237 -1730.560
 20  18    569.9    231.1   0.3667   0.1834   2.0000   0.9415 -1707.653
 20  19    569.0    232.0   0.3697   0.1849   2.0000   0.9485 -1697.679
 21   1    570.3    230.7   0.4571   0.2286   2.0000   1.1740 -1764.744
 21   2    570.6    230.4   0.4967   0.2483   2.0000   1.2757 -1782.824
 21   3    570.9    230.1   0.5301   0.2651   2.0000   1.3619 -1809.824
 21   4    570.2    230.8   0.5028   0.2514   2.0000   1.2911 -1795.786
 21   5    571.6    229.4   0.5350   0.2675   2.0000   1.3752 -1817.566
 21   6    571.6    229.4   0.5350   0.2675   2.0000   1.3752 -1817.566
 21   7    571.7    229.3   0.5502   0.2751   2.0000   1.4143 -1823.301
 21   8    571.7    229.3   0.5502   0.2751   2.0000   1.4143 -1823.301
 21   9    571.6    229.4   0.5478   0.2739   2.0000   1.4080 -1824.243
 21  10    571.1    229.9   0.5182   0.2591   2.0000   1.3316 -1804.025
 21  11    571.0    230.0   0.5141   0.2570   2.0000   1.3209 -1802.488
 21  12    570.4    230.6   0.3658   0.1829   2.0000   0.9394 -1689.869
 21  13    569.9    231.1   0.3886   0.1943   2.0000   0.9976 -1704.993
 21  14    569.6    231.4   0.3999   0.2000   2.0000   1.0264 -1713.695
 21  15    569.7    231.3   0.4057   0.2029   2.0000   1.0414 -1720.029
 21  16    569.7    231.3   0.4053   0.2026   2.0000   1.0403 -1718.096
 21  17    569.7    231.3   0.4053   0.2026   2.0000   1.0403 -1718.096
 21  18    570.3    230.7   0.4038   0.2019   2.0000   1.0371 -1713.398
 21  19    569.4    231.6   0.4102   0.2051   2.0000   1.0527 -1718.812
 21  20    569.9    231.1   0.3231   0.1616   2.0000   0.8296 -1651.068
 22   1    569.9    231.1   0.4914   0.2457   2.0000   1.2615 -1793.697
 22   2    570.1    230.9   0.4642   0.2321   2.0000   1.1918 -1780.989
 22   3    570.4    230.6   0.5290   0.2645   2.0000   1.3586 -1822.008
 22   4    569.7    231.3   0.4985   0.2492   2.0000   1.2796 -1796.865
 22   5    571.1    229.9   0.5361   0.2681   2.0000   1.3775 -1823.723
 22   6    571.1    229.9   0.5361   0.2681   2.0000   1.3775 -1823.723
 22   7    571.3    229.7   0.5040   0.2520   2.0000   1.2951 -1809.839
 22   8    571.3    229.7   0.5040   0.2520   2.0000   1.2951 -1809.839
 22   9    571.1    229.9   0.5160   0.2580   2.0000   1.3257 -1824.747
 22  10    570.6    230.4   0.5166   0.2583   2.0000   1.3270 -1817.329
 22  11    570.6    230.4   0.5071   0.2535   2.0000   1.3024 -1814.295
 22  12    570.0    231.0   0.3619   0.1809   2.0000   0.9291 -1697.515
 22  13    569.4    231.6   0.3696   0.1848   2.0000   0.9484 -1708.030
 22  14    569.2    231.8   0.3717   0.1858   2.0000   0.9536 -1706.009
 22  15    569.2    231.8   0.3798   0.1899   2.0000   0.9746 -1713.988
 22  16    569.3    231.7   0.3745   0.1873   2.0000   0.9610 -1709.447
 22  17    569.3    231.7   0.3745   0.1873   2.0000   0.9610 -1709.447
 22  18    569.9    231.1   0.3534   0.1767   2.0000   0.9072 -1686.796
 22  19    568.9    232.1   0.3545   0.1772   2.0000   0.9093 -1684.601
 22  20    569.4    231.6   0.3732   0.1866   2.0000   0.9576 -1702.777
 22  21    569.8    231.2   0.2963   0.1481   2.0000   0.7605 -1630.195
 23   1    569.8    231.2   0.5019   0.2509   2.0000   1.2883 -1797.316
 23   2    570.1    230.9   0.4626   0.2313   2.0000   1.1878 -1776.981
 23   3    570.3    230.7   0.5044   0.2522   2.0000   1.2953 -1807.987
 23   4    569.7    231.3   0.5008   0.2504   2.0000   1.2855 -1797.334
 23   5    571.0    230.0   0.5394   0.2697   2.0000   1.3859 -1825.343
 23   6    571.0    230.0   0.5394   0.2697   2.0000   1.3859 -1825.343
 23   7    571.2    229.8   0.5170   0.2585   2.0000   1.3284 -1820.043
 23   8    571.2    229.8   0.5170   0.2585   2.0000   1.3284 -1820.043
 23   9    571.0    230.0   0.5038   0.2519   2.0000   1.2945 -1816.938
 23  10    570.6    230.4   0.5129   0.2565   2.0000   1.3174 -1812.485
 23  11    570.5    230.5   0.5034   0.2517   2.0000   1.2928 -1809.421
 23  12    569.9    231.1   0.3513   0.1757   2.0000   0.9019 -1689.101
 23  13    569.3    231.7   0.3640   0.1820   2.0000   0.9341 -1700.854
 23  14    569.1    231.9   0.3706   0.1853   2.0000   0.9509 -1700.681
 23  15    569.2    231.8   0.3813   0.1907   2.0000   0.9784 -1710.664
 23  16    569.2    231.8   0.3760   0.1880   2.0000   0.9648 -1706.136
 23  17    569.2    231.8   0.3760   0.1880   2.0000   0.9648 -1706.136
 23  18    569.8    231.2   0.3526   0.1763   2.0000   0.9052 -1683.514
 23  19    568.8    232.2   0.3546   0.1773   2.0000   0.9096 -1683.054
 23  20    569.3    231.7   0.3725   0.1863   2.0000   0.9560 -1701.931
 23  21    569.7    231.3   0.3042   0.1521   2.0000   0.7809 -1634.577
 23  22    569.3    231.7   0.0174   0.0087   2.0000   0.0448 -1143.943
 24   1    569.4    231.6   0.4511   0.2255   2.0000   1.1576 -1775.031
 24   2    569.7    231.3   0.5158   0.2579   2.0000   1.3239 -1809.539
 24   3    569.9    231.1   0.5246   0.2623   2.0000   1.3469 -1817.247
 24   4    569.3    231.7   0.5357   0.2679   2.0000   1.3746 -1808.937
 24   5    570.6    230.4   0.5237   0.2618   2.0000   1.3451 -1813.346
 24   6    570.6    230.4   0.5237   0.2618   2.0000   1.3451 -1813.346
 24   7    570.8    230.2   0.5247   0.2624   2.0000   1.3480 -1814.010
 24   8    570.8    230.2   0.5247   0.2624   2.0000   1.3480 -1814.010
 24   9    570.7    230.3   0.5196   0.2598   2.0000   1.3347 -1812.408
 24  10    570.2    230.8   0.5270   0.2635   2.0000   1.3532 -1811.848
 24  11    570.2    230.8   0.5262   0.2631   2.0000   1.3512 -1812.149
 24  12    569.6    231.4   0.4065   0.2033   2.0000   1.0434 -1739.118
 24  13    569.0    232.0   0.4084   0.2042   2.0000   1.0477 -1744.134
 24  14    568.7    232.3   0.3970   0.1985   2.0000   1.0184 -1740.187
 24  15    568.8    232.2   0.4107   0.2053   2.0000   1.0535 -1746.540
 24  16    568.8    232.2   0.4052   0.2026   2.0000   1.0393 -1742.258
 24  17    568.8    232.2   0.4052   0.2026   2.0000   1.0393 -1742.258
 24  18    569.4    231.6   0.3740   0.1870   2.0000   0.9597 -1716.563
 24  19    568.5    232.5   0.3886   0.1943   2.0000   0.9965 -1724.864
 24  20    568.9    232.1   0.3473   0.1736   2.0000   0.8908 -1687.681
 24  21    569.3    231.7   0.3792   0.1896   2.0000   0.9730 -1694.128
 24  22    568.9    232.1   0.2952   0.1476   2.0000   0.7572 -1636.265
 24  23    568.8    232.2   0.3023   0.1512   2.0000   0.7755 -1644.268
 25   1    568.6    232.4   0.4580   0.2290   2.0000   1.1746 -1776.093
 25   2    568.9    232.1   0.4863   0.2432   2.0000   1.2475 -1790.066
 25   3    569.1    231.9   0.4977   0.2488   2.0000   1.2769 -1806.526
 25   4    568.5    232.5   0.4999   0.2499   2.0000   1.2820 -1794.308
 25   5    569.8    231.2   0.4996   0.2498   2.0000   1.2825 -1800.639
 25   6    569.8    231.2   0.4996   0.2498   2.0000   1.2825 -1800.639
 25   7    570.0    231.0   0.4925   0.2463   2.0000   1.2646 -1803.272
 25   8    570.0    231.0   0.4925   0.2463   2.0000   1.2646 -1803.272
 25   9    569.9    231.1   0.4900   0.2450   2.0000   1.2579 -1801.364
 25  10    569.4    231.6   0.4686   0.2343   2.0000   1.2027 -1788.175
 25  11    569.3    231.7   0.4628   0.2314   2.0000   1.1876 -1786.831
 25  12    568.8    232.2   0.4381   0.2191   2.0000   1.1238 -1749.347
 25  13    568.2    232.8   0.4421   0.2210   2.0000   1.1334 -1770.286
 25  14    567.9    233.1   0.4290   0.2145   2.0000   1.0998 -1764.637
 25  15    568.0    233.0   0.4320   0.2160   2.0000   1.1076 -1767.085
 25  16    568.0    233.0   0.4316   0.2158   2.0000   1.1064 -1765.253
 25  17    568.0    233.0   0.4316   0.2158   2.0000   1.1064 -1765.253
 25  18    568.6    232.4   0.4354   0.2177   2.0000   1.1166 -1754.738
 25  19    567.6    233.4   0.4252   0.2126   2.0000   1.0897 -1744.239
 25  20    568.1    232.9   0.4025   0.2012   2.0000   1.0319 -1721.422
 25  21    568.5    232.5   0.3490   0.1745   2.0000   0.8951 -1672.400
 25  22    568.0    233.0   0.2696   0.1348   2.0000   0.6911 -1616.993
 25  23    568.0    233.0   0.2807   0.1404   2.0000   0.7197 -1628.940
 25  24    567.6    233.4   0.2239   0.1119   2.0000   0.5737 -1543.908
 26   1    571.0    230.0   0.4577   0.2288   2.0000   1.1759 -1766.259
 26   2    571.2    229.8   0.4576   0.2288   2.0000   1.1758 -1769.136
 26   3    571.5    229.5   0.5204   0.2602   2.0000   1.3376 -1817.007
 26   4    570.8    230.2   0.4515   0.2258   2.0000   1.1599 -1757.037
 26   5    572.2    228.8   0.4892   0.2446   2.0000   1.2580 -1790.695
 26   6    572.2    228.8   0.4892   0.2446   2.0000   1.2580 -1790.695
 26   7    572.3    228.7   0.4683   0.2341   2.0000   1.2043 -1779.601
 26   8    572.3    228.7   0.4683   0.2341   2.0000   1.2043 -1779.601
 26   9    572.2    228.8   0.4872   0.2436   2.0000   1.2528 -1788.627
 26  10    571.7    229.3   0.4588   0.2294   2.0000   1.1795 -1765.183
 26  11    571.7    229.3   0.4501   0.2251   2.0000   1.1570 -1761.932
 26  12    571.1    229.9   0.3473   0.1737   2.0000   0.8924 -1687.907
 26  13    570.5    230.5   0.3995   0.1998   2.0000   1.0262 -1718.618
 26  14    570.3    230.7   0.4043   0.2022   2.0000   1.0382 -1722.474
 26  15    570.3    230.7   0.3993   0.1997   2.0000   1.0255 -1719.306
 26  16    570.4    230.6   0.3940   0.1970   2.0000   1.0118 -1714.811
 26  17    570.4    230.6   0.3940   0.1970   2.0000   1.0118 -1714.811
 26  18    570.9    230.1   0.3953   0.1977   2.0000   1.0156 -1714.304
 26  19    570.0    231.0   0.3810   0.1905   2.0000   0.9783 -1707.433
 26  20    570.5    230.5   0.3314   0.1657   2.0000   0.8512 -1658.052
 26  21    570.9    230.1   0.3262   0.1631   2.0000   0.8381 -1643.301
 26  22    570.4    230.6   0.3479   0.1740   2.0000   0.8935 -1669.325
 26  23    570.3    230.7   0.3632   0.1816   2.0000   0.9328 -1684.642
 26  24    569.9    231.1   0.3669   0.1835   2.0000   0.9419 -1689.240
 26  25    569.1    231.9   0.3685   0.1843   2.0000   0.9456 -1683.973
 27   1    571.0    230.0   0.4577   0.2288   2.0000   1.1759 -1766.259
 27   2    571.2    229.8   0.4576   0.2288   2.0000   1.1758 -1769.136
 27   3    571.5    229.5   0.5204   0.2602   2.0000   1.3376 -1817.007
 27   4    570.8    230.2   0.4515   0.2258   2.0000   1.1599 -1757.037
 27   5    572.2    228.8   0.4892   0.2446   2.0000   1.2580 -1790.695
 27   6    572.2    228.8   0.4892   0.2446   2.0000   1.2580 -1790.695
 27   7    572.3    228.7   0.4683   0.2341   2.0000   1.2043 -1779.601
 27   8    572.3    228.7   0.4683   0.2341   2.0000   1.2043 -1779.601
 27   9    572.2    228.8   0.4872   0.2436   2.0000   1.2528 -1788.627
 27  10    571.7    229.3   0.4588   0.2294   2.0000   1.1795 -1765.183
 27  11    571.7    229.3   0.4501   0.2251   2.0000   1.1570 -1761.932
 27  12    571.1    229.9   0.3473   0.1737   2.0000   0.8924 -1687.907
 27  13    570.5    230.5   0.3995   0.1998   2.0000   1.0262 -1718.618
 27  14    570.3    230.7   0.4043   0.2022   2.0000   1.0382 -1722.474
 27  15    570.3    230.7   0.3993   0.1997   2.0000   1.0255 -1719.306
 27  16    570.4    230.6   0.3940   0.1970   2.0000   1.0118 -1714.811
 27  17    570.4    230.6   0.3940   0.1970   2.0000   1.0118 -1714.811
 27  18    570.9    230.1   0.3953   0.1977   2.0000   1.0156 -1714.304
 27  19    570.0    231.0   0.3810   0.1905   2.0000   0.9783 -1707.433
 27  20    570.5    230.5   0.3314   0.1657   2.0000   0.8512 -1658.052
 27  21    570.9    230.1   0.3262   0.1631   2.0000   0.8381 -1643.301
 27  22    570.4    230.6   0.3479   0.1740   2.0000   0.8935 -1669.325
 27  23    570.3    230.7   0.3632   0.1816   2.0000   0.9328 -1684.642
 27  24    569.9    231.1   0.3669   0.1835   2.0000   0.9419 -1689.240
 27  25    569.1    231.9   0.3685   0.1843   2.0000   0.9456 -1683.973
 27  26    571.5    229.5   0.0000   0.0000   2.0000   0.0000 -1069.894
 28   1    570.9    230.1   0.4404   0.2202   2.0000   1.1314 -1749.654
 28   2    571.1    229.9   0.4382   0.2191   2.0000   1.1260 -1747.697
 28   3    571.4    229.6   0.4859   0.2430   2.0000   1.2487 -1775.179
 28   4    570.7    230.3   0.4692   0.2346   2.0000   1.2053 -1762.972
 28   5    572.0    229.0   0.4828   0.2414   2.0000   1.2414 -1780.181
 28   6    572.0    229.0   0.4828   0.2414   2.0000   1.2414 -1780.181
 28   7    572.2    228.8   0.4661   0.2331   2.0000   1.1986 -1770.741
 28   8    572.2    228.8   0.4661   0.2331   2.0000   1.1986 -1770.741
 28   9    572.0    229.0   0.5011   0.2506   2.0000   1.2885 -1788.197
 28  10    571.6    229.4   0.4648   0.2324   2.0000   1.1948 -1765.824
 28  11    571.5    229.5   0.4609   0.2304   2.0000   1.1845 -1763.932
 28  12    571.0    230.0   0.3975   0.1987   2.0000   1.0212 -1715.301
 28  13    570.4    230.6   0.4049   0.2025   2.0000   1.0399 -1724.857
 28  14    570.2    230.8   0.4120   0.2060   2.0000   1.0578 -1730.158
 28  15    570.2    230.8   0.4183   0.2091   2.0000   1.0741 -1735.512
 28  16    570.3    230.7   0.4178   0.2089   2.0000   1.0728 -1733.553
 28  17    570.3    230.7   0.4178   0.2089   2.0000   1.0728 -1733.553
 28  18    570.8    230.2   0.4270   0.2135   2.0000   1.0970 -1727.761
 28  19    569.9    231.1   0.4082   0.2041   2.0000   1.0480 -1717.863
 28  20    570.4    230.6   0.4013   0.2007   2.0000   1.0306 -1737.460
 28  21    570.7    230.3   0.3365   0.1682   2.0000   0.8643 -1660.213
 28  22    570.3    230.7   0.3714   0.1857   2.0000   0.9539 -1710.296
 28  23    570.2    230.8   0.3649   0.1825   2.0000   0.9371 -1706.144
 28  24    569.8    231.2   0.3945   0.1972   2.0000   1.0126 -1724.477
 28  25    569.0    232.0   0.3546   0.1773   2.0000   0.9097 -1685.187
 28  26    571.4    229.6   0.3285   0.1643   2.0000   0.8442 -1659.724
 28  27    571.4    229.6   0.3285   0.1643   2.0000   0.8442 -1659.724
 29   1    571.1    229.9   0.4415   0.2208   2.0000   1.1345 -1745.958
 29   2    571.4    229.6   0.4604   0.2302   2.0000   1.1832 -1765.557
 29   3    571.6    229.4   0.4698   0.2349   2.0000   1.2074 -1777.198
 29   4    571.0    230.0   0.4646   0.2323   2.0000   1.1936 -1762.645
 29   5    572.2    228.8   0.4564   0.2282   2.0000   1.1737 -1760.022
 29   6    572.2    228.8   0.4564   0.2282   2.0000   1.1737 -1760.022
 29   7    572.3    228.7   0.4743   0.2372   2.0000   1.2199 -1774.706
 29   8    572.3    228.7   0.4743   0.2372   2.0000   1.2199 -1774.706
 29   9    572.3    228.7   0.4676   0.2338   2.0000   1.2024 -1768.513
 29  10    571.8    229.2   0.4446   0.2223   2.0000   1.1429 -1758.376
 29  11    571.8    229.2   0.4460   0.2230   2.0000   1.1466 -1759.110
 29  12    571.3    229.7   0.3871   0.1936   2.0000   0.9948 -1705.443
 29  13    570.7    230.3   0.3802   0.1901   2.0000   0.9767 -1700.227
 29  14    570.4    230.6   0.3965   0.1983   2.0000   1.0183 -1717.027
 29  15    570.4    230.6   0.3906   0.1953   2.0000   1.0031 -1711.297
 29  16    570.5    230.5   0.3852   0.1926   2.0000   0.9893 -1706.662
 29  17    570.5    230.5   0.3852   0.1926   2.0000   0.9893 -1706.662
 29  18    571.1    229.9   0.3807   0.1903   2.0000   0.9782 -1698.060
 29  19    570.2    230.8   0.3841   0.1921   2.0000   0.9863 -1701.781
 29  20    570.6    230.4   0.4058   0.2029   2.0000   1.0423 -1723.622
 29  21    571.0    230.0   0.3324   0.1662   2.0000   0.8539 -1656.682
 29  22    570.5    230.5   0.3692   0.1846   2.0000   0.9483 -1698.803
 29  23    570.5    230.5   0.3658   0.1829   2.0000   0.9395 -1696.708
 29  24    570.1    230.9   0.3785   0.1892   2.0000   0.9717 -1699.002
 29  25    569.3    231.7   0.3513   0.1756   2.0000   0.9014 -1683.881
 29  26    571.6    229.4   0.3262   0.1631   2.0000   0.8384 -1646.610
 29  27    571.6    229.4   0.3262   0.1631   2.0000   0.8384 -1646.610
 29  28    571.5    229.5   0.2363   0.1182   2.0000   0.6074 -1550.293
 30   1    571.1    229.9   0.4415   0.2208   2.0000   1.1345 -1745.958
 30   2    571.4    229.6   0.4604   0.2302   2.0000   1.1832 -1765.557
 30   3    571.6    229.4   0.4698   0.2349   2.0000   1.2074 -1777.198
 30   4    571.0    230.0   0.4646   0.2323   2.0000   1.1936 -1762.645
 30   5    572.2    228.8   0.4564   0.2282   2.0000   1.1737 -1760.022
 30   6    572.2    228.8   0.4564   0.2282   2.0000   1.1737 -1760.022
 30   7    572.3    228.7   0.4743   0.2372   2.0000   1.2199 -1774.706
 30   8    572.3    228.7   0.4743   0.2372   2.0000   1.2199 -1774.706
 30   9    572.3    228.7   0.4676   0.2338   2.0000   1.2024 -1768.513
 30  10    571.8    229.2   0.4446   0.2223   2.0000   1.1429 -1758.376
 30  11    571.8    229.2   0.4460   0.2230   2.0000   1.1466 -1759.110
 30  12    571.3    229.7   0.3871   0.1936   2.0000   0.9948 -1705.443
 30  13    570.7    230.3   0.3802   0.1901   2.0000   0.9767 -1700.227
 30  14    570.4    230.6   0.3965   0.1983   2.0000   1.0183 -1717.027
 30  15    570.4    230.6   0.3906   0.1953   2.0000   1.0031 -1711.297
 30  16    570.5    230.5   0.3852   0.1926   2.0000   0.9893 -1706.662
 30  17    570.5    230.5   0.3852   0.1926   2.0000   0.9893 -1706.662
 30  18    571.1    229.9   0.3807   0.1903   2.0000   0.9782 -1698.060
 30  19    570.2    230.8   0.3841   0.1921   2.0000   0.9863 -1701.781
 30  20    570.6    230.4   0.4058   0.2029   2.0000   1.0423 -1723.622
 30  21    571.0    230.0   0.3324   0.1662   2.0000   0.8539 -1656.682
 30  22    570.5    230.5   0.3692   0.1846   2.0000   0.9483 -1698.803
 30  23    570.5    230.5   0.3658   0.1829   2.0000   0.9395 -1696.708
 30  24    570.1    230.9   0.3785   0.1892   2.0000   0.9717 -1699.002
 30  25    569.3    231.7   0.3513   0.1756   2.0000   0.9014 -1683.881
 30  26    571.6    229.4   0.3262   0.1631   2.0000   0.8384 -1646.610
 30  27    571.6    229.4   0.3262   0.1631   2.0000   0.8384 -1646.610
 30  28    571.5    229.5   0.2363   0.1182   2.0000   0.6074 -1550.293
 30  29    571.9    229.1   0.0000   0.0000   2.0000   0.0000 -1062.111
 31   1    570.4    230.6   0.4602   0.2301   2.0000   1.1818 -1750.834
 31   2    570.6    230.4   0.4571   0.2286   2.0000   1.1741 -1748.775
 31   3    570.9    230.1   0.5061   0.2530   2.0000   1.3001 -1787.075
 31   4    570.2    230.8   0.4984   0.2492   2.0000   1.2798 -1779.455
 31   5    571.5    229.5   0.4859   0.2429   2.0000   1.2488 -1773.261
 31   6    571.5    229.5   0.4859   0.2429   2.0000   1.2488 -1773.261
 31   7    571.6    229.4   0.4627   0.2314   2.0000   1.1894 -1761.705
 31   8    571.6    229.4   0.4627   0.2314   2.0000   1.1894 -1761.705
 31   9    571.5    229.5   0.4650   0.2325   2.0000   1.1953 -1766.429
 31  10    571.1    229.9   0.4856   0.2428   2.0000   1.2476 -1771.701
 31  11    571.0    230.0   0.4763   0.2381   2.0000   1.2237 -1768.309
 31  12    570.5    230.5   0.4305   0.2153   2.0000   1.1058 -1738.915
 31  13    569.9    231.1   0.4300   0.2150   2.0000   1.1039 -1726.446
 31  14    569.6    231.4   0.4373   0.2187   2.0000   1.1225 -1738.421
 31  15    569.7    231.3   0.4349   0.2175   2.0000   1.1164 -1737.821
 31  16    569.8    231.2   0.4344   0.2172   2.0000   1.1151 -1735.751
 31  17    569.8    231.2   0.4344   0.2172   2.0000   1.1151 -1735.751
 31  18    570.4    230.6   0.3838   0.1919   2.0000   0.9857 -1705.401
 31  19    569.4    231.6   0.3772   0.1886   2.0000   0.9681 -1691.963
 31  20    569.9    231.1   0.3872   0.1936   2.0000   0.9940 -1706.866
 31  21    570.2    230.8   0.3646   0.1823   2.0000   0.9363 -1678.377
 31  22    569.8    231.2   0.3944   0.1972   2.0000   1.0124 -1723.793
 31  23    569.7    231.3   0.4003   0.2002   2.0000   1.0276 -1727.641
 31  24    569.4    231.6   0.4064   0.2032   2.0000   1.0428 -1725.577
 31  25    568.6    232.4   0.3872   0.1936   2.0000   0.9930 -1716.773
 31  26    570.9    230.1   0.3611   0.1806   2.0000   0.9278 -1680.540
 31  27    570.9    230.1   0.3611   0.1806   2.0000   0.9278 -1680.540
 31  28    570.8    230.2   0.2711   0.1356   2.0000   0.6965 -1580.526
 31  29    571.2    229.8   0.2753   0.1376   2.0000   0.7074 -1576.406
 31  30    571.2    229.8   0.2753   0.1376   2.0000   0.7074 -1576.406
 32   1    570.7    230.3   0.4368   0.2184   2.0000   1.1219 -1751.064
 32   2    570.9    230.1   0.4484   0.2242   2.0000   1.1519 -1760.575
 32   3    571.2    229.8   0.5071   0.2535   2.0000   1.3030 -1793.317
 32   4    570.5    230.5   0.4672   0.2336   2.0000   1.2000 -1766.733
 32   5    571.8    229.2   0.4917   0.2458   2.0000   1.2639 -1785.438
 32   6    571.8    229.2   0.4917   0.2458   2.0000   1.2639 -1785.438
 32   7    572.0    229.0   0.4841   0.2421   2.0000   1.2447 -1782.917
 32   8    572.0    229.0   0.4841   0.2421   2.0000   1.2447 -1782.917
 32   9    571.8    229.2   0.4706   0.2353   2.0000   1.2097 -1777.371
 32  10    571.4    229.6   0.4616   0.2308   2.0000   1.1862 -1764.417
 32  11    571.3    229.7   0.4526   0.2263   2.0000   1.1632 -1760.871
 32  12    570.8    230.2   0.4163   0.2081   2.0000   1.0693 -1724.011
 32  13    570.2    230.8   0.4088   0.2044   2.0000   1.0496 -1714.102
 32  14    569.9    231.1   0.4059   0.2029   2.0000   1.0420 -1717.637
 32  15    570.0    231.0   0.3950   0.1975   2.0000   1.0142 -1709.798
 32  16    570.0    231.0   0.3896   0.1948   2.0000   1.0004 -1705.180
 32  17    570.0    231.0   0.3896   0.1948   2.0000   1.0004 -1705.180
 32  18    570.7    230.3   0.3880   0.1940   2.0000   0.9966 -1702.211
 32  19    569.7    231.3   0.3931   0.1966   2.0000   1.0091 -1706.613
 32  20    570.2    230.8   0.3785   0.1893   2.0000   0.9719 -1702.615
 32  21    570.5    230.5   0.3181   0.1591   2.0000   0.8171 -1641.691
 32  22    570.1    230.9   0.3569   0.1785   2.0000   0.9165 -1698.859
 32  23    570.0    231.0   0.3699   0.1850   2.0000   0.9498 -1708.221
 32  24    569.7    231.3   0.3842   0.1921   2.0000   0.9861 -1716.687
 32  25    568.9    232.1   0.3723   0.1861   2.0000   0.9551 -1713.907
 32  26    571.2    229.8   0.2806   0.1403   2.0000   0.7210 -1608.330
 32  27    571.2    229.8   0.2806   0.1403   2.0000   0.7210 -1608.330
 32  28    571.1    229.9   0.2408   0.1204   2.0000   0.6189 -1552.557
 32  29    571.4    229.6   0.2495   0.1247   2.0000   0.6412 -1557.367
 32  30    571.4    229.6   0.2495   0.1247   2.0000   0.6412 -1557.367
 32  31    570.6    230.4   0.2105   0.1053   2.0000   0.5408 -1507.167
 33   1    572.1    228.9   0.4611   0.2306   2.0000   1.1856 -1763.727
 33   2    572.3    228.7   0.4806   0.2403   2.0000   1.2360 -1773.154
 33   3    572.6    228.4   0.5145   0.2572   2.0000   1.3234 -1809.855
 33   4    571.9    229.1   0.4777   0.2389   2.0000   1.2282 -1778.570
 33   5    573.3    227.7   0.4833   0.2417   2.0000   1.2439 -1782.818
 33   6    573.3    227.7   0.4833   0.2417   2.0000   1.2439 -1782.818
 33   7    573.5    227.5   0.4837   0.2419   2.0000   1.2451 -1788.139
 33   8    573.5    227.5   0.4837   0.2419   2.0000   1.2451 -1788.139
 33   9    573.3    227.7   0.4893   0.2447   2.0000   1.2594 -1798.609
 33  10    572.8    228.2   0.4765   0.2382   2.0000   1.2259 -1785.276
 33  11    572.8    228.2   0.4676   0.2338   2.0000   1.2030 -1782.563
 33  12    572.1    228.9   0.3661   0.1830   2.0000   0.9413 -1689.784
 33  13    571.6    229.4   0.3813   0.1906   2.0000   0.9800 -1705.764
 33  14    571.4    229.6   0.3853   0.1926   2.0000   0.9901 -1710.791
 33  15    571.4    229.6   0.3900   0.1950   2.0000   1.0023 -1712.080
 33  16    571.5    229.5   0.3845   0.1923   2.0000   0.9883 -1707.551
 33  17    571.5    229.5   0.3845   0.1923   2.0000   0.9883 -1707.551
 33  18    572.1    228.9   0.3623   0.1811   2.0000   0.9315 -1685.283
 33  19    571.1    229.9   0.3552   0.1776   2.0000   0.9128 -1675.414
 33  20    571.6    229.4   0.3721   0.1861   2.0000   0.9566 -1685.760
 33  21    572.0    229.0   0.3273   0.1637   2.0000   0.8415 -1650.907
 33  22    571.5    229.5   0.3162   0.1581   2.0000   0.8126 -1640.347
 33  23    571.5    229.5   0.3243   0.1621   2.0000   0.8334 -1644.925
 33  24    571.1    229.9   0.3592   0.1796   2.0000   0.9231 -1689.959
 33  25    570.3    230.7   0.3454   0.1727   2.0000   0.8869 -1675.292
 33  26    572.6    228.4   0.3043   0.1521   2.0000   0.7826 -1615.520
 33  27    572.6    228.4   0.3043   0.1521   2.0000   0.7826 -1615.520
 33  28    572.4    228.6   0.3306   0.1653   2.0000   0.8503 -1653.619
 33  29    572.6    228.4   0.3059   0.1530   2.0000   0.7869 -1615.768
 33  30    572.6    228.4   0.3059   0.1530   2.0000   0.7869 -1615.768
 33  31    571.9    229.1   0.3344   0.1672   2.0000   0.8597 -1645.539
 33  32    572.2    228.8   0.2909   0.1455   2.0000   0.7482 -1606.316
 34   1    572.1    228.9   0.4611   0.2306   2.0000   1.1856 -1763.727
 34   2    572.3    228.7   0.4806   0.2403   2.0000   1.2360 -1773.154
 34   3    572.6    228.4   0.5145   0.2572   2.0000   1.3234 -1809.855
 34   4    571.9    229.1   0.4777   0.2389   2.0000   1.2282 -1778.570
 34   5    573.3    227.7   0.4833   0.2417   2.0000   1.2439 -1782.818
 34   6    573.3    227.7   0.4833   0.2417   2.0000   1.2439 -1782.818
 34   7    573.5    227.5   0.4837   0.2419   2.0000   1.2451 -1788.139
 34   8    573.5    227.5   0.4837   0.2419   2.0000   1.2451 -1788.139
 34   9    573.3    227.7   0.4893   0.2447   2.0000   1.2594 -1798.609
 34  10    572.8    228.2   0.4765   0.2382   2.0000   1.2259 -1785.276
 34  11    572.8    228.2   0.4676   0.2338   2.0000   1.2030 -1782.563
 34  12    572.1    228.9   0.3661   0.1830   2.0000   0.9413 -1689.784
 34  13    571.6    229.4   0.3813   0.1906   2.0000   0.9800 -1705.764
 34  14    571.4    229.6   0.3853   0.1926   2.0000   0.9901 -1710.791
 34  15    571.4    229.6   0.3900   0.1950   2.0000   1.0023 -1712.080
 34  16    571.5    229.5   0.3845   0.1923   2.0000   0.9883 -1707.551
 34  17    571.5    229.5   0.3845   0.1923   2.0000   0.9883 -1707.551
 34  18    572.1    228.9   0.3623   0.1811   2.0000   0.9315 -1685.283
 34  19    571.1    229.9   0.3552   0.1776   2.0000   0.9128 -1675.414
 34  20    571.6    229.4   0.3721   0.1861   2.0000   0.9566 -1685.760
 34  21    572.0    229.0   0.3273   0.1637   2.0000   0.8415 -1650.907
 34  22    571.5    229.5   0.3162   0.1581   2.0000   0.8126 -1640.347
 34  23    571.5    229.5   0.3243   0.1621   2.0000   0.8334 -1644.925
 34  24    571.1    229.9   0.3592   0.1796   2.0000   0.9231 -1689.959
 34  25    570.3    230.7   0.3454   0.1727   2.0000   0.8869 -1675.292
 34  26    572.6    228.4   0.3043   0.1521   2.0000   0.7826 -1615.520
 34  27    572.6    228.4   0.3043   0.1521   2.0000   0.7826 -1615.520
 34  28    572.4    228.6   0.3306   0.1653   2.0000   0.8503 -1653.619
 34  29    572.6    228.4   0.3059   0.1530   2.0000   0.7869 -1615.768
 34  30    572.6    228.4   0.3059   0.1530   2.0000   0.7869 -1615.768
 34  31    571.9    229.1   0.3344   0.1672   2.0000   0.8597 -1645.539
 34  32    572.2    228.8   0.2909   0.1455   2.0000   0.7482 -1606.316
 34  33    573.7    227.3   0.0000   0.0000   2.0000   0.0000 -1065.968
 35   1    569.2    231.8   0.4491   0.2245   2.0000   1.1523 -1761.694
 35   2    569.5    231.5   0.4543   0.2272   2.0000   1.1660 -1772.351
 35   3    569.7    231.3   0.5101   0.2551   2.0000   1.3094 -1806.899
 35   4    569.1    231.9   0.4785   0.2392   2.0000   1.2275 -1787.802
 35   5    570.4    230.6   0.4787   0.2394   2.0000   1.2294 -1790.561
 35   6    570.4    230.6   0.4787   0.2394   2.0000   1.2294 -1790.561
 35   7    570.5    230.5   0.4593   0.2296   2.0000   1.1796 -1775.610
 35   8    570.5    230.5   0.4593   0.2296   2.0000   1.1796 -1775.610
 35   9    570.4    230.6   0.4758   0.2379   2.0000   1.2219 -1791.676
 35  10    570.0    231.0   0.4438   0.2219   2.0000   1.1394 -1770.000
 35  11    569.9    231.1   0.4457   0.2228   2.0000   1.1441 -1771.012
 35  12    569.3    231.7   0.3907   0.1954   2.0000   1.0026 -1710.548
 35  13    568.7    232.3   0.3563   0.1782   2.0000   0.9140 -1684.315
 35  14    568.5    232.5   0.3571   0.1785   2.0000   0.9158 -1687.227
 35  15    568.5    232.5   0.3637   0.1819   2.0000   0.9328 -1689.514
 35  16    568.6    232.4   0.3586   0.1793   2.0000   0.9196 -1684.826
 35  17    568.6    232.4   0.3586   0.1793   2.0000   0.9196 -1684.826
 35  18    569.2    231.8   0.3493   0.1746   2.0000   0.8962 -1688.463
 35  19    568.2    232.8   0.3853   0.1927   2.0000   0.9880 -1704.588
 35  20    568.7    232.3   0.3431   0.1716   2.0000   0.8802 -1672.060
 35  21    569.1    231.9   0.3192   0.1596   2.0000   0.8191 -1640.845
 35  22    568.6    232.4   0.3105   0.1553   2.0000   0.7965 -1653.240
 35  23    568.6    232.4   0.3100   0.1550   2.0000   0.7952 -1653.297
 35  24    568.2    232.8   0.3286   0.1643   2.0000   0.8426 -1670.755
 35  25    567.4    233.6   0.3606   0.1803   2.0000   0.9239 -1696.612
 35  26    569.7    231.3   0.3289   0.1644   2.0000   0.8441 -1653.176
 35  27    569.7    231.3   0.3289   0.1644   2.0000   0.8441 -1653.176
 35  28    569.6    231.4   0.3490   0.1745   2.0000   0.8957 -1683.653
 35  29    569.9    231.1   0.3789   0.1894   2.0000   0.9726 -1705.254
 35  30    569.9    231.1   0.3789   0.1894   2.0000   0.9726 -1705.254
 35  31    569.2    231.8   0.3722   0.1861   2.0000   0.9549 -1689.089
 35  32    569.5    231.5   0.3568   0.1784   2.0000   0.9158 -1676.221
 35  33    570.8    230.2   0.3338   0.1669   2.0000   0.8575 -1652.556
 35  34    570.8    230.2   0.3338   0.1669   2.0000   0.8575 -1652.556
 36   1    570.0    231.0   0.4565   0.2283   2.0000   1.1721 -1768.884
 36   2    570.3    230.7   0.4547   0.2274   2.0000   1.1677 -1766.132
 36   3    570.5    230.5   0.5419   0.2709   2.0000   1.3918 -1814.921
 36   4    569.8    231.2   0.5103   0.2551   2.0000   1.3099 -1797.108
 36   5    571.2    229.8   0.5179   0.2589   2.0000   1.3308 -1800.939
 36   6    571.2    229.8   0.5179   0.2589   2.0000   1.3308 -1800.939
 36   7    571.4    229.6   0.5121   0.2560   2.0000   1.3161 -1803.205
 36   8    571.4    229.6   0.5121   0.2560   2.0000   1.3161 -1803.205
 36   9    571.2    229.8   0.5055   0.2527   2.0000   1.2989 -1801.568
 36  10    570.7    230.3   0.5173   0.2587   2.0000   1.3289 -1794.724
 36  11    570.7    230.3   0.5081   0.2541   2.0000   1.3053 -1792.164
 36  12    570.1    230.9   0.3772   0.1886   2.0000   0.9684 -1691.407
 36  13    569.5    231.5   0.3927   0.1963   2.0000   1.0078 -1706.547
 36  14    569.3    231.7   0.4072   0.2036   2.0000   1.0449 -1720.884
 36  15    569.3    231.7   0.4083   0.2042   2.0000   1.0478 -1724.189
 36  16    569.4    231.6   0.4028   0.2014   2.0000   1.0336 -1719.754
 36  17    569.4    231.6   0.4028   0.2014   2.0000   1.0336 -1719.754
 36  18    570.0    231.0   0.3778   0.1889   2.0000   0.9700 -1705.970
 36  19    569.0    232.0   0.3688   0.1844   2.0000   0.9462 -1683.937
 36  20    569.5    231.5   0.3350   0.1675   2.0000   0.8598 -1660.841
 36  21    569.9    231.1   0.3160   0.1580   2.0000   0.8113 -1633.539
 36  22    569.4    231.6   0.3552   0.1776   2.0000   0.9116 -1684.895
 36  23    569.4    231.6   0.3629   0.1814   2.0000   0.9313 -1690.960
 36  24    569.0    232.0   0.3576   0.1788   2.0000   0.9175 -1684.359
 36  25    568.2    232.8   0.3735   0.1867   2.0000   0.9577 -1686.593
 36  26    570.5    230.5   0.3347   0.1673   2.0000   0.8596 -1660.066
 36  27    570.5    230.5   0.3347   0.1673   2.0000   0.8596 -1660.066
 36  28    570.4    230.6   0.3553   0.1776   2.0000   0.9124 -1668.233
 36  29    570.7    230.3   0.3774   0.1887   2.0000   0.9694 -1682.328
 36  30    570.7    230.3   0.3774   0.1887   2.0000   0.9694 -1682.328
 36  31    569.9    231.1   0.3446   0.1723   2.0000   0.8847 -1660.740
 36  32    570.2    230.8   0.3288   0.1644   2.0000   0.8442 -1649.612
 36  33    571.6    229.4   0.3193   0.1597   2.0000   0.8209 -1643.397
 36  34    571.6    229.4   0.3193   0.1597   2.0000   0.8209 -1643.397
 36  35    568.8    232.2   0.2722   0.1361   2.0000   0.6981 -1590.903
 37   1    569.0    232.0   0.4617   0.2309   2.0000   1.1845 -1774.973
 37   2    569.2    231.8   0.4862   0.2431   2.0000   1.2475 -1789.144
 37   3    569.5    231.5   0.5460   0.2730   2.0000   1.4013 -1825.971
 37   4    568.8    232.2   0.4920   0.2460   2.0000   1.2620 -1790.546
 37   5    570.2    230.8   0.5106   0.2553   2.0000   1.3111 -1803.258
 37   6    570.2    230.8   0.5106   0.2553   2.0000   1.3111 -1803.258
 37   7    570.3    230.7   0.4971   0.2486   2.0000   1.2767 -1804.185
 37   8    570.3    230.7   0.4971   0.2486   2.0000   1.2767 -1804.185
 37   9    570.2    230.8   0.4854   0.2427   2.0000   1.2465 -1794.576
 37  10    569.7    231.3   0.5014   0.2507   2.0000   1.2870 -1797.291
 37  11    569.6    231.4   0.4974   0.2487   2.0000   1.2767 -1795.767
 37  12    569.0    232.0   0.3668   0.1834   2.0000   0.9411 -1683.247
 37  13    568.5    232.5   0.3617   0.1809   2.0000   0.9277 -1692.493
 37  14    568.2    232.8   0.3665   0.1833   2.0000   0.9398 -1702.970
 37  15    568.3    232.7   0.3662   0.1831   2.0000   0.9390 -1702.173
 37  16    568.3    232.7   0.3609   0.1805   2.0000   0.9256 -1697.556
 37  17    568.3    232.7   0.3609   0.1805   2.0000   0.9256 -1697.556
 37  18    568.9    232.1   0.3732   0.1866   2.0000   0.9575 -1701.345
 37  19    568.0    233.0   0.3653   0.1827   2.0000   0.9365 -1691.662
 37  20    568.5    232.5   0.3694   0.1847   2.0000   0.9473 -1685.863
 37  21    568.8    232.2   0.3005   0.1502   2.0000   0.7708 -1620.314
 37  22    568.4    232.6   0.3106   0.1553   2.0000   0.7965 -1660.762
 37  23    568.3    232.7   0.3182   0.1591   2.0000   0.8159 -1668.351
 37  24    568.0    233.0   0.3703   0.1851   2.0000   0.9492 -1689.367
 37  25    567.1    233.9   0.3470   0.1735   2.0000   0.8890 -1676.986
 37  26    569.5    231.5   0.3157   0.1579   2.0000   0.8103 -1645.244
 37  27    569.5    231.5   0.3157   0.1579   2.0000   0.8103 -1645.244
 37  28    569.4    231.6   0.3714   0.1857   2.0000   0.9532 -1693.928
 37  29    569.7    231.3   0.3506   0.1753   2.0000   0.8998 -1670.100
 37  30    569.7    231.3   0.3506   0.1753   2.0000   0.8998 -1670.100
 37  31    568.9    232.1   0.3685   0.1843   2.0000   0.9453 -1689.506
 37  32    569.2    231.8   0.3347   0.1673   2.0000   0.8588 -1661.683
 37  33    570.6    230.4   0.3405   0.1703   2.0000   0.8746 -1658.101
 37  34    570.6    230.4   0.3405   0.1703   2.0000   0.8746 -1658.101
 37  35    567.7    233.3   0.2724   0.1362   2.0000   0.6982 -1581.195
 37  36    568.5    232.5   0.1759   0.0880   2.0000   0.4512 -1460.081
 38   1    569.0    232.0   0.4187   0.2093   2.0000   1.0741 -1747.747
 38   2    569.2    231.8   0.4906   0.2453   2.0000   1.2588 -1795.606
 38   3    569.5    231.5   0.5314   0.2657   2.0000   1.3639 -1810.812
 38   4    568.8    232.2   0.5027   0.2513   2.0000   1.2895 -1795.587
 38   5    570.2    230.8   0.4961   0.2480   2.0000   1.2738 -1795.742
 38   6    570.2    230.8   0.4961   0.2480   2.0000   1.2738 -1795.742
 38   7    570.4    230.6   0.4906   0.2453   2.0000   1.2598 -1798.136
 38   8    570.4    230.6   0.4906   0.2453   2.0000   1.2598 -1798.136
 38   9    570.2    230.8   0.4926   0.2463   2.0000   1.2648 -1798.228
 38  10    569.7    231.3   0.4830   0.2415   2.0000   1.2397 -1785.838
 38  11    569.7    231.3   0.4740   0.2370   2.0000   1.2168 -1782.649
 38  12    569.1    231.9   0.3908   0.1954   2.0000   1.0026 -1699.390
 38  13    568.5    232.5   0.3990   0.1995   2.0000   1.0234 -1719.955
 38  14    568.3    232.7   0.4006   0.2003   2.0000   1.0272 -1724.181
 38  15    568.3    232.7   0.3977   0.1988   2.0000   1.0197 -1722.146
 38  16    568.4    232.6   0.3922   0.1961   2.0000   1.0058 -1717.748
 38  17    568.4    232.6   0.3922   0.1961   2.0000   1.0058 -1717.748
 38  18    569.0    232.0   0.3708   0.1854   2.0000   0.9513 -1703.388
 38  19    568.0    233.0   0.3583   0.1792   2.0000   0.9186 -1685.138
 38  20    568.5    232.5   0.3673   0.1836   2.0000   0.9420 -1687.500
 38  21    568.9    232.1   0.3237   0.1618   2.0000   0.8304 -1652.139
 38  22    568.4    232.6   0.3328   0.1664   2.0000   0.8535 -1669.858
 38  23    568.4    232.6   0.3358   0.1679   2.0000   0.8612 -1672.605
 38  24    568.0    233.0   0.3612   0.1806   2.0000   0.9261 -1688.109
 38  25    567.2    233.8   0.3468   0.1734   2.0000   0.8884 -1681.235
 38  26    569.5    231.5   0.3141   0.1571   2.0000   0.8062 -1646.425
 38  27    569.5    231.5   0.3141   0.1571   2.0000   0.8062 -1646.425
 38  28    569.4    231.6   0.3570   0.1785   2.0000   0.9162 -1684.295
 38  29    569.7    231.3   0.3836   0.1918   2.0000   0.9847 -1695.861
 38  30    569.7    231.3   0.3836   0.1918   2.0000   0.9847 -1695.861
 38  31    568.9    232.1   0.3433   0.1716   2.0000   0.8806 -1670.478
 38  32    569.2    231.8   0.3408   0.1704   2.0000   0.8744 -1665.411
 38  33    570.6    230.4   0.3287   0.1643   2.0000   0.8443 -1651.931
 38  34    570.6    230.4   0.3287   0.1643   2.0000   0.8443 -1651.931
 38  35    567.7    233.3   0.2600   0.1300   2.0000   0.6664 -1573.176
 38  36    568.5    232.5   0.1617   0.0809   2.0000   0.4148 -1445.506
 38  37    567.5    233.5   0.1289   0.0645   2.0000   0.3304 -1383.097

