Supplemental results for CODEML (seqf: /gpfs/scratch/cltucker/EBH381-Group-Project/SIV_aligned_NEF.fas  treef: )


pairwise comparison (Goldman & Yang 1994)
seq seq        N       S       dN       dS     dN/dS   Paras.
  2   1    359.4    120.6   0.0661  66.1207   0.0010  50.0000 -1304.280
  3   1    356.7    123.3   0.0647  64.7168   0.0010  50.0000 -1255.533
  3   2    354.3    125.7   0.0635  63.4654   0.0010  50.0000 -1228.457
  4   1    357.5    122.5   0.0651  65.1016   0.0010  50.0000 -1235.547
  4   2    355.0    125.0   0.0638  63.8410   0.0010  50.0000 -1208.115
  4   3    352.4    127.6   0.0625  62.5134   0.0010  50.0000 -1049.963
  5   1    356.8    123.2   0.0647  64.7493   0.0010  50.0000 -1237.237
  5   2    354.4    125.6   0.0635  63.4913   0.0010  50.0000 -1261.163
  5   3    351.7    128.3   0.0622  62.1970   0.0010  50.0000 -1032.402
  5   4    352.4    127.6   0.0625  62.5369   0.0010  50.0000 -1048.293
  6   1    356.8    123.2   0.0647  64.7493   0.0010  50.0000 -1237.237
  6   2    354.4    125.6   0.0635  63.4913   0.0010  50.0000 -1261.163
  6   3    351.7    128.3   0.0622  62.1970   0.0010  50.0000 -1032.402
  6   4    352.4    127.6   0.0625  62.5369   0.0010  50.0000 -1048.293
  6   5    351.8    128.2   0.0000   0.0000   0.0010   0.0000  -652.070
  7   1    357.3    122.7   0.0650  65.0152   0.0010  50.0000 -1244.017
  7   2    354.9    125.1   0.0638  63.7507   0.0010  50.0000 -1237.364
  7   3    352.2    127.8   0.0624  62.4223   0.0010  50.0000 -1040.688
  7   4    352.9    127.1   0.0628  62.7766   0.0010  50.0000 -1033.603
  7   5    352.2    127.8   0.0003   0.2534   0.0010   0.2029  -849.632
  7   6    352.2    127.8   0.0003   0.2534   0.0010   0.2029  -849.632
  8   1    357.3    122.7   0.0650  65.0152   0.0010  50.0000 -1244.017
  8   2    354.9    125.1   0.0638  63.7507   0.0010  50.0000 -1237.364
  8   3    352.2    127.8   0.0624  62.4223   0.0010  50.0000 -1040.688
  8   4    352.9    127.1   0.0628  62.7766   0.0010  50.0000 -1033.603
  8   5    352.2    127.8   0.0003   0.2534   0.0010   0.2029  -849.632
  8   6    352.2    127.8   0.0003   0.2534   0.0010   0.2029  -849.632
  8   7    352.7    127.3   0.0000   0.0000   0.0010   0.0000  -650.549
  9   1    357.4    122.6   0.0651  65.0735   0.0010  50.0000 -1244.062
  9   2    355.0    125.0   0.0638  63.8156   0.0010  50.0000 -1248.075
  9   3    352.3    127.7   0.0625  62.4963   0.0010  50.0000 -1038.276
  9   4    353.1    126.9   0.0628  62.8479   0.0010  50.0000 -1060.194
  9   5    352.4    127.6   0.0006   0.5752   0.0010   0.4600  -983.460
  9   6    352.4    127.6   0.0006   0.5752   0.0010   0.4600  -983.460
  9   7    352.9    127.1   0.0005   0.5156   0.0010   0.4108  -940.402
  9   8    352.9    127.1   0.0005   0.5156   0.0010   0.4108  -940.402
 10   1    357.9    122.1   0.0653  65.3060   0.0010  50.0000 -1241.825
 10   2    355.4    124.6   0.0640  64.0411   0.0010  50.0000 -1249.346
 10   3    352.8    127.2   0.0627  62.7422   0.0010  50.0000 -1041.681
 10   4    353.5    126.5   0.0631  63.0820   0.0010  50.0000 -1058.002
 10   5    352.9    127.1   0.0005   0.4621   0.0010   0.3681  -944.479
 10   6    352.9    127.1   0.0005   0.4621   0.0010   0.3681  -944.479
 10   7    353.3    126.7   0.0005   0.4904   0.0010   0.3893  -916.256
 10   8    353.3    126.7   0.0005   0.4904   0.0010   0.3893  -916.256
 10   9    353.5    126.5   0.0005   0.4602   0.0010   0.3648  -927.434
 11   1    357.9    122.1   0.0653  65.3060   0.0010  50.0000 -1241.825
 11   2    355.4    124.6   0.0640  64.0411   0.0010  50.0000 -1249.346
 11   3    352.8    127.2   0.0627  62.7422   0.0010  50.0000 -1041.681
 11   4    353.5    126.5   0.0631  63.0820   0.0010  50.0000 -1058.002
 11   5    352.9    127.1   0.0005   0.4621   0.0010   0.3681  -944.479
 11   6    352.9    127.1   0.0005   0.4621   0.0010   0.3681  -944.479
 11   7    353.3    126.7   0.0005   0.4904   0.0010   0.3893  -916.256
 11   8    353.3    126.7   0.0005   0.4904   0.0010   0.3893  -916.256
 11   9    353.5    126.5   0.0005   0.4602   0.0010   0.3648  -927.434
 11  10    354.0    126.0   0.0000   0.0000   0.0010   0.0000  -650.432
 12   1    359.5    120.5   0.0662  66.2151   0.0010  50.0000 -1330.368
 12   2    357.2    122.8   0.0649  64.9460   0.0010  50.0000 -1322.673
 12   3    354.6    125.4   0.0636  63.6196   0.0010  50.0000 -1325.485
 12   4    355.3    124.7   0.0640  63.9708   0.0010  50.0000 -1321.373
 12   5    354.7    125.3   0.0637  63.6501   0.0010  50.0000 -1330.447
 12   6    354.7    125.3   0.0637  63.6501   0.0010  50.0000 -1330.447
 12   7    355.1    124.9   0.0639  63.8811   0.0010  50.0000 -1320.523
 12   8    355.1    124.9   0.0639  63.8811   0.0010  50.0000 -1320.523
 12   9    355.3    124.7   0.0640  63.9522   0.0010  50.0000 -1315.854
 12  10    355.8    124.2   0.0642  64.2112   0.0010  50.0000 -1332.745
 12  11    355.8    124.2   0.0642  64.2112   0.0010  50.0000 -1332.745
 13   1    359.3    120.7   0.0661  66.0862   0.0010  50.0000 -1334.935
 13   2    356.9    123.1   0.0648  64.8102   0.0010  50.0000 -1342.764
 13   3    354.3    125.7   0.0634  63.4406   0.0010  50.0000 -1353.810
 13   4    355.0    125.0   0.0638  63.8106   0.0010  50.0000 -1345.901
 13   5    354.3    125.7   0.0635  63.4650   0.0010  50.0000 -1324.143
 13   6    354.3    125.7   0.0635  63.4650   0.0010  50.0000 -1324.143
 13   7    354.8    125.2   0.0637  63.7182   0.0010  50.0000 -1338.675
 13   8    354.8    125.2   0.0637  63.7182   0.0010  50.0000 -1338.675
 13   9    354.9    125.1   0.0638  63.7873   0.0010  50.0000 -1342.077
 13  10    355.4    124.6   0.0640  64.0178   0.0010  50.0000 -1332.871
 13  11    355.4    124.6   0.0640  64.0178   0.0010  50.0000 -1332.871
 13  12    357.1    122.9   0.0649  64.9231   0.0010  50.0000 -1276.121
 14   1    359.2    120.8   0.0660  66.0096   0.0010  50.0000 -1314.642
 14   2    356.8    123.2   0.0647  64.7378   0.0010  50.0000 -1339.988
 14   3    354.1    125.9   0.0634  63.3685   0.0010  50.0000 -1347.492
 14   4    354.8    125.2   0.0637  63.7395   0.0010  50.0000 -1343.176
 14   5    354.2    125.8   0.0634  63.3951   0.0010  50.0000 -1319.196
 14   6    354.2    125.8   0.0634  63.3951   0.0010  50.0000 -1319.196
 14   7    354.7    125.3   0.0636  63.6497   0.0010  50.0000 -1327.268
 14   8    354.7    125.3   0.0636  63.6497   0.0010  50.0000 -1327.268
 14   9    354.8    125.2   0.0637  63.7152   0.0010  50.0000 -1323.762
 14  10    355.2    124.8   0.0639  63.9452   0.0010  50.0000 -1314.697
 14  11    355.2    124.8   0.0639  63.9452   0.0010  50.0000 -1314.697
 14  12    357.0    123.0   0.0648  64.8463   0.0010  50.0000 -1262.712
 14  13    356.7    123.3   0.0001   0.1319   0.0010   0.1019  -767.910
 15   1    359.4    120.6   0.0661  66.1237   0.0010  50.0000 -1331.756
 15   2    357.0    123.0   0.0648  64.8496   0.0010  50.0000 -1340.050
 15   3    354.3    125.7   0.0635  63.4749   0.0010  50.0000 -1354.694
 15   4    355.1    124.9   0.0638  63.8479   0.0010  50.0000 -1340.770
 15   5    354.4    125.6   0.0635  63.5012   0.0010  50.0000 -1327.071
 15   6    354.4    125.6   0.0635  63.5012   0.0010  50.0000 -1327.071
 15   7    354.9    125.1   0.0638  63.7575   0.0010  50.0000 -1328.230
 15   8    354.9    125.1   0.0638  63.7575   0.0010  50.0000 -1328.230
 15   9    355.0    125.0   0.0638  63.8232   0.0010  50.0000 -1324.724
 15  10    355.5    124.5   0.0641  64.0522   0.0010  50.0000 -1322.559
 15  11    355.5    124.5   0.0641  64.0522   0.0010  50.0000 -1322.559
 15  12    357.2    122.8   0.0650  64.9558   0.0010  50.0000 -1270.903
 15  13    356.9    123.1   0.0001   0.1314   0.0010   0.1013  -766.655
 15  14    356.8    123.2   0.0001   0.0850   0.0010   0.0656  -733.570
 16   1    359.2    120.8   0.0661  66.0501   0.0010  50.0000 -1328.794
 16   2    356.9    123.1   0.0648  64.7764   0.0010  50.0000 -1343.791
 16   3    354.2    125.8   0.0634  63.4099   0.0010  50.0000 -1358.435
 16   4    354.9    125.1   0.0638  63.7791   0.0010  50.0000 -1344.536
 16   5    354.2    125.8   0.0634  63.4356   0.0010  50.0000 -1323.940
 16   6    354.2    125.8   0.0634  63.4356   0.0010  50.0000 -1323.940
 16   7    354.7    125.3   0.0637  63.6879   0.0010  50.0000 -1332.048
 16   8    354.7    125.3   0.0637  63.6879   0.0010  50.0000 -1332.048
 16   9    354.9    125.1   0.0638  63.7556   0.0010  50.0000 -1328.478
 16  10    355.3    124.7   0.0640  63.9876   0.0010  50.0000 -1319.449
 16  11    355.3    124.7   0.0640  63.9876   0.0010  50.0000 -1319.449
 16  12    357.1    122.9   0.0649  64.8903   0.0010  50.0000 -1274.511
 16  13    356.8    123.2   0.0001   0.1220   0.0010   0.0942  -757.204
 16  14    356.7    123.3   0.0001   0.0762   0.0010   0.0589  -723.681
 16  15    356.9    123.1   0.0000   0.0081   0.0010   0.0063  -660.594
 17   1    359.2    120.8   0.0661  66.0501   0.0010  50.0000 -1328.794
 17   2    356.9    123.1   0.0648  64.7764   0.0010  50.0000 -1343.791
 17   3    354.2    125.8   0.0634  63.4099   0.0010  50.0000 -1358.435
 17   4    354.9    125.1   0.0638  63.7791   0.0010  50.0000 -1344.536
 17   5    354.2    125.8   0.0634  63.4356   0.0010  50.0000 -1323.940
 17   6    354.2    125.8   0.0634  63.4356   0.0010  50.0000 -1323.940
 17   7    354.7    125.3   0.0637  63.6879   0.0010  50.0000 -1332.048
 17   8    354.7    125.3   0.0637  63.6879   0.0010  50.0000 -1332.048
 17   9    354.9    125.1   0.0638  63.7556   0.0010  50.0000 -1328.478
 17  10    355.3    124.7   0.0640  63.9876   0.0010  50.0000 -1319.449
 17  11    355.3    124.7   0.0640  63.9876   0.0010  50.0000 -1319.449
 17  12    357.1    122.9   0.0649  64.8903   0.0010  50.0000 -1274.511
 17  13    356.8    123.2   0.0001   0.1220   0.0010   0.0942  -757.204
 17  14    356.7    123.3   0.0001   0.0762   0.0010   0.0589  -723.681
 17  15    356.9    123.1   0.0000   0.0081   0.0010   0.0063  -660.594
 17  16    356.7    123.3   0.0000   0.0000   0.0010   0.0000  -647.421
 18   1    357.6    122.4   0.0652  65.1791   0.0010  50.0000 -1310.320
 18   2    355.2    124.8   0.0639  63.9006   0.0010  50.0000 -1315.388
 18   3    352.5    127.5   0.0626  62.5714   0.0010  50.0000 -1343.268
 18   4    353.2    126.8   0.0629  62.9221   0.0010  50.0000 -1345.731
 18   5    352.5    127.5   0.0626  62.5825   0.0010  50.0000 -1324.835
 18   6    352.5    127.5   0.0626  62.5825   0.0010  50.0000 -1324.835
 18   7    353.0    127.0   0.0628  62.8182   0.0010  50.0000 -1317.652
 18   8    353.0    127.0   0.0628  62.8182   0.0010  50.0000 -1317.652
 18   9    353.2    126.8   0.0629  62.9064   0.0010  50.0000 -1328.199
 18  10    353.6    126.4   0.0631  63.1365   0.0010  50.0000 -1320.042
 18  11    353.6    126.4   0.0631  63.1365   0.0010  50.0000 -1320.042
 18  12    355.4    124.6   0.0640  64.0446   0.0010  50.0000 -1261.192
 18  13    355.1    124.9   0.0639  63.8653   0.0010  50.0000 -1100.317
 18  14    355.0    125.0   0.0638  63.8016   0.0010  50.0000 -1089.560
 18  15    355.2    124.8   0.0639  63.9083   0.0010  50.0000 -1092.527
 18  16    355.0    125.0   0.0638  63.8379   0.0010  50.0000 -1089.335
 18  17    355.0    125.0   0.0638  63.8379   0.0010  50.0000 -1089.335
 19   1    359.6    120.4   0.0662  66.2337   0.0010  50.0000 -1331.857
 19   2    357.2    122.8   0.0650  64.9544   0.0010  50.0000 -1346.237
 19   3    354.6    125.4   0.0636  63.6173   0.0010  50.0000 -1369.316
 19   4    355.3    124.7   0.0640  63.9707   0.0010  50.0000 -1349.467
 19   5    354.6    125.4   0.0636  63.6396   0.0010  50.0000 -1338.003
 19   6    354.6    125.4   0.0636  63.6396   0.0010  50.0000 -1338.003
 19   7    355.1    124.9   0.0639  63.8736   0.0010  50.0000 -1337.953
 19   8    355.1    124.9   0.0639  63.8736   0.0010  50.0000 -1337.953
 19   9    355.3    124.7   0.0640  63.9535   0.0010  50.0000 -1351.126
 19  10    355.8    124.2   0.0642  64.2033   0.0010  50.0000 -1336.059
 19  11    355.8    124.2   0.0642  64.2033   0.0010  50.0000 -1336.059
 19  12    357.5    122.5   0.0651  65.1086   0.0010  50.0000 -1267.903
 19  13    357.1    122.9   0.0649  64.9261   0.0010  50.0000 -1096.922
 19  14    357.0    123.0   0.0649  64.8546   0.0010  50.0000 -1111.421
 19  15    357.2    122.8   0.0650  64.9636   0.0010  50.0000 -1107.641
 19  16    357.1    122.9   0.0649  64.8956   0.0010  50.0000 -1104.545
 19  17    357.1    122.9   0.0649  64.8956   0.0010  50.0000 -1104.545
 19  18    355.4    124.6   0.0640  64.0186   0.0010  50.0000 -1030.697
 20   1    359.5    120.5   0.0662  66.1787   0.0010  50.0000 -1301.050
 20   2    357.1    122.9   0.0649  64.9135   0.0010  50.0000 -1321.169
 20   3    354.5    125.5   0.0636  63.5621   0.0010  50.0000 -1279.197
 20   4    355.2    124.8   0.0639  63.9262   0.0010  50.0000 -1293.563
 20   5    354.6    125.4   0.0636  63.5949   0.0010  50.0000 -1304.820
 20   6    354.6    125.4   0.0636  63.5949   0.0010  50.0000 -1304.820
 20   7    355.0    125.0   0.0638  63.8405   0.0010  50.0000 -1306.239
 20   8    355.0    125.0   0.0638  63.8405   0.0010  50.0000 -1306.239
 20   9    355.2    124.8   0.0639  63.9028   0.0010  50.0000 -1292.242
 20  10    355.6    124.4   0.0641  64.1478   0.0010  50.0000 -1289.074
 20  11    355.6    124.4   0.0641  64.1478   0.0010  50.0000 -1289.074
 20  12    357.4    122.6   0.0650  65.0394   0.0010  50.0000 -1250.716
 20  13    357.1    122.9   0.0649  64.8862   0.0010  50.0000 -1296.552
 20  14    356.9    123.1   0.0648  64.8089   0.0010  50.0000 -1284.066
 20  15    357.1    122.9   0.0649  64.9201   0.0010  50.0000 -1287.961
 20  16    357.0    123.0   0.0649  64.8515   0.0010  50.0000 -1291.633
 20  17    357.0    123.0   0.0649  64.8515   0.0010  50.0000 -1291.633
 20  18    355.4    124.6   0.0640  64.0069   0.0010  50.0000 -1261.998
 20  19    357.4    122.6   0.0651  65.0549   0.0010  50.0000 -1305.013
 21   1    359.6    120.4   0.0663  66.2719   0.0010  50.0000 -1309.366
 21   2    357.3    122.7   0.0650  64.9995   0.0010  50.0000 -1278.749
 21   3    354.5    125.5   0.0636  63.5880   0.0010  50.0000 -1298.848
 21   4    355.3    124.7   0.0640  63.9789   0.0010  50.0000 -1313.591
 21   5    354.6    125.4   0.0636  63.6176   0.0010  50.0000 -1331.145
 21   6    354.6    125.4   0.0636  63.6176   0.0010  50.0000 -1331.145
 21   7    355.1    124.9   0.0639  63.8937   0.0010  50.0000 -1328.219
 21   8    355.1    124.9   0.0639  63.8937   0.0010  50.0000 -1328.219
 21   9    355.3    124.7   0.0639  63.9479   0.0010  50.0000 -1320.540
 21  10    355.7    124.3   0.0642  64.1600   0.0010  50.0000 -1313.554
 21  11    355.7    124.3   0.0642  64.1600   0.0010  50.0000 -1313.554
 21  12    357.4    122.6   0.0651  65.0653   0.0010  50.0000 -1304.694
 21  13    357.2    122.8   0.0650  64.9594   0.0010  50.0000 -1289.672
 21  14    357.1    122.9   0.0649  64.8856   0.0010  50.0000 -1279.566
 21  15    357.3    122.7   0.0650  64.9996   0.0010  50.0000 -1278.402
 21  16    357.1    122.9   0.0649  64.9232   0.0010  50.0000 -1282.158
 21  17    357.1    122.9   0.0649  64.9232   0.0010  50.0000 -1282.158
 21  18    355.5    124.5   0.0640  64.0496   0.0010  50.0000 -1257.645
 21  19    357.4    122.6   0.0651  65.0871   0.0010  50.0000 -1268.159
 21  20    357.4    122.6   0.0650  65.0448   0.0010  50.0000 -1201.878
 22   1    358.6    121.4   0.0657  65.7124   0.0010  50.0000 -1328.101
 22   2    356.2    123.8   0.0644  64.4271   0.0010  50.0000 -1283.400
 22   3    353.5    126.5   0.0631  63.0717   0.0010  50.0000 -1316.853
 22   4    354.2    125.8   0.0634  63.4326   0.0010  50.0000 -1292.807
 22   5    353.5    126.5   0.0631  63.0844   0.0010  50.0000 -1282.302
 22   6    353.5    126.5   0.0631  63.0844   0.0010  50.0000 -1282.302
 22   7    354.0    126.0   0.0633  63.3297   0.0010  50.0000 -1294.685
 22   8    354.0    126.0   0.0633  63.3297   0.0010  50.0000 -1294.685
 22   9    354.2    125.8   0.0634  63.4144   0.0010  50.0000 -1285.293
 22  10    354.6    125.4   0.0636  63.6411   0.0010  50.0000 -1282.767
 22  11    354.6    125.4   0.0636  63.6411   0.0010  50.0000 -1282.767
 22  12    356.4    123.6   0.0646  64.5568   0.0010  50.0000 -1307.058
 22  13    356.1    123.9   0.0644  64.3895   0.0010  50.0000 -1265.116
 22  14    356.0    124.0   0.0643  64.3247   0.0010  50.0000 -1250.569
 22  15    356.2    123.8   0.0644  64.4333   0.0010  50.0000 -1256.628
 22  16    356.1    123.9   0.0644  64.3608   0.0010  50.0000 -1257.870
 22  17    356.1    123.9   0.0644  64.3608   0.0010  50.0000 -1257.870
 22  18    354.3    125.7   0.0635  63.4520   0.0010  50.0000 -1222.416
 22  19    356.4    123.6   0.0645  64.5359   0.0010  50.0000 -1260.067
 22  20    356.4    123.6   0.0645  64.5244   0.0010  50.0000 -1177.548
 22  21    356.5    123.5   0.0646  64.5830   0.0010  50.0000 -1169.816
 23   1    358.4    121.6   0.0656  65.5913   0.0010  50.0000 -1328.295
 23   2    356.0    124.0   0.0643  64.3072   0.0010  50.0000 -1281.500
 23   3    353.3    126.7   0.0629  62.9459   0.0010  50.0000 -1321.569
 23   4    354.0    126.0   0.0633  63.3102   0.0010  50.0000 -1286.706
 23   5    353.3    126.7   0.0630  62.9586   0.0010  50.0000 -1276.256
 23   6    353.3    126.7   0.0630  62.9586   0.0010  50.0000 -1276.256
 23   7    353.8    126.2   0.0632  63.2082   0.0010  50.0000 -1288.493
 23   8    353.8    126.2   0.0632  63.2082   0.0010  50.0000 -1288.493
 23   9    354.0    126.0   0.0633  63.2907   0.0010  50.0000 -1279.184
 23  10    354.4    125.6   0.0635  63.5118   0.0010  50.0000 -1276.847
 23  11    354.4    125.6   0.0635  63.5118   0.0010  50.0000 -1276.847
 23  12    356.2    123.8   0.0644  64.4271   0.0010  50.0000 -1311.903
 23  13    355.9    124.1   0.0643  64.2679   0.0010  50.0000 -1265.450
 23  14    355.8    124.2   0.0642  64.2036   0.0010  50.0000 -1250.876
 23  15    356.0    124.0   0.0643  64.3124   0.0010  50.0000 -1256.936
 23  16    355.8    124.2   0.0642  64.2390   0.0010  50.0000 -1258.188
 23  17    355.8    124.2   0.0642  64.2390   0.0010  50.0000 -1258.188
 23  18    354.0    126.0   0.0633  63.3297   0.0010  50.0000 -1227.061
 23  19    356.1    123.9   0.0644  64.4082   0.0010  50.0000 -1260.706
 23  20    356.1    123.9   0.0644  64.3992   0.0010  50.0000 -1177.994
 23  21    356.3    123.7   0.0645  64.4676   0.0010  50.0000 -1174.430
 23  22    355.1    124.9   0.0000   0.0491   0.0010   0.0384  -689.160
 24   1    356.9    123.1   0.0648  64.8170   0.0010  50.0000 -1325.531
 24   2    354.5    125.5   0.0636  63.5585   0.0010  50.0000 -1311.284
 24   3    351.9    128.1   0.0623  62.2565   0.0010  50.0000 -1322.645
 24   4    352.6    127.4   0.0626  62.5999   0.0010  50.0000 -1297.976
 24   5    351.9    128.1   0.0623  62.2776   0.0010  50.0000 -1287.523
 24   6    351.9    128.1   0.0623  62.2776   0.0010  50.0000 -1287.523
 24   7    352.4    127.6   0.0625  62.5055   0.0010  50.0000 -1287.795
 24   8    352.4    127.6   0.0625  62.5055   0.0010  50.0000 -1287.795
 24   9    352.5    127.5   0.0626  62.5832   0.0010  50.0000 -1281.690
 24  10    353.0    127.0   0.0628  62.8251   0.0010  50.0000 -1278.199
 24  11    353.0    127.0   0.0628  62.8251   0.0010  50.0000 -1278.199
 24  12    354.8    125.2   0.0637  63.7103   0.0010  50.0000 -1297.377
 24  13    354.4    125.6   0.0635  63.5310   0.0010  50.0000 -1269.345
 24  14    354.3    125.7   0.0635  63.4610   0.0010  50.0000 -1253.849
 24  15    354.5    125.5   0.0636  63.5676   0.0010  50.0000 -1257.046
 24  16    354.4    125.6   0.0635  63.5012   0.0010  50.0000 -1258.228
 24  17    354.4    125.6   0.0635  63.5012   0.0010  50.0000 -1258.228
 24  18    352.7    127.3   0.0626  62.6469   0.0010  50.0000 -1239.032
 24  19    354.8    125.2   0.0637  63.7020   0.0010  50.0000 -1261.241
 24  20    354.7    125.3   0.0637  63.6578   0.0010  50.0000 -1186.929
 24  21    354.7    125.3   0.0637  63.6877   0.0010  50.0000 -1179.426
 24  22    353.7    126.3   0.0632  63.1508   0.0010  50.0000 -1051.709
 24  23    353.4    126.6   0.0630  63.0259   0.0010  50.0000 -1052.139
 25   1    358.6    121.4   0.0657  65.7181   0.0010  50.0000 -1313.019
 25   2    356.2    123.8   0.0644  64.4333   0.0010  50.0000 -1317.310
 25   3    353.5    126.5   0.0631  63.0835   0.0010  50.0000 -1313.228
 25   4    354.3    125.7   0.0634  63.4419   0.0010  50.0000 -1319.697
 25   5    353.6    126.4   0.0631  63.0965   0.0010  50.0000 -1277.503
 25   6    353.6    126.4   0.0631  63.0965   0.0010  50.0000 -1277.503
 25   7    354.0    126.0   0.0633  63.3388   0.0010  50.0000 -1298.487
 25   8    354.0    126.0   0.0633  63.3388   0.0010  50.0000 -1298.487
 25   9    354.2    125.8   0.0634  63.4244   0.0010  50.0000 -1266.881
 25  10    354.7    125.3   0.0637  63.6545   0.0010  50.0000 -1261.600
 25  11    354.7    125.3   0.0637  63.6545   0.0010  50.0000 -1261.600
 25  12    356.5    123.5   0.0646  64.5690   0.0010  50.0000 -1294.260
 25  13    356.1    123.9   0.0644  64.3969   0.0010  50.0000 -1286.934
 25  14    356.0    124.0   0.0643  64.3319   0.0010  50.0000 -1275.561
 25  15    356.2    123.8   0.0644  64.4402   0.0010  50.0000 -1278.470
 25  16    356.1    123.9   0.0644  64.3685   0.0010  50.0000 -1279.698
 25  17    356.1    123.9   0.0644  64.3685   0.0010  50.0000 -1279.698
 25  18    354.3    125.7   0.0635  63.4621   0.0010  50.0000 -1252.911
 25  19    356.4    123.6   0.0645  64.5474   0.0010  50.0000 -1272.177
 25  20    356.4    123.6   0.0645  64.5335   0.0010  50.0000 -1165.259
 25  21    356.5    123.5   0.0646  64.5859   0.0010  50.0000 -1210.639
 25  22    355.3    124.7   0.0640  63.9834   0.0010  50.0000 -1049.455
 25  23    355.1    124.9   0.0639  63.8610   0.0010  50.0000 -1049.692
 25  24    353.7    126.3   0.0010   1.0493   0.0010   0.8306 -1034.884
 26   1    360.1    119.9   0.0665  66.5072   0.0010  50.0000 -1353.160
 26   2    357.7    122.3   0.0652  65.2340   0.0010  50.0000 -1324.874
 26   3    355.0    125.0   0.0638  63.8029   0.0010  50.0000 -1315.966
 26   4    355.8    124.2   0.0642  64.2029   0.0010  50.0000 -1278.293
 26   5    355.0    125.0   0.0638  63.8346   0.0010  50.0000 -1298.060
 26   6    355.0    125.0   0.0638  63.8346   0.0010  50.0000 -1298.060
 26   7    355.6    124.4   0.0641  64.1199   0.0010  50.0000 -1307.724
 26   8    355.6    124.4   0.0641  64.1199   0.0010  50.0000 -1307.724
 26   9    355.7    124.3   0.0642  64.1689   0.0010  50.0000 -1297.448
 26  10    356.1    123.9   0.0644  64.3749   0.0010  50.0000 -1296.031
 26  11    356.1    123.9   0.0644  64.3749   0.0010  50.0000 -1296.031
 26  12    357.8    122.2   0.0653  65.2824   0.0010  50.0000 -1320.815
 26  13    357.6    122.4   0.0652  65.1916   0.0010  50.0000 -1342.689
 26  14    357.5    122.5   0.0651  65.1169   0.0010  50.0000 -1328.012
 26  15    357.7    122.3   0.0652  65.2323   0.0010  50.0000 -1331.506
 26  16    357.6    122.4   0.0652  65.1541   0.0010  50.0000 -1335.327
 26  17    357.6    122.4   0.0652  65.1541   0.0010  50.0000 -1335.327
 26  18    355.9    124.1   0.0643  64.2795   0.0010  50.0000 -1298.932
 26  19    357.9    122.1   0.0653  65.3110   0.0010  50.0000 -1299.278
 26  20    357.8    122.2   0.0653  65.2679   0.0010  50.0000 -1183.095
 26  21    358.0    122.0   0.0654  65.4059   0.0010  50.0000 -1157.596
 26  22    356.9    123.1   0.0648  64.8178   0.0010  50.0000 -1147.321
 26  23    356.7    123.3   0.0647  64.7044   0.0010  50.0000 -1147.728
 26  24    355.2    124.8   0.0639  63.9064   0.0010  50.0000 -1161.848
 26  25    356.9    123.1   0.0648  64.8191   0.0010  50.0000 -1189.425
 27   1    360.1    119.9   0.0665  66.5072   0.0010  50.0000 -1353.160
 27   2    357.7    122.3   0.0652  65.2340   0.0010  50.0000 -1324.874
 27   3    355.0    125.0   0.0638  63.8029   0.0010  50.0000 -1315.966
 27   4    355.8    124.2   0.0642  64.2029   0.0010  50.0000 -1278.293
 27   5    355.0    125.0   0.0638  63.8346   0.0010  50.0000 -1298.060
 27   6    355.0    125.0   0.0638  63.8346   0.0010  50.0000 -1298.060
 27   7    355.6    124.4   0.0641  64.1199   0.0010  50.0000 -1307.724
 27   8    355.6    124.4   0.0641  64.1199   0.0010  50.0000 -1307.724
 27   9    355.7    124.3   0.0642  64.1689   0.0010  50.0000 -1297.448
 27  10    356.1    123.9   0.0644  64.3749   0.0010  50.0000 -1296.031
 27  11    356.1    123.9   0.0644  64.3749   0.0010  50.0000 -1296.031
 27  12    357.8    122.2   0.0653  65.2824   0.0010  50.0000 -1320.815
 27  13    357.6    122.4   0.0652  65.1916   0.0010  50.0000 -1342.689
 27  14    357.5    122.5   0.0651  65.1169   0.0010  50.0000 -1328.012
 27  15    357.7    122.3   0.0652  65.2323   0.0010  50.0000 -1331.506
 27  16    357.6    122.4   0.0652  65.1541   0.0010  50.0000 -1335.327
 27  17    357.6    122.4   0.0652  65.1541   0.0010  50.0000 -1335.327
 27  18    355.9    124.1   0.0643  64.2795   0.0010  50.0000 -1298.932
 27  19    357.9    122.1   0.0653  65.3110   0.0010  50.0000 -1299.278
 27  20    357.8    122.2   0.0653  65.2679   0.0010  50.0000 -1183.095
 27  21    358.0    122.0   0.0654  65.4059   0.0010  50.0000 -1157.596
 27  22    356.9    123.1   0.0648  64.8178   0.0010  50.0000 -1147.321
 27  23    356.7    123.3   0.0647  64.7044   0.0010  50.0000 -1147.728
 27  24    355.2    124.8   0.0639  63.9064   0.0010  50.0000 -1161.848
 27  25    356.9    123.1   0.0648  64.8191   0.0010  50.0000 -1189.425
 27  26    358.5    121.5   0.0000   0.0000   0.0010   0.0000  -645.140
 28   1    358.9    121.1   0.0659  65.8924   0.0010  50.0000 -1304.023
 28   2    356.6    123.4   0.0646  64.6329   0.0010  50.0000 -1323.315
 28   3    353.9    126.1   0.0633  63.2718   0.0010  50.0000 -1308.037
 28   4    354.7    125.3   0.0636  63.6423   0.0010  50.0000 -1275.401
 28   5    354.0    126.0   0.0633  63.3054   0.0010  50.0000 -1271.359
 28   6    354.0    126.0   0.0633  63.3054   0.0010  50.0000 -1271.359
 28   7    354.5    125.5   0.0636  63.5592   0.0010  50.0000 -1294.804
 28   8    354.5    125.5   0.0636  63.5592   0.0010  50.0000 -1294.804
 28   9    354.6    125.4   0.0636  63.6160   0.0010  50.0000 -1287.138
 28  10    355.1    124.9   0.0639  63.8502   0.0010  50.0000 -1268.625
 28  11    355.1    124.9   0.0639  63.8502   0.0010  50.0000 -1268.625
 28  12    356.8    123.2   0.0647  64.7382   0.0010  50.0000 -1311.499
 28  13    356.5    123.5   0.0646  64.6028   0.0010  50.0000 -1314.663
 28  14    356.4    123.6   0.0645  64.5257   0.0010  50.0000 -1301.976
 28  15    356.6    123.4   0.0646  64.6374   0.0010  50.0000 -1306.914
 28  16    356.5    123.5   0.0646  64.5671   0.0010  50.0000 -1303.881
 28  17    356.5    123.5   0.0646  64.5671   0.0010  50.0000 -1303.881
 28  18    354.8    125.2   0.0637  63.7261   0.0010  50.0000 -1294.105
 28  19    356.8    123.2   0.0648  64.7600   0.0010  50.0000 -1303.077
 28  20    356.7    123.3   0.0647  64.6947   0.0010  50.0000 -1145.833
 28  21    356.8    123.2   0.0648  64.7717   0.0010  50.0000 -1163.423
 28  22    355.8    124.2   0.0642  64.2447   0.0010  50.0000 -1172.245
 28  23    355.6    124.4   0.0641  64.1230   0.0010  50.0000 -1172.569
 28  24    354.1    125.9   0.0634  63.3698   0.0010  50.0000 -1178.241
 28  25    355.8    124.2   0.0643  64.2518   0.0010  50.0000 -1148.465
 28  26    357.3    122.7   0.0650  64.9979   0.0010  50.0000 -1149.467
 28  27    357.3    122.7   0.0650  64.9979   0.0010  50.0000 -1149.467
 29   1    357.9    122.1   0.0653  65.3127   0.0010  50.0000 -1346.149
 29   2    355.5    124.5   0.0641  64.0602   0.0010  50.0000 -1340.432
 29   3    352.8    127.2   0.0627  62.7058   0.0010  50.0000 -1310.186
 29   4    353.5    126.5   0.0631  63.0754   0.0010  50.0000 -1316.889
 29   5    352.8    127.2   0.0627  62.7367   0.0010  50.0000 -1295.590
 29   6    352.8    127.2   0.0627  62.7367   0.0010  50.0000 -1295.590
 29   7    353.4    126.6   0.0630  62.9921   0.0010  50.0000 -1311.156
 29   8    353.4    126.6   0.0630  62.9921   0.0010  50.0000 -1311.156
 29   9    353.5    126.5   0.0630  63.0487   0.0010  50.0000 -1294.738
 29  10    353.9    126.1   0.0633  63.2734   0.0010  50.0000 -1280.176
 29  11    353.9    126.1   0.0633  63.2734   0.0010  50.0000 -1280.176
 29  12    355.7    124.3   0.0642  64.1565   0.0010  50.0000 -1332.446
 29  13    355.4    124.6   0.0640  64.0278   0.0010  50.0000 -1319.632
 29  14    355.3    124.7   0.0640  63.9530   0.0010  50.0000 -1303.613
 29  15    355.5    124.5   0.0641  64.0638   0.0010  50.0000 -1311.779
 29  16    355.3    124.7   0.0640  63.9928   0.0010  50.0000 -1308.705
 29  17    355.3    124.7   0.0640  63.9928   0.0010  50.0000 -1308.705
 29  18    353.7    126.3   0.0632  63.1520   0.0010  50.0000 -1306.209
 29  19    355.7    124.3   0.0642  64.1763   0.0010  50.0000 -1305.711
 29  20    355.6    124.4   0.0641  64.1195   0.0010  50.0000 -1173.415
 29  21    355.8    124.2   0.0642  64.2045   0.0010  50.0000 -1163.705
 29  22    354.7    125.3   0.0637  63.6674   0.0010  50.0000 -1175.767
 29  23    354.5    125.5   0.0635  63.5486   0.0010  50.0000 -1180.349
 29  24    353.0    127.0   0.0628  62.8018   0.0010  50.0000 -1207.241
 29  25    354.7    125.3   0.0637  63.6736   0.0010  50.0000 -1172.121
 29  26    356.2    123.8   0.0644  64.4319   0.0010  50.0000 -1195.968
 29  27    356.2    123.8   0.0644  64.4319   0.0010  50.0000 -1195.968
 29  28    355.0    125.0   0.0638  63.8405   0.0010  50.0000 -1024.159
 30   1    357.9    122.1   0.0653  65.3127   0.0010  50.0000 -1346.149
 30   2    355.5    124.5   0.0641  64.0602   0.0010  50.0000 -1340.432
 30   3    352.8    127.2   0.0627  62.7058   0.0010  50.0000 -1310.186
 30   4    353.5    126.5   0.0631  63.0754   0.0010  50.0000 -1316.889
 30   5    352.8    127.2   0.0627  62.7367   0.0010  50.0000 -1295.590
 30   6    352.8    127.2   0.0627  62.7367   0.0010  50.0000 -1295.590
 30   7    353.4    126.6   0.0630  62.9921   0.0010  50.0000 -1311.156
 30   8    353.4    126.6   0.0630  62.9921   0.0010  50.0000 -1311.156
 30   9    353.5    126.5   0.0630  63.0487   0.0010  50.0000 -1294.738
 30  10    353.9    126.1   0.0633  63.2734   0.0010  50.0000 -1280.176
 30  11    353.9    126.1   0.0633  63.2734   0.0010  50.0000 -1280.176
 30  12    355.7    124.3   0.0642  64.1565   0.0010  50.0000 -1332.446
 30  13    355.4    124.6   0.0640  64.0278   0.0010  50.0000 -1319.632
 30  14    355.3    124.7   0.0640  63.9530   0.0010  50.0000 -1303.613
 30  15    355.5    124.5   0.0641  64.0638   0.0010  50.0000 -1311.779
 30  16    355.3    124.7   0.0640  63.9928   0.0010  50.0000 -1308.705
 30  17    355.3    124.7   0.0640  63.9928   0.0010  50.0000 -1308.705
 30  18    353.7    126.3   0.0632  63.1520   0.0010  50.0000 -1306.209
 30  19    355.7    124.3   0.0642  64.1763   0.0010  50.0000 -1305.711
 30  20    355.6    124.4   0.0641  64.1195   0.0010  50.0000 -1173.415
 30  21    355.8    124.2   0.0642  64.2045   0.0010  50.0000 -1163.705
 30  22    354.7    125.3   0.0637  63.6674   0.0010  50.0000 -1175.767
 30  23    354.5    125.5   0.0635  63.5486   0.0010  50.0000 -1180.349
 30  24    353.0    127.0   0.0628  62.8018   0.0010  50.0000 -1207.241
 30  25    354.7    125.3   0.0637  63.6736   0.0010  50.0000 -1172.121
 30  26    356.2    123.8   0.0644  64.4319   0.0010  50.0000 -1195.968
 30  27    356.2    123.8   0.0644  64.4319   0.0010  50.0000 -1195.968
 30  28    355.0    125.0   0.0638  63.8405   0.0010  50.0000 -1024.159
 30  29    353.9    126.1   0.0000   0.0000   0.0010   0.0000  -650.986
 31   1    359.5    120.5   0.0662  66.1942   0.0010  50.0000 -1351.957
 31   2    357.1    122.9   0.0649  64.9223   0.0010  50.0000 -1309.741
 31   3    354.4    125.6   0.0635  63.5193   0.0010  50.0000 -1327.985
 31   4    355.2    124.8   0.0639  63.9064   0.0010  50.0000 -1331.421
 31   5    354.5    125.5   0.0635  63.5483   0.0010  50.0000 -1317.099
 31   6    354.5    125.5   0.0635  63.5483   0.0010  50.0000 -1317.099
 31   7    355.0    125.0   0.0638  63.8203   0.0010  50.0000 -1331.705
 31   8    355.0    125.0   0.0638  63.8203   0.0010  50.0000 -1331.705
 31   9    355.1    124.9   0.0639  63.8766   0.0010  50.0000 -1311.401
 31  10    355.5    124.5   0.0641  64.0918   0.0010  50.0000 -1310.290
 31  11    355.5    124.5   0.0641  64.0918   0.0010  50.0000 -1310.290
 31  12    357.3    122.7   0.0650  64.9960   0.0010  50.0000 -1324.428
 31  13    357.1    122.9   0.0649  64.8834   0.0010  50.0000 -1307.704
 31  14    356.9    123.1   0.0648  64.8098   0.0010  50.0000 -1291.299
 31  15    357.1    122.9   0.0649  64.9232   0.0010  50.0000 -1296.299
 31  16    357.0    123.0   0.0648  64.8477   0.0010  50.0000 -1300.070
 31  17    357.0    123.0   0.0648  64.8477   0.0010  50.0000 -1300.070
 31  18    355.3    124.7   0.0640  63.9754   0.0010  50.0000 -1260.964
 31  19    357.3    122.7   0.0650  65.0152   0.0010  50.0000 -1267.783
 31  20    357.2    122.8   0.0650  64.9724   0.0010  50.0000 -1220.271
 31  21    357.4    122.6   0.0651  65.0844   0.0010  50.0000 -1193.528
 31  22    356.3    123.7   0.0645  64.5067   0.0010  50.0000 -1149.008
 31  23    356.1    123.9   0.0644  64.3902   0.0010  50.0000 -1153.421
 31  24    354.6    125.4   0.0636  63.6176   0.0010  50.0000 -1195.329
 31  25    356.3    123.7   0.0645  64.5104   0.0010  50.0000 -1169.727
 31  26    357.9    122.1   0.0653  65.3235   0.0010  50.0000 -1210.124
 31  27    357.9    122.1   0.0653  65.3235   0.0010  50.0000 -1210.124
 31  28    356.7    123.3   0.0647  64.6975   0.0010  50.0000 -1075.722
 31  29    355.6    124.4   0.0641  64.1296   0.0010  50.0000 -1073.260
 31  30    355.6    124.4   0.0641  64.1296   0.0010  50.0000 -1073.260
 32   1    358.9    121.1   0.0659  65.8689   0.0010  50.0000 -1326.978
 32   2    356.6    123.4   0.0646  64.6179   0.0010  50.0000 -1319.957
 32   3    353.8    126.2   0.0632  63.2249   0.0010  50.0000 -1331.667
 32   4    354.6    125.4   0.0636  63.6129   0.0010  50.0000 -1325.076
 32   5    353.9    126.1   0.0633  63.2630   0.0010  50.0000 -1303.178
 32   6    353.9    126.1   0.0633  63.2630   0.0010  50.0000 -1303.178
 32   7    354.4    125.6   0.0635  63.5369   0.0010  50.0000 -1319.987
 32   8    354.4    125.6   0.0635  63.5369   0.0010  50.0000 -1319.987
 32   9    354.5    125.5   0.0636  63.5795   0.0010  50.0000 -1311.940
 32  10    355.0    125.0   0.0638  63.7951   0.0010  50.0000 -1300.822
 32  11    355.0    125.0   0.0638  63.7951   0.0010  50.0000 -1300.822
 32  12    356.7    123.3   0.0647  64.6790   0.0010  50.0000 -1305.330
 32  13    356.5    123.5   0.0646  64.5826   0.0010  50.0000 -1303.837
 32  14    356.3    123.7   0.0645  64.5041   0.0010  50.0000 -1287.301
 32  15    356.6    123.4   0.0646  64.6179   0.0010  50.0000 -1285.382
 32  16    356.4    123.6   0.0645  64.5440   0.0010  50.0000 -1289.166
 32  17    356.4    123.6   0.0645  64.5440   0.0010  50.0000 -1289.166
 32  18    354.8    125.2   0.0637  63.7108   0.0010  50.0000 -1266.068
 32  19    356.7    123.3   0.0647  64.7180   0.0010  50.0000 -1262.985
 32  20    356.6    123.4   0.0647  64.6510   0.0010  50.0000 -1206.834
 32  21    356.8    123.2   0.0648  64.7713   0.0010  50.0000 -1181.028
 32  22    355.8    124.2   0.0642  64.2354   0.0010  50.0000 -1165.484
 32  23    355.6    124.4   0.0641  64.1199   0.0010  50.0000 -1169.841
 32  24    354.0    126.0   0.0633  63.3308   0.0010  50.0000 -1185.097
 32  25    355.8    124.2   0.0642  64.2382   0.0010  50.0000 -1170.637
 32  26    357.3    122.7   0.0650  65.0047   0.0010  50.0000 -1186.509
 32  27    357.3    122.7   0.0650  65.0047   0.0010  50.0000 -1186.509
 32  28    356.1    123.9   0.0644  64.3762   0.0010  50.0000 -1036.816
 32  29    355.0    125.0   0.0638  63.8183   0.0010  50.0000 -1075.923
 32  30    355.0    125.0   0.0638  63.8183   0.0010  50.0000 -1075.923
 32  31    356.7    123.3   0.0647  64.6933   0.0010  50.0000 -1003.818
 33   1    357.7    122.3   0.0652  65.2416   0.0010  50.0000 -1328.644
 33   2    355.3    124.7   0.0640  63.9832   0.0010  50.0000 -1275.221
 33   3    352.7    127.3   0.0627  62.6699   0.0010  50.0000 -1349.032
 33   4    353.4    126.6   0.0630  63.0183   0.0010  50.0000 -1302.452
 33   5    352.8    127.2   0.0627  62.6970   0.0010  50.0000 -1308.866
 33   6    352.8    127.2   0.0627  62.6970   0.0010  50.0000 -1308.866
 33   7    353.2    126.8   0.0629  62.9285   0.0010  50.0000 -1302.285
 33   8    353.2    126.8   0.0629  62.9285   0.0010  50.0000 -1302.285
 33   9    353.4    126.6   0.0630  62.9995   0.0010  50.0000 -1306.442
 33  10    353.9    126.1   0.0632  63.2464   0.0010  50.0000 -1296.385
 33  11    353.9    126.1   0.0632  63.2464   0.0010  50.0000 -1296.385
 33  12    355.6    124.4   0.0641  64.1302   0.0010  50.0000 -1321.229
 33  13    355.3    124.7   0.0640  63.9578   0.0010  50.0000 -1315.267
 33  14    355.1    124.9   0.0639  63.8838   0.0010  50.0000 -1293.691
 33  15    355.3    124.7   0.0640  63.9920   0.0010  50.0000 -1291.453
 33  16    355.2    124.8   0.0639  63.9258   0.0010  50.0000 -1295.153
 33  17    355.2    124.8   0.0639  63.9258   0.0010  50.0000 -1295.153
 33  18    353.5    126.5   0.0631  63.0835   0.0010  50.0000 -1272.430
 33  19    355.6    124.4   0.0641  64.1332   0.0010  50.0000 -1265.880
 33  20    355.5    124.5   0.0641  64.0737   0.0010  50.0000 -1177.133
 33  21    355.6    124.4   0.0641  64.1081   0.0010  50.0000 -1134.162
 33  22    354.5    125.5   0.0636  63.5902   0.0010  50.0000 -1145.591
 33  23    354.3    125.7   0.0635  63.4640   0.0010  50.0000 -1146.142
 33  24    352.9    127.1   0.0628  62.7576   0.0010  50.0000 -1177.817
 33  25    354.6    125.4   0.0636  63.6013   0.0010  50.0000 -1171.104
 33  26    356.0    124.0   0.0643  64.3258   0.0010  50.0000 -1159.586
 33  27    356.0    124.0   0.0643  64.3258   0.0010  50.0000 -1159.586
 33  28    354.9    125.1   0.0638  63.7815   0.0010  50.0000 -1085.019
 33  29    353.8    126.2   0.0632  63.2109   0.0010  50.0000 -1116.073
 33  30    353.8    126.2   0.0632  63.2109   0.0010  50.0000 -1116.073
 33  31    355.4    124.6   0.0640  64.0382   0.0010  50.0000 -1122.880
 33  32    354.8    125.2   0.0637  63.7346   0.0010  50.0000 -1132.027
 34   1    357.7    122.3   0.0652  65.2416   0.0010  50.0000 -1328.644
 34   2    355.3    124.7   0.0640  63.9832   0.0010  50.0000 -1275.221
 34   3    352.7    127.3   0.0627  62.6699   0.0010  50.0000 -1349.032
 34   4    353.4    126.6   0.0630  63.0183   0.0010  50.0000 -1302.452
 34   5    352.8    127.2   0.0627  62.6970   0.0010  50.0000 -1308.866
 34   6    352.8    127.2   0.0627  62.6970   0.0010  50.0000 -1308.866
 34   7    353.2    126.8   0.0629  62.9285   0.0010  50.0000 -1302.285
 34   8    353.2    126.8   0.0629  62.9285   0.0010  50.0000 -1302.285
 34   9    353.4    126.6   0.0630  62.9995   0.0010  50.0000 -1306.442
 34  10    353.9    126.1   0.0632  63.2464   0.0010  50.0000 -1296.385
 34  11    353.9    126.1   0.0632  63.2464   0.0010  50.0000 -1296.385
 34  12    355.6    124.4   0.0641  64.1302   0.0010  50.0000 -1321.229
 34  13    355.3    124.7   0.0640  63.9578   0.0010  50.0000 -1315.267
 34  14    355.1    124.9   0.0639  63.8838   0.0010  50.0000 -1293.691
 34  15    355.3    124.7   0.0640  63.9920   0.0010  50.0000 -1291.453
 34  16    355.2    124.8   0.0639  63.9258   0.0010  50.0000 -1295.153
 34  17    355.2    124.8   0.0639  63.9258   0.0010  50.0000 -1295.153
 34  18    353.5    126.5   0.0631  63.0835   0.0010  50.0000 -1272.430
 34  19    355.6    124.4   0.0641  64.1332   0.0010  50.0000 -1265.880
 34  20    355.5    124.5   0.0641  64.0737   0.0010  50.0000 -1177.133
 34  21    355.6    124.4   0.0641  64.1081   0.0010  50.0000 -1134.162
 34  22    354.5    125.5   0.0636  63.5902   0.0010  50.0000 -1145.591
 34  23    354.3    125.7   0.0635  63.4640   0.0010  50.0000 -1146.142
 34  24    352.9    127.1   0.0628  62.7576   0.0010  50.0000 -1177.817
 34  25    354.6    125.4   0.0636  63.6013   0.0010  50.0000 -1171.104
 34  26    356.0    124.0   0.0643  64.3258   0.0010  50.0000 -1159.586
 34  27    356.0    124.0   0.0643  64.3258   0.0010  50.0000 -1159.586
 34  28    354.9    125.1   0.0638  63.7815   0.0010  50.0000 -1085.019
 34  29    353.8    126.2   0.0632  63.2109   0.0010  50.0000 -1116.073
 34  30    353.8    126.2   0.0632  63.2109   0.0010  50.0000 -1116.073
 34  31    355.4    124.6   0.0640  64.0382   0.0010  50.0000 -1122.880
 34  32    354.8    125.2   0.0637  63.7346   0.0010  50.0000 -1132.027
 34  33    353.7    126.3   0.0000   0.0000   0.0010   0.0000  -651.173
 35   1    360.0    120.0   0.0665  66.4745   0.0010  50.0000 -1361.324
 35   2    357.7    122.3   0.0652  65.2227   0.0010  50.0000 -1267.752
 35   3    355.0    125.0   0.0638  63.8328   0.0010  50.0000 -1314.861
 35   4    355.8    124.2   0.0642  64.2185   0.0010  50.0000 -1288.999
 35   5    355.1    124.9   0.0639  63.8765   0.0010  50.0000 -1308.414
 35   6    355.1    124.9   0.0639  63.8765   0.0010  50.0000 -1308.414
 35   7    355.6    124.4   0.0641  64.1453   0.0010  50.0000 -1303.114
 35   8    355.6    124.4   0.0641  64.1453   0.0010  50.0000 -1303.114
 35   9    355.7    124.3   0.0642  64.1857   0.0010  50.0000 -1317.989
 35  10    356.2    123.8   0.0644  64.4161   0.0010  50.0000 -1293.722
 35  11    356.2    123.8   0.0644  64.4161   0.0010  50.0000 -1293.722
 35  12    357.8    122.2   0.0653  65.2984   0.0010  50.0000 -1305.424
 35  13    357.6    122.4   0.0652  65.1924   0.0010  50.0000 -1279.452
 35  14    357.5    122.5   0.0651  65.1097   0.0010  50.0000 -1273.530
 35  15    357.7    122.3   0.0652  65.2244   0.0010  50.0000 -1267.742
 35  16    357.6    122.4   0.0652  65.1526   0.0010  50.0000 -1271.410
 35  17    357.6    122.4   0.0652  65.1526   0.0010  50.0000 -1271.410
 35  18    356.0    124.0   0.0643  64.3329   0.0010  50.0000 -1271.331
 35  19    357.9    122.1   0.0653  65.3433   0.0010  50.0000 -1254.825
 35  20    357.8    122.2   0.0653  65.2581   0.0010  50.0000 -1160.513
 35  21    358.0    122.0   0.0654  65.3637   0.0010  50.0000 -1168.578
 35  22    357.0    123.0   0.0649  64.8570   0.0010  50.0000 -1186.370
 35  23    356.8    123.2   0.0647  64.7375   0.0010  50.0000 -1191.085
 35  24    355.2    124.8   0.0639  63.9424   0.0010  50.0000 -1200.375
 35  25    357.0    123.0   0.0649  64.8614   0.0010  50.0000 -1207.426
 35  26    358.4    121.6   0.0656  65.5919   0.0010  50.0000 -1180.929
 35  27    358.4    121.6   0.0656  65.5919   0.0010  50.0000 -1180.929
 35  28    357.2    122.8   0.0650  64.9731   0.0010  50.0000 -1114.077
 35  29    356.1    123.9   0.0644  64.4083   0.0010  50.0000 -1124.752
 35  30    356.1    123.9   0.0644  64.4083   0.0010  50.0000 -1124.752
 35  31    357.8    122.2   0.0653  65.2878   0.0010  50.0000 -1142.438
 35  32    357.2    122.8   0.0649  64.9406   0.0010  50.0000 -1113.130
 35  33    356.0    124.0   0.0643  64.3441   0.0010  50.0000 -1054.516
 35  34    356.0    124.0   0.0643  64.3441   0.0010  50.0000 -1054.516
 36   1    360.0    120.0   0.0665  66.4729   0.0010  50.0000 -1343.102
 36   2    357.7    122.3   0.0652  65.2006   0.0010  50.0000 -1274.522
 36   3    354.9    125.1   0.0638  63.7602   0.0010  50.0000 -1293.916
 36   4    355.7    124.3   0.0642  64.1650   0.0010  50.0000 -1294.104
 36   5    354.9    125.1   0.0638  63.7925   0.0010  50.0000 -1297.614
 36   6    354.9    125.1   0.0638  63.7925   0.0010  50.0000 -1297.614
 36   7    355.5    124.5   0.0641  64.0834   0.0010  50.0000 -1295.171
 36   8    355.5    124.5   0.0641  64.0834   0.0010  50.0000 -1295.171
 36   9    355.6    124.4   0.0641  64.1292   0.0010  50.0000 -1281.552
 36  10    356.0    124.0   0.0643  64.3297   0.0010  50.0000 -1287.058
 36  11    356.0    124.0   0.0643  64.3297   0.0010  50.0000 -1287.058
 36  12    357.7    122.3   0.0652  65.2371   0.0010  50.0000 -1304.306
 36  13    357.6    122.4   0.0652  65.1565   0.0010  50.0000 -1290.400
 36  14    357.4    122.6   0.0651  65.0818   0.0010  50.0000 -1279.469
 36  15    357.7    122.3   0.0652  65.1977   0.0010  50.0000 -1279.520
 36  16    357.5    122.5   0.0651  65.1183   0.0010  50.0000 -1283.323
 36  17    357.5    122.5   0.0651  65.1183   0.0010  50.0000 -1283.323
 36  18    355.8    124.2   0.0642  64.2436   0.0010  50.0000 -1246.408
 36  19    357.8    122.2   0.0653  65.2693   0.0010  50.0000 -1280.295
 36  20    357.7    122.3   0.0652  65.2275   0.0010  50.0000 -1146.004
 36  21    358.0    122.0   0.0654  65.3774   0.0010  50.0000 -1165.419
 36  22    356.9    123.1   0.0648  64.7839   0.0010  50.0000 -1111.307
 36  23    356.7    123.3   0.0647  64.6722   0.0010  50.0000 -1115.841
 36  24    355.1    124.9   0.0639  63.8654   0.0010  50.0000 -1146.731
 36  25    356.9    123.1   0.0648  64.7839   0.0010  50.0000 -1156.880
 36  26    358.5    121.5   0.0656  65.6246   0.0010  50.0000 -1148.516
 36  27    358.5    121.5   0.0656  65.6246   0.0010  50.0000 -1148.516
 36  28    357.2    122.8   0.0650  64.9608   0.0010  50.0000 -1122.453
 36  29    356.1    123.9   0.0644  64.3974   0.0010  50.0000 -1138.995
 36  30    356.1    123.9   0.0644  64.3974   0.0010  50.0000 -1138.995
 36  31    357.8    122.2   0.0653  65.2938   0.0010  50.0000 -1101.965
 36  32    357.2    122.8   0.0650  64.9739   0.0010  50.0000 -1135.812
 36  33    355.9    124.1   0.0643  64.2835   0.0010  50.0000 -1053.984
 36  34    355.9    124.1   0.0643  64.2835   0.0010  50.0000 -1053.984
 36  35    358.3    121.7   0.0656  65.5567   0.0010  50.0000 -1013.731
 37   1    358.7    121.3   0.0658  65.7506   0.0010  50.0000 -1350.415
 37   2    356.3    123.7   0.0645  64.4776   0.0010  50.0000 -1265.545
 37   3    353.6    126.4   0.0631  63.1315   0.0010  50.0000 -1314.409
 37   4    354.4    125.6   0.0635  63.4913   0.0010  50.0000 -1280.589
 37   5    353.7    126.3   0.0632  63.1544   0.0010  50.0000 -1302.663
 37   6    353.7    126.3   0.0632  63.1544   0.0010  50.0000 -1302.663
 37   7    354.2    125.8   0.0634  63.3973   0.0010  50.0000 -1304.196
 37   8    354.2    125.8   0.0634  63.3973   0.0010  50.0000 -1304.196
 37   9    354.3    125.7   0.0635  63.4710   0.0010  50.0000 -1302.135
 37  10    354.8    125.2   0.0637  63.7081   0.0010  50.0000 -1306.812
 37  11    354.8    125.2   0.0637  63.7081   0.0010  50.0000 -1306.812
 37  12    356.5    123.5   0.0646  64.6088   0.0010  50.0000 -1319.517
 37  13    356.2    123.8   0.0644  64.4461   0.0010  50.0000 -1302.194
 37  14    356.1    123.9   0.0644  64.3749   0.0010  50.0000 -1305.726
 37  15    356.3    123.7   0.0645  64.4844   0.0010  50.0000 -1302.239
 37  16    356.2    123.8   0.0644  64.4145   0.0010  50.0000 -1303.472
 37  17    356.2    123.8   0.0644  64.4145   0.0010  50.0000 -1303.472
 37  18    354.5    125.5   0.0635  63.5420   0.0010  50.0000 -1281.882
 37  19    356.5    123.5   0.0646  64.6061   0.0010  50.0000 -1268.806
 37  20    356.4    123.6   0.0646  64.5648   0.0010  50.0000 -1162.598
 37  21    356.6    123.4   0.0646  64.6187   0.0010  50.0000 -1175.861
 37  22    355.5    124.5   0.0641  64.0598   0.0010  50.0000 -1140.449
 37  23    355.2    124.8   0.0639  63.9361   0.0010  50.0000 -1142.567
 37  24    353.8    126.2   0.0632  63.2184   0.0010  50.0000 -1183.115
 37  25    355.5    124.5   0.0641  64.0691   0.0010  50.0000 -1190.811
 37  26    357.0    123.0   0.0648  64.8460   0.0010  50.0000 -1198.303
 37  27    357.0    123.0   0.0648  64.8460   0.0010  50.0000 -1198.303
 37  28    355.9    124.1   0.0643  64.2780   0.0010  50.0000 -1108.652
 37  29    354.8    125.2   0.0637  63.7029   0.0010  50.0000 -1125.974
 37  30    354.8    125.2   0.0637  63.7029   0.0010  50.0000 -1125.974
 37  31    356.4    123.6   0.0645  64.5450   0.0010  50.0000 -1131.057
 37  32    355.8    124.2   0.0642  64.2491   0.0010  50.0000 -1135.419
 37  33    354.7    125.3   0.0636  63.6445   0.0010  50.0000 -1041.967
 37  34    354.7    125.3   0.0636  63.6445   0.0010  50.0000 -1041.967
 37  35    357.0    123.0   0.0649  64.8628   0.0010  50.0000 -1006.569
 37  36    356.9    123.1   0.0009   0.9334   0.0010   0.7201 -1065.707
 38   1    358.9    121.1   0.0659  65.8633   0.0010  50.0000 -1358.852
 38   2    356.5    123.5   0.0646  64.5967   0.0010  50.0000 -1263.486
 38   3    353.9    126.1   0.0632  63.2417   0.0010  50.0000 -1334.109
 38   4    354.6    125.4   0.0636  63.6074   0.0010  50.0000 -1303.148
 38   5    353.9    126.1   0.0633  63.2703   0.0010  50.0000 -1328.413
 38   6    353.9    126.1   0.0633  63.2703   0.0010  50.0000 -1328.413
 38   7    354.4    125.6   0.0635  63.5191   0.0010  50.0000 -1333.186
 38   8    354.4    125.6   0.0635  63.5191   0.0010  50.0000 -1333.186
 38   9    354.5    125.5   0.0636  63.5839   0.0010  50.0000 -1310.106
 38  10    355.0    125.0   0.0638  63.8199   0.0010  50.0000 -1323.828
 38  11    355.0    125.0   0.0638  63.8199   0.0010  50.0000 -1323.828
 38  12    356.7    123.3   0.0647  64.7145   0.0010  50.0000 -1305.640
 38  13    356.5    123.5   0.0646  64.5660   0.0010  50.0000 -1299.522
 38  14    356.3    123.7   0.0645  64.4916   0.0010  50.0000 -1293.426
 38  15    356.5    123.5   0.0646  64.6023   0.0010  50.0000 -1293.563
 38  16    356.4    123.6   0.0645  64.5322   0.0010  50.0000 -1297.283
 38  17    356.4    123.6   0.0645  64.5322   0.0010  50.0000 -1297.283
 38  18    354.7    125.3   0.0637  63.6759   0.0010  50.0000 -1265.792
 38  19    356.8    123.2   0.0647  64.7248   0.0010  50.0000 -1267.853
 38  20    356.7    123.3   0.0647  64.6705   0.0010  50.0000 -1168.678
 38  21    356.8    123.2   0.0647  64.7365   0.0010  50.0000 -1156.347
 38  22    355.7    124.3   0.0642  64.1945   0.0010  50.0000 -1131.601
 38  23    355.5    124.5   0.0641  64.0717   0.0010  50.0000 -1136.262
 38  24    354.0    126.0   0.0633  63.3346   0.0010  50.0000 -1160.490
 38  25    355.8    124.2   0.0642  64.2027   0.0010  50.0000 -1181.273
 38  26    357.2    122.8   0.0650  64.9633   0.0010  50.0000 -1168.305
 38  27    357.2    122.8   0.0650  64.9633   0.0010  50.0000 -1168.305
 38  28    356.1    123.9   0.0644  64.3838   0.0010  50.0000 -1115.333
 38  29    355.0    125.0   0.0638  63.8118   0.0010  50.0000 -1134.569
 38  30    355.0    125.0   0.0638  63.8118   0.0010  50.0000 -1134.569
 38  31    356.6    123.4   0.0647  64.6625   0.0010  50.0000 -1104.444
 38  32    356.0    124.0   0.0644  64.3526   0.0010  50.0000 -1099.126
 38  33    354.9    125.1   0.0638  63.7534   0.0010  50.0000 -1044.273
 38  34    354.9    125.1   0.0638  63.7534   0.0010  50.0000 -1044.273
 38  35    357.2    122.8   0.0650  64.9580   0.0010  50.0000 -1006.602
 38  36    357.1    122.9   0.0009   0.8730   0.0010   0.6723 -1039.375
 38  37    355.8    124.2   0.0007   0.7242   0.0010   0.5637 -1050.274

