Supplemental results for CODEML (seqf: /gpfs/scratch/cltucker/EBH381-Group-Project/SIV_aligned_VPX.fas  treef: )


pairwise comparison (Goldman & Yang 1994)
seq seq        N       S       dN       dS     dN/dS   Paras.
  2   1    163.3     64.7   0.0586  58.5743   0.0010  50.0000  -557.295
  3   1    163.4     64.6   0.0587  58.6711   0.0010  50.0000  -547.607
  3   2    164.1     63.9   0.0593  59.3095   0.0010  50.0000  -559.505
  4   1    163.2     64.8   0.0585  58.5041   0.0010  50.0000  -553.388
  4   2    163.9     64.1   0.0591  59.0950   0.0010  50.0000  -552.924
  4   3    164.0     64.0   0.0592  59.2142   0.0010  50.0000  -466.382
  5   1    163.5     64.5   0.0587  58.7389   0.0010  50.0000  -544.787
  5   2    164.2     63.8   0.0594  59.3693   0.0010  50.0000  -519.756
  5   3    164.3     63.7   0.0595  59.5252   0.0010  50.0000  -474.518
  5   4    164.1     63.9   0.0593  59.2882   0.0010  50.0000  -473.747
  6   1    163.5     64.5   0.0587  58.7389   0.0010  50.0000  -544.787
  6   2    164.2     63.8   0.0594  59.3693   0.0010  50.0000  -519.756
  6   3    164.3     63.7   0.0595  59.5252   0.0010  50.0000  -474.518
  6   4    164.1     63.9   0.0593  59.2882   0.0010  50.0000  -473.747
  6   5    164.4     63.6   0.0000   0.0000   0.0010   0.0000  -304.678
  7   1    163.1     64.9   0.0584  58.4469   0.0010  50.0000  -531.002
  7   2    163.8     64.2   0.0590  59.0049   0.0010  50.0000  -525.536
  7   3    163.9     64.1   0.0591  59.0960   0.0010  50.0000  -467.939
  7   4    163.7     64.3   0.0589  58.9102   0.0010  50.0000  -469.230
  7   5    164.0     64.0   0.0002   0.2228   0.0010   0.1882  -368.380
  7   6    164.0     64.0   0.0002   0.2228   0.0010   0.1882  -368.380
  8   1    163.1     64.9   0.0584  58.4469   0.0010  50.0000  -531.002
  8   2    163.8     64.2   0.0590  59.0049   0.0010  50.0000  -525.536
  8   3    163.9     64.1   0.0591  59.0960   0.0010  50.0000  -467.939
  8   4    163.7     64.3   0.0589  58.9102   0.0010  50.0000  -469.230
  8   5    164.0     64.0   0.0002   0.2228   0.0010   0.1882  -368.380
  8   6    164.0     64.0   0.0002   0.2228   0.0010   0.1882  -368.380
  8   7    163.6     64.4   0.0000   0.0000   0.0010   0.0000  -304.842
  9   1    162.5     65.5   0.0579  57.8855   0.0010  50.0000  -570.725
  9   2    163.1     64.9   0.0584  58.4313   0.0010  50.0000  -549.440
  9   3    163.2     64.8   0.0585  58.4997   0.0010  50.0000  -485.553
  9   4    163.0     65.0   0.0583  58.3400   0.0010  50.0000  -499.568
  9   5    163.3     64.7   0.0009   0.8707   0.0010   0.7430  -481.965
  9   6    163.3     64.7   0.0009   0.8707   0.0010   0.7430  -481.965
  9   7    163.0     65.0   0.0008   0.7740   0.0010   0.6639  -475.092
  9   8    163.0     65.0   0.0008   0.7740   0.0010   0.6639  -475.092
 10   1    162.9     65.1   0.0582  58.2151   0.0010  50.0000  -529.266
 10   2    163.5     64.5   0.0588  58.7790   0.0010  50.0000  -558.802
 10   3    163.6     64.4   0.0589  58.8685   0.0010  50.0000  -475.301
 10   4    163.4     64.6   0.0587  58.6941   0.0010  50.0000  -482.963
 10   5    163.7     64.3   0.0010   0.9816   0.0010   0.8326  -473.188
 10   6    163.7     64.3   0.0010   0.9816   0.0010   0.8326  -473.188
 10   7    163.4     64.6   0.0007   0.6642   0.0010   0.5664  -441.567
 10   8    163.4     64.6   0.0007   0.6642   0.0010   0.5664  -441.567
 10   9    162.7     65.3   0.0581  58.0769   0.0010  50.0000  -474.361
 11   1    162.9     65.1   0.0582  58.2151   0.0010  50.0000  -529.266
 11   2    163.5     64.5   0.0588  58.7790   0.0010  50.0000  -558.802
 11   3    163.6     64.4   0.0589  58.8685   0.0010  50.0000  -475.301
 11   4    163.4     64.6   0.0587  58.6941   0.0010  50.0000  -482.963
 11   5    163.7     64.3   0.0010   0.9816   0.0010   0.8326  -473.188
 11   6    163.7     64.3   0.0010   0.9816   0.0010   0.8326  -473.188
 11   7    163.4     64.6   0.0007   0.6642   0.0010   0.5664  -441.567
 11   8    163.4     64.6   0.0007   0.6642   0.0010   0.5664  -441.567
 11   9    162.7     65.3   0.0581  58.0769   0.0010  50.0000  -474.361
 11  10    163.1     64.9   0.0000   0.0000   0.0010   0.0000  -306.211
 12   1    162.3     65.7   0.0577  57.7075   0.0010  50.0000  -605.225
 12   2    163.0     65.0   0.0583  58.3354   0.0010  50.0000  -596.076
 12   3    163.2     64.8   0.0585  58.4701   0.0010  50.0000  -561.835
 12   4    163.0     65.0   0.0583  58.2760   0.0010  50.0000  -592.872
 12   5    163.2     64.8   0.0585  58.5144   0.0010  50.0000  -575.192
 12   6    163.2     64.8   0.0585  58.5144   0.0010  50.0000  -575.192
 12   7    162.9     65.1   0.0582  58.1987   0.0010  50.0000  -570.276
 12   8    162.9     65.1   0.0582  58.1987   0.0010  50.0000  -570.276
 12   9    162.2     65.8   0.0576  57.6113   0.0010  50.0000  -594.104
 12  10    162.6     65.4   0.0579  57.9467   0.0010  50.0000  -575.167
 12  11    162.6     65.4   0.0579  57.9467   0.0010  50.0000  -575.167
 13   1    162.5     65.5   0.0578  57.8459   0.0010  50.0000  -583.402
 13   2    163.2     64.8   0.0585  58.4800   0.0010  50.0000  -639.270
 13   3    163.3     64.7   0.0586  58.6191   0.0010  50.0000  -568.063
 13   4    163.1     64.9   0.0584  58.4026   0.0010  50.0000  -598.368
 13   5    163.4     64.6   0.0587  58.6751   0.0010  50.0000  -589.916
 13   6    163.4     64.6   0.0587  58.6751   0.0010  50.0000  -589.916
 13   7    163.0     65.0   0.0583  58.3103   0.0010  50.0000  -582.073
 13   8    163.0     65.0   0.0583  58.3103   0.0010  50.0000  -582.073
 13   9    162.3     65.7   0.0577  57.7135   0.0010  50.0000  -611.086
 13  10    162.7     65.3   0.0581  58.0672   0.0010  50.0000  -566.743
 13  11    162.7     65.3   0.0581  58.0672   0.0010  50.0000  -566.743
 13  12    162.2     65.8   0.0576  57.5975   0.0010  50.0000  -544.447
 14   1    162.6     65.4   0.0579  57.9332   0.0010  50.0000  -585.234
 14   2    163.3     64.7   0.0586  58.5703   0.0010  50.0000  -640.433
 14   3    163.4     64.6   0.0587  58.7137   0.0010  50.0000  -562.453
 14   4    163.2     64.8   0.0585  58.4949   0.0010  50.0000  -599.929
 14   5    163.5     64.5   0.0588  58.7659   0.0010  50.0000  -594.741
 14   6    163.5     64.5   0.0588  58.7659   0.0010  50.0000  -594.741
 14   7    163.1     64.9   0.0584  58.4011   0.0010  50.0000  -587.020
 14   8    163.1     64.9   0.0584  58.4011   0.0010  50.0000  -587.020
 14   9    162.4     65.6   0.0578  57.8040   0.0010  50.0000  -615.915
 14  10    162.8     65.2   0.0582  58.1566   0.0010  50.0000  -571.607
 14  11    162.8     65.2   0.0582  58.1566   0.0010  50.0000  -571.607
 14  12    162.3     65.7   0.0577  57.6848   0.0010  50.0000  -545.997
 14  13    162.5     65.5   0.0001   0.1384   0.0010   0.1197  -359.202
 15   1    163.1     64.9   0.0584  58.3614   0.0010  50.0000  -576.650
 15   2    163.8     64.2   0.0590  59.0345   0.0010  50.0000  -631.796
 15   3    164.0     64.0   0.0592  59.2157   0.0010  50.0000  -560.066
 15   4    163.7     64.3   0.0590  58.9679   0.0010  50.0000  -593.923
 15   5    164.0     64.0   0.0592  59.2427   0.0010  50.0000  -585.904
 15   6    164.0     64.0   0.0592  59.2427   0.0010  50.0000  -585.904
 15   7    163.6     64.4   0.0589  58.8532   0.0010  50.0000  -578.272
 15   8    163.6     64.4   0.0589  58.8532   0.0010  50.0000  -578.272
 15   9    162.9     65.1   0.0582  58.2428   0.0010  50.0000  -607.564
 15  10    163.3     64.7   0.0586  58.5977   0.0010  50.0000  -565.350
 15  11    163.3     64.7   0.0586  58.5977   0.0010  50.0000  -565.350
 15  12    162.8     65.2   0.0581  58.1276   0.0010  50.0000  -543.784
 15  13    163.0     65.0   0.0001   0.1420   0.0010   0.1217  -351.097
 15  14    163.1     64.9   0.0001   0.0857   0.0010   0.0734  -339.703
 16   1    163.1     64.9   0.0584  58.3614   0.0010  50.0000  -576.650
 16   2    163.8     64.2   0.0590  59.0345   0.0010  50.0000  -631.796
 16   3    164.0     64.0   0.0592  59.2157   0.0010  50.0000  -560.066
 16   4    163.7     64.3   0.0590  58.9679   0.0010  50.0000  -593.923
 16   5    164.0     64.0   0.0592  59.2427   0.0010  50.0000  -585.904
 16   6    164.0     64.0   0.0592  59.2427   0.0010  50.0000  -585.904
 16   7    163.6     64.4   0.0589  58.8532   0.0010  50.0000  -578.272
 16   8    163.6     64.4   0.0589  58.8532   0.0010  50.0000  -578.272
 16   9    162.9     65.1   0.0582  58.2428   0.0010  50.0000  -607.564
 16  10    163.3     64.7   0.0586  58.5977   0.0010  50.0000  -565.350
 16  11    163.3     64.7   0.0586  58.5977   0.0010  50.0000  -565.350
 16  12    162.8     65.2   0.0581  58.1276   0.0010  50.0000  -543.784
 16  13    163.0     65.0   0.0001   0.1420   0.0010   0.1217  -351.097
 16  14    163.1     64.9   0.0001   0.0857   0.0010   0.0734  -339.703
 16  15    163.6     64.4   0.0000   0.0000   0.0010   0.0000  -306.765
 17   1    163.1     64.9   0.0584  58.3614   0.0010  50.0000  -576.650
 17   2    163.8     64.2   0.0590  59.0345   0.0010  50.0000  -631.796
 17   3    164.0     64.0   0.0592  59.2157   0.0010  50.0000  -560.066
 17   4    163.7     64.3   0.0590  58.9679   0.0010  50.0000  -593.923
 17   5    164.0     64.0   0.0592  59.2427   0.0010  50.0000  -585.904
 17   6    164.0     64.0   0.0592  59.2427   0.0010  50.0000  -585.904
 17   7    163.6     64.4   0.0589  58.8532   0.0010  50.0000  -578.272
 17   8    163.6     64.4   0.0589  58.8532   0.0010  50.0000  -578.272
 17   9    162.9     65.1   0.0582  58.2428   0.0010  50.0000  -607.564
 17  10    163.3     64.7   0.0586  58.5977   0.0010  50.0000  -565.350
 17  11    163.3     64.7   0.0586  58.5977   0.0010  50.0000  -565.350
 17  12    162.8     65.2   0.0581  58.1276   0.0010  50.0000  -543.784
 17  13    163.0     65.0   0.0001   0.1420   0.0010   0.1217  -351.097
 17  14    163.1     64.9   0.0001   0.0857   0.0010   0.0734  -339.703
 17  15    163.6     64.4   0.0000   0.0000   0.0010   0.0000  -306.765
 17  16    163.6     64.4   0.0000   0.0000   0.0010   0.0000  -306.765
 18   1    162.1     65.9   0.0575  57.4843   0.0010  50.0000  -585.640
 18   2    162.7     65.3   0.0580  58.0481   0.0010  50.0000  -610.698
 18   3    162.8     65.2   0.0581  58.1242   0.0010  50.0000  -579.441
 18   4    162.6     65.4   0.0580  57.9665   0.0010  50.0000  -590.296
 18   5    162.9     65.1   0.0582  58.2119   0.0010  50.0000  -573.419
 18   6    162.9     65.1   0.0582  58.2119   0.0010  50.0000  -573.419
 18   7    162.6     65.4   0.0579  57.9160   0.0010  50.0000  -562.471
 18   8    162.6     65.4   0.0579  57.9160   0.0010  50.0000  -562.471
 18   9    161.9     66.1   0.0574  57.3551   0.0010  50.0000  -585.586
 18  10    162.3     65.7   0.0577  57.6913   0.0010  50.0000  -584.783
 18  11    162.3     65.7   0.0577  57.6913   0.0010  50.0000  -584.783
 18  12    161.7     66.3   0.0572  57.1985   0.0010  50.0000  -515.161
 18  13    161.9     66.1   0.0573  57.3137   0.0010  50.0000  -534.474
 18  14    162.0     66.0   0.0574  57.4033   0.0010  50.0000  -539.080
 18  15    162.5     65.5   0.0578  57.8382   0.0010  50.0000  -530.935
 18  16    162.5     65.5   0.0578  57.8382   0.0010  50.0000  -530.935
 18  17    162.5     65.5   0.0578  57.8382   0.0010  50.0000  -530.935
 19   1    161.9     66.1   0.0573  57.3280   0.0010  50.0000  -585.561
 19   2    162.5     65.5   0.0579  57.8954   0.0010  50.0000  -618.177
 19   3    162.6     65.4   0.0580  57.9727   0.0010  50.0000  -588.855
 19   4    162.4     65.6   0.0578  57.8242   0.0010  50.0000  -591.682
 19   5    162.7     65.3   0.0581  58.0527   0.0010  50.0000  -573.857
 19   6    162.7     65.3   0.0581  58.0527   0.0010  50.0000  -573.857
 19   7    162.4     65.6   0.0578  57.7796   0.0010  50.0000  -562.745
 19   8    162.4     65.6   0.0578  57.7796   0.0010  50.0000  -562.745
 19   9    161.8     66.2   0.0572  57.2189   0.0010  50.0000  -593.320
 19  10    162.1     65.9   0.0575  57.5471   0.0010  50.0000  -578.490
 19  11    162.1     65.9   0.0575  57.5471   0.0010  50.0000  -578.490
 19  12    161.5     66.5   0.0570  57.0271   0.0010  50.0000  -525.035
 19  13    161.7     66.3   0.0572  57.1521   0.0010  50.0000  -544.719
 19  14    161.8     66.2   0.0572  57.2398   0.0010  50.0000  -549.299
 19  15    162.3     65.7   0.0577  57.6619   0.0010  50.0000  -541.323
 19  16    162.3     65.7   0.0577  57.6619   0.0010  50.0000  -541.323
 19  17    162.3     65.7   0.0577  57.6619   0.0010  50.0000  -541.323
 19  18    161.3     66.7   0.0009   0.8565   0.0010   0.7538  -449.998
 20   1    162.0     66.0   0.0574  57.3959   0.0010  50.0000  -606.806
 20   2    162.6     65.4   0.0580  57.9570   0.0010  50.0000  -596.001
 20   3    162.7     65.3   0.0580  58.0303   0.0010  50.0000  -604.170
 20   4    162.5     65.5   0.0579  57.8648   0.0010  50.0000  -613.494
 20   5    162.8     65.2   0.0581  58.1275   0.0010  50.0000  -585.249
 20   6    162.8     65.2   0.0581  58.1275   0.0010  50.0000  -585.249
 20   7    162.4     65.6   0.0578  57.8089   0.0010  50.0000  -577.564
 20   8    162.4     65.6   0.0578  57.8089   0.0010  50.0000  -577.564
 20   9    161.8     66.2   0.0572  57.2460   0.0010  50.0000  -599.503
 20  10    162.2     65.8   0.0576  57.5909   0.0010  50.0000  -594.179
 20  11    162.2     65.8   0.0576  57.5909   0.0010  50.0000  -594.179
 20  12    161.6     66.4   0.0571  57.1254   0.0010  50.0000  -554.009
 20  13    161.8     66.2   0.0572  57.2285   0.0010  50.0000  -574.509
 20  14    161.9     66.1   0.0573  57.3204   0.0010  50.0000  -575.387
 20  15    162.4     65.6   0.0578  57.7688   0.0010  50.0000  -567.149
 20  16    162.4     65.6   0.0578  57.7688   0.0010  50.0000  -567.149
 20  17    162.4     65.6   0.0578  57.7688   0.0010  50.0000  -567.149
 20  18    161.3     66.7   0.0569  56.8592   0.0010  50.0000  -527.290
 20  19    161.2     66.8   0.0567  56.7214   0.0010  50.0000  -526.453
 21   1    163.3     64.7   0.0586  58.5743   0.0010  50.0000  -583.654
 21   2    164.0     64.0   0.0592  59.1785   0.0010  50.0000  -600.520
 21   3    164.1     63.9   0.0593  59.3095   0.0010  50.0000  -588.505
 21   4    163.9     64.1   0.0591  59.0950   0.0010  50.0000  -612.396
 21   5    164.2     63.8   0.0594  59.3693   0.0010  50.0000  -601.285
 21   6    164.2     63.8   0.0594  59.3693   0.0010  50.0000  -601.285
 21   7    163.8     64.2   0.0590  59.0049   0.0010  50.0000  -590.719
 21   8    163.8     64.2   0.0590  59.0049   0.0010  50.0000  -590.719
 21   9    163.1     64.9   0.0584  58.4313   0.0010  50.0000  -606.286
 21  10    163.5     64.5   0.0588  58.7790   0.0010  50.0000  -600.914
 21  11    163.5     64.5   0.0588  58.7790   0.0010  50.0000  -600.914
 21  12    163.0     65.0   0.0583  58.3354   0.0010  50.0000  -534.286
 21  13    163.2     64.8   0.0585  58.4800   0.0010  50.0000  -582.508
 21  14    163.3     64.7   0.0586  58.5703   0.0010  50.0000  -583.891
 21  15    163.8     64.2   0.0590  59.0345   0.0010  50.0000  -580.762
 21  16    163.8     64.2   0.0590  59.0345   0.0010  50.0000  -580.762
 21  17    163.8     64.2   0.0590  59.0345   0.0010  50.0000  -580.762
 21  18    162.7     65.3   0.0580  58.0481   0.0010  50.0000  -545.079
 21  19    162.5     65.5   0.0579  57.8954   0.0010  50.0000  -549.587
 21  20    162.6     65.4   0.0580  57.9570   0.0010  50.0000  -553.161
 22   1    163.1     64.9   0.0584  58.4467   0.0010  50.0000  -608.258
 22   2    163.9     64.1   0.0591  59.1227   0.0010  50.0000  -571.116
 22   3    164.1     63.9   0.0593  59.3087   0.0010  50.0000  -567.909
 22   4    163.8     64.2   0.0591  59.0585   0.0010  50.0000  -572.654
 22   5    164.1     63.9   0.0593  59.3312   0.0010  50.0000  -563.300
 22   6    164.1     63.9   0.0593  59.3312   0.0010  50.0000  -563.300
 22   7    163.7     64.3   0.0589  58.9421   0.0010  50.0000  -562.424
 22   8    163.7     64.3   0.0589  58.9421   0.0010  50.0000  -562.424
 22   9    163.0     65.0   0.0583  58.3319   0.0010  50.0000  -582.749
 22  10    163.4     64.6   0.0587  58.6852   0.0010  50.0000  -581.597
 22  11    163.4     64.6   0.0587  58.6852   0.0010  50.0000  -581.597
 22  12    162.9     65.1   0.0582  58.2132   0.0010  50.0000  -521.728
 22  13    163.1     64.9   0.0584  58.4059   0.0010  50.0000  -567.529
 22  14    163.2     64.8   0.0585  58.4958   0.0010  50.0000  -571.910
 22  15    163.7     64.3   0.0590  58.9757   0.0010  50.0000  -565.680
 22  16    163.7     64.3   0.0590  58.9757   0.0010  50.0000  -565.680
 22  17    163.7     64.3   0.0590  58.9757   0.0010  50.0000  -565.680
 22  18    162.6     65.4   0.0579  57.9267   0.0010  50.0000  -542.214
 22  19    162.4     65.6   0.0577  57.7483   0.0010  50.0000  -551.648
 22  20    162.5     65.5   0.0579  57.8600   0.0010  50.0000  -536.631
 22  21    163.9     64.1   0.0591  59.1227   0.0010  50.0000  -520.268
 23   1    163.1     64.9   0.0584  58.4467   0.0010  50.0000  -608.258
 23   2    163.9     64.1   0.0591  59.1227   0.0010  50.0000  -571.116
 23   3    164.1     63.9   0.0593  59.3087   0.0010  50.0000  -567.909
 23   4    163.8     64.2   0.0591  59.0585   0.0010  50.0000  -572.654
 23   5    164.1     63.9   0.0593  59.3312   0.0010  50.0000  -563.300
 23   6    164.1     63.9   0.0593  59.3312   0.0010  50.0000  -563.300
 23   7    163.7     64.3   0.0589  58.9421   0.0010  50.0000  -562.424
 23   8    163.7     64.3   0.0589  58.9421   0.0010  50.0000  -562.424
 23   9    163.0     65.0   0.0583  58.3319   0.0010  50.0000  -582.749
 23  10    163.4     64.6   0.0587  58.6852   0.0010  50.0000  -581.597
 23  11    163.4     64.6   0.0587  58.6852   0.0010  50.0000  -581.597
 23  12    162.9     65.1   0.0582  58.2132   0.0010  50.0000  -521.728
 23  13    163.1     64.9   0.0584  58.4059   0.0010  50.0000  -567.529
 23  14    163.2     64.8   0.0585  58.4958   0.0010  50.0000  -571.910
 23  15    163.7     64.3   0.0590  58.9757   0.0010  50.0000  -565.680
 23  16    163.7     64.3   0.0590  58.9757   0.0010  50.0000  -565.680
 23  17    163.7     64.3   0.0590  58.9757   0.0010  50.0000  -565.680
 23  18    162.6     65.4   0.0579  57.9267   0.0010  50.0000  -542.214
 23  19    162.4     65.6   0.0577  57.7483   0.0010  50.0000  -551.648
 23  20    162.5     65.5   0.0579  57.8600   0.0010  50.0000  -536.631
 23  21    163.9     64.1   0.0591  59.1227   0.0010  50.0000  -520.268
 23  22    163.8     64.2   0.0000   0.0000   0.0010   0.0000  -306.459
 24   1    162.7     65.3   0.0581  58.0715   0.0010  50.0000  -604.892
 24   2    163.4     64.6   0.0587  58.6824   0.0010  50.0000  -572.622
 24   3    163.5     64.5   0.0588  58.8085   0.0010  50.0000  -574.121
 24   4    163.3     64.7   0.0586  58.6182   0.0010  50.0000  -588.931
 24   5    163.6     64.4   0.0589  58.8585   0.0010  50.0000  -564.775
 24   6    163.6     64.4   0.0589  58.8585   0.0010  50.0000  -564.775
 24   7    163.3     64.7   0.0585  58.5442   0.0010  50.0000  -565.510
 24   8    163.3     64.7   0.0585  58.5442   0.0010  50.0000  -565.510
 24   9    162.6     65.4   0.0580  57.9676   0.0010  50.0000  -580.672
 24  10    163.0     65.0   0.0583  58.3015   0.0010  50.0000  -564.037
 24  11    163.0     65.0   0.0583  58.3015   0.0010  50.0000  -564.037
 24  12    162.4     65.6   0.0578  57.7952   0.0010  50.0000  -507.701
 24  13    162.6     65.4   0.0580  57.9550   0.0010  50.0000  -556.481
 24  14    162.7     65.3   0.0580  58.0422   0.0010  50.0000  -561.185
 24  15    163.2     64.8   0.0585  58.4819   0.0010  50.0000  -554.833
 24  16    163.2     64.8   0.0585  58.4819   0.0010  50.0000  -554.833
 24  17    163.2     64.8   0.0585  58.4819   0.0010  50.0000  -554.833
 24  18    162.1     65.9   0.0576  57.5619   0.0010  50.0000  -536.666
 24  19    162.0     66.0   0.0574  57.3959   0.0010  50.0000  -534.120
 24  20    162.1     65.9   0.0575  57.4836   0.0010  50.0000  -533.643
 24  21    163.4     64.6   0.0587  58.6824   0.0010  50.0000  -529.808
 24  22    163.3     64.7   0.0586  58.5670   0.0010  50.0000  -479.512
 24  23    163.3     64.7   0.0586  58.5670   0.0010  50.0000  -479.512
 25   1    163.1     64.9   0.0584  58.3605   0.0010  50.0000  -599.804
 25   2    163.8     64.2   0.0590  59.0228   0.0010  50.0000  -574.105
 25   3    164.0     64.0   0.0592  59.1961   0.0010  50.0000  -567.834
 25   4    163.7     64.3   0.0590  58.9574   0.0010  50.0000  -565.509
 25   5    164.0     64.0   0.0592  59.2255   0.0010  50.0000  -560.264
 25   6    164.0     64.0   0.0592  59.2255   0.0010  50.0000  -560.264
 25   7    163.6     64.4   0.0588  58.8492   0.0010  50.0000  -558.893
 25   8    163.6     64.4   0.0588  58.8492   0.0010  50.0000  -558.893
 25   9    162.9     65.1   0.0582  58.2456   0.0010  50.0000  -590.729
 25  10    163.3     64.7   0.0586  58.5960   0.0010  50.0000  -574.510
 25  11    163.3     64.7   0.0586  58.5960   0.0010  50.0000  -574.510
 25  12    162.8     65.2   0.0581  58.1198   0.0010  50.0000  -537.466
 25  13    163.0     65.0   0.0583  58.3044   0.0010  50.0000  -570.699
 25  14    163.1     64.9   0.0584  58.3940   0.0010  50.0000  -561.262
 25  15    163.6     64.4   0.0589  58.8672   0.0010  50.0000  -559.077
 25  16    163.6     64.4   0.0589  58.8672   0.0010  50.0000  -559.077
 25  17    163.6     64.4   0.0589  58.8672   0.0010  50.0000  -559.077
 25  18    162.5     65.5   0.0578  57.8412   0.0010  50.0000  -521.084
 25  19    162.3     65.7   0.0577  57.6662   0.0010  50.0000  -527.514
 25  20    162.4     65.6   0.0578  57.7711   0.0010  50.0000  -525.753
 25  21    163.8     64.2   0.0590  59.0228   0.0010  50.0000  -520.050
 25  22    163.7     64.3   0.0590  58.9547   0.0010  50.0000  -489.010
 25  23    163.7     64.3   0.0590  58.9547   0.0010  50.0000  -489.010
 25  24    163.2     64.8   0.0585  58.4749   0.0010  50.0000  -487.861
 26   1    162.5     65.5   0.0579  57.9117   0.0010  50.0000  -616.184
 26   2    163.2     64.8   0.0585  58.4879   0.0010  50.0000  -582.651
 26   3    163.3     64.7   0.0586  58.5812   0.0010  50.0000  -547.764
 26   4    163.1     64.9   0.0584  58.4156   0.0010  50.0000  -563.104
 26   5    163.4     64.6   0.0587  58.6524   0.0010  50.0000  -550.992
 26   6    163.4     64.6   0.0587  58.6524   0.0010  50.0000  -550.992
 26   7    163.0     65.0   0.0584  58.3595   0.0010  50.0000  -540.047
 26   8    163.0     65.0   0.0584  58.3595   0.0010  50.0000  -540.047
 26   9    162.4     65.6   0.0578  57.7980   0.0010  50.0000  -565.601
 26  10    162.8     65.2   0.0581  58.1288   0.0010  50.0000  -558.643
 26  11    162.8     65.2   0.0581  58.1288   0.0010  50.0000  -558.643
 26  12    162.2     65.8   0.0576  57.6238   0.0010  50.0000  -537.334
 26  13    162.4     65.6   0.0578  57.7582   0.0010  50.0000  -583.600
 26  14    162.5     65.5   0.0578  57.8459   0.0010  50.0000  -577.634
 26  15    163.0     65.0   0.0583  58.2756   0.0010  50.0000  -575.685
 26  16    163.0     65.0   0.0583  58.2756   0.0010  50.0000  -575.685
 26  17    163.0     65.0   0.0583  58.2756   0.0010  50.0000  -575.685
 26  18    162.0     66.0   0.0574  57.3977   0.0010  50.0000  -545.670
 26  19    161.8     66.2   0.0572  57.2432   0.0010  50.0000  -555.282
 26  20    161.9     66.1   0.0573  57.3071   0.0010  50.0000  -554.330
 26  21    163.2     64.8   0.0585  58.4879   0.0010  50.0000  -540.285
 26  22    163.1     64.9   0.0584  58.3614   0.0010  50.0000  -553.874
 26  23    163.1     64.9   0.0584  58.3614   0.0010  50.0000  -553.874
 26  24    162.6     65.4   0.0580  57.9878   0.0010  50.0000  -558.695
 26  25    163.0     65.0   0.0583  58.2753   0.0010  50.0000  -525.657
 27   1    162.5     65.5   0.0579  57.9117   0.0010  50.0000  -616.184
 27   2    163.2     64.8   0.0585  58.4879   0.0010  50.0000  -582.651
 27   3    163.3     64.7   0.0586  58.5812   0.0010  50.0000  -547.764
 27   4    163.1     64.9   0.0584  58.4156   0.0010  50.0000  -563.104
 27   5    163.4     64.6   0.0587  58.6524   0.0010  50.0000  -550.992
 27   6    163.4     64.6   0.0587  58.6524   0.0010  50.0000  -550.992
 27   7    163.0     65.0   0.0584  58.3595   0.0010  50.0000  -540.047
 27   8    163.0     65.0   0.0584  58.3595   0.0010  50.0000  -540.047
 27   9    162.4     65.6   0.0578  57.7980   0.0010  50.0000  -565.601
 27  10    162.8     65.2   0.0581  58.1288   0.0010  50.0000  -558.643
 27  11    162.8     65.2   0.0581  58.1288   0.0010  50.0000  -558.643
 27  12    162.2     65.8   0.0576  57.6238   0.0010  50.0000  -537.334
 27  13    162.4     65.6   0.0578  57.7582   0.0010  50.0000  -583.600
 27  14    162.5     65.5   0.0578  57.8459   0.0010  50.0000  -577.634
 27  15    163.0     65.0   0.0583  58.2756   0.0010  50.0000  -575.685
 27  16    163.0     65.0   0.0583  58.2756   0.0010  50.0000  -575.685
 27  17    163.0     65.0   0.0583  58.2756   0.0010  50.0000  -575.685
 27  18    162.0     66.0   0.0574  57.3977   0.0010  50.0000  -545.670
 27  19    161.8     66.2   0.0572  57.2432   0.0010  50.0000  -555.282
 27  20    161.9     66.1   0.0573  57.3071   0.0010  50.0000  -554.330
 27  21    163.2     64.8   0.0585  58.4879   0.0010  50.0000  -540.285
 27  22    163.1     64.9   0.0584  58.3614   0.0010  50.0000  -553.874
 27  23    163.1     64.9   0.0584  58.3614   0.0010  50.0000  -553.874
 27  24    162.6     65.4   0.0580  57.9878   0.0010  50.0000  -558.695
 27  25    163.0     65.0   0.0583  58.2753   0.0010  50.0000  -525.657
 27  26    162.4     65.6   0.0000   0.0000   0.0010   0.0000  -307.863
 28   1    162.9     65.1   0.0582  58.2156   0.0010  50.0000  -611.711
 28   2    163.5     64.5   0.0588  58.8106   0.0010  50.0000  -599.307
 28   3    163.7     64.3   0.0589  58.9257   0.0010  50.0000  -563.922
 28   4    163.5     64.5   0.0587  58.7295   0.0010  50.0000  -565.586
 28   5    163.7     64.3   0.0590  58.9926   0.0010  50.0000  -562.140
 28   6    163.7     64.3   0.0590  58.9926   0.0010  50.0000  -562.140
 28   7    163.4     64.6   0.0587  58.6521   0.0010  50.0000  -554.932
 28   8    163.4     64.6   0.0587  58.6521   0.0010  50.0000  -554.932
 28   9    162.7     65.3   0.0581  58.0804   0.0010  50.0000  -584.487
 28  10    163.1     64.9   0.0584  58.4242   0.0010  50.0000  -564.199
 28  11    163.1     64.9   0.0584  58.4242   0.0010  50.0000  -564.199
 28  12    162.6     65.4   0.0580  57.9587   0.0010  50.0000  -538.037
 28  13    162.8     65.2   0.0581  58.0968   0.0010  50.0000  -539.364
 28  14    162.9     65.1   0.0582  58.1868   0.0010  50.0000  -543.986
 28  15    163.4     64.6   0.0586  58.6412   0.0010  50.0000  -538.066
 28  16    163.4     64.6   0.0586  58.6412   0.0010  50.0000  -538.066
 28  17    163.4     64.6   0.0586  58.6412   0.0010  50.0000  -538.066
 28  18    162.3     65.7   0.0577  57.6902   0.0010  50.0000  -544.239
 28  19    162.1     65.9   0.0575  57.5378   0.0010  50.0000  -541.965
 28  20    162.2     65.8   0.0576  57.5976   0.0010  50.0000  -532.058
 28  21    163.5     64.5   0.0588  58.8106   0.0010  50.0000  -540.794
 28  22    163.5     64.5   0.0587  58.7294   0.0010  50.0000  -508.335
 28  23    163.5     64.5   0.0587  58.7294   0.0010  50.0000  -508.335
 28  24    163.0     65.0   0.0583  58.3129   0.0010  50.0000  -502.572
 28  25    163.4     64.6   0.0586  58.6343   0.0010  50.0000  -517.978
 28  26    162.8     65.2   0.0581  58.1292   0.0010  50.0000  -524.400
 28  27    162.8     65.2   0.0581  58.1292   0.0010  50.0000  -524.400
 29   1    163.1     64.9   0.0584  58.4107   0.0010  50.0000  -600.515
 29   2    163.8     64.2   0.0590  59.0215   0.0010  50.0000  -603.328
 29   3    163.9     64.1   0.0592  59.1541   0.0010  50.0000  -553.769
 29   4    163.7     64.3   0.0590  58.9500   0.0010  50.0000  -566.694
 29   5    164.0     64.0   0.0592  59.2051   0.0010  50.0000  -554.797
 29   6    164.0     64.0   0.0592  59.2051   0.0010  50.0000  -554.797
 29   7    163.6     64.4   0.0589  58.8668   0.0010  50.0000  -544.089
 29   8    163.6     64.4   0.0589  58.8668   0.0010  50.0000  -544.089
 29   9    163.0     65.0   0.0583  58.2913   0.0010  50.0000  -571.686
 29  10    163.4     64.6   0.0586  58.6309   0.0010  50.0000  -556.838
 29  11    163.4     64.6   0.0586  58.6309   0.0010  50.0000  -556.838
 29  12    162.8     65.2   0.0582  58.1520   0.0010  50.0000  -531.372
 29  13    163.0     65.0   0.0583  58.3091   0.0010  50.0000  -546.725
 29  14    163.1     64.9   0.0584  58.3974   0.0010  50.0000  -550.275
 29  15    163.6     64.4   0.0588  58.8479   0.0010  50.0000  -547.857
 29  16    163.6     64.4   0.0588  58.8479   0.0010  50.0000  -547.857
 29  17    163.6     64.4   0.0588  58.8479   0.0010  50.0000  -547.857
 29  18    162.5     65.5   0.0579  57.8954   0.0010  50.0000  -549.120
 29  19    162.3     65.7   0.0577  57.7337   0.0010  50.0000  -545.409
 29  20    162.4     65.6   0.0578  57.8132   0.0010  50.0000  -537.302
 29  21    163.8     64.2   0.0590  59.0215   0.0010  50.0000  -525.135
 29  22    163.7     64.3   0.0589  58.9339   0.0010  50.0000  -516.436
 29  23    163.7     64.3   0.0589  58.9339   0.0010  50.0000  -516.436
 29  24    163.2     64.8   0.0585  58.5072   0.0010  50.0000  -522.143
 29  25    163.6     64.4   0.0588  58.8379   0.0010  50.0000  -525.665
 29  26    163.0     65.0   0.0583  58.3261   0.0010  50.0000  -520.392
 29  27    163.0     65.0   0.0583  58.3261   0.0010  50.0000  -520.392
 29  28    163.4     64.6   0.0587  58.6524   0.0010  50.0000  -469.523
 30   1    163.1     64.9   0.0584  58.4107   0.0010  50.0000  -600.515
 30   2    163.8     64.2   0.0590  59.0215   0.0010  50.0000  -603.328
 30   3    163.9     64.1   0.0592  59.1541   0.0010  50.0000  -553.769
 30   4    163.7     64.3   0.0590  58.9500   0.0010  50.0000  -566.694
 30   5    164.0     64.0   0.0592  59.2051   0.0010  50.0000  -554.797
 30   6    164.0     64.0   0.0592  59.2051   0.0010  50.0000  -554.797
 30   7    163.6     64.4   0.0589  58.8668   0.0010  50.0000  -544.089
 30   8    163.6     64.4   0.0589  58.8668   0.0010  50.0000  -544.089
 30   9    163.0     65.0   0.0583  58.2913   0.0010  50.0000  -571.686
 30  10    163.4     64.6   0.0586  58.6309   0.0010  50.0000  -556.838
 30  11    163.4     64.6   0.0586  58.6309   0.0010  50.0000  -556.838
 30  12    162.8     65.2   0.0582  58.1520   0.0010  50.0000  -531.372
 30  13    163.0     65.0   0.0583  58.3091   0.0010  50.0000  -546.725
 30  14    163.1     64.9   0.0584  58.3974   0.0010  50.0000  -550.275
 30  15    163.6     64.4   0.0588  58.8479   0.0010  50.0000  -547.857
 30  16    163.6     64.4   0.0588  58.8479   0.0010  50.0000  -547.857
 30  17    163.6     64.4   0.0588  58.8479   0.0010  50.0000  -547.857
 30  18    162.5     65.5   0.0579  57.8954   0.0010  50.0000  -549.120
 30  19    162.3     65.7   0.0577  57.7337   0.0010  50.0000  -545.409
 30  20    162.4     65.6   0.0578  57.8132   0.0010  50.0000  -537.302
 30  21    163.8     64.2   0.0590  59.0215   0.0010  50.0000  -525.135
 30  22    163.7     64.3   0.0589  58.9339   0.0010  50.0000  -516.436
 30  23    163.7     64.3   0.0589  58.9339   0.0010  50.0000  -516.436
 30  24    163.2     64.8   0.0585  58.5072   0.0010  50.0000  -522.143
 30  25    163.6     64.4   0.0588  58.8379   0.0010  50.0000  -525.665
 30  26    163.0     65.0   0.0583  58.3261   0.0010  50.0000  -520.392
 30  27    163.0     65.0   0.0583  58.3261   0.0010  50.0000  -520.392
 30  28    163.4     64.6   0.0587  58.6524   0.0010  50.0000  -469.523
 30  29    163.6     64.4   0.0000   0.0000   0.0010   0.0000  -306.145
 31   1    162.7     65.3   0.0580  58.0447   0.0010  50.0000  -587.753
 31   2    163.3     64.7   0.0586  58.6247   0.0010  50.0000  -607.084
 31   3    163.5     64.5   0.0587  58.7237   0.0010  50.0000  -546.556
 31   4    163.3     64.7   0.0586  58.5505   0.0010  50.0000  -567.276
 31   5    163.5     64.5   0.0588  58.7933   0.0010  50.0000  -554.260
 31   6    163.5     64.5   0.0588  58.7933   0.0010  50.0000  -554.260
 31   7    163.2     64.8   0.0585  58.4891   0.0010  50.0000  -546.449
 31   8    163.2     64.8   0.0585  58.4891   0.0010  50.0000  -546.449
 31   9    162.6     65.4   0.0579  57.9261   0.0010  50.0000  -580.594
 31  10    162.9     65.1   0.0583  58.2596   0.0010  50.0000  -544.479
 31  11    162.9     65.1   0.0583  58.2596   0.0010  50.0000  -544.479
 31  12    162.4     65.6   0.0578  57.7645   0.0010  50.0000  -523.917
 31  13    162.5     65.5   0.0579  57.9004   0.0010  50.0000  -535.791
 31  14    162.6     65.4   0.0580  57.9885   0.0010  50.0000  -526.614
 31  15    163.1     64.9   0.0584  58.4235   0.0010  50.0000  -527.841
 31  16    163.1     64.9   0.0584  58.4235   0.0010  50.0000  -527.841
 31  17    163.1     64.9   0.0584  58.4235   0.0010  50.0000  -527.841
 31  18    162.1     65.9   0.0575  57.5287   0.0010  50.0000  -542.828
 31  19    161.9     66.1   0.0574  57.3746   0.0010  50.0000  -548.443
 31  20    162.0     66.0   0.0574  57.4378   0.0010  50.0000  -528.210
 31  21    163.3     64.7   0.0586  58.6247   0.0010  50.0000  -529.302
 31  22    163.2     64.8   0.0585  58.5097   0.0010  50.0000  -512.981
 31  23    163.2     64.8   0.0585  58.5097   0.0010  50.0000  -512.981
 31  24    162.8     65.2   0.0581  58.1258   0.0010  50.0000  -528.087
 31  25    163.1     64.9   0.0584  58.4214   0.0010  50.0000  -515.349
 31  26    162.6     65.4   0.0580  57.9598   0.0010  50.0000  -528.011
 31  27    162.6     65.4   0.0580  57.9598   0.0010  50.0000  -528.011
 31  28    162.9     65.1   0.0583  58.2648   0.0010  50.0000  -474.669
 31  29    163.2     64.8   0.0585  58.4640   0.0010  50.0000  -458.857
 31  30    163.2     64.8   0.0585  58.4640   0.0010  50.0000  -458.857
 32   1    162.6     65.4   0.0580  57.9544   0.0010  50.0000  -615.361
 32   2    163.2     64.8   0.0585  58.5121   0.0010  50.0000  -605.033
 32   3    163.3     64.7   0.0586  58.5905   0.0010  50.0000  -558.872
 32   4    163.1     64.9   0.0584  58.4313   0.0010  50.0000  -564.372
 32   5    163.4     64.6   0.0587  58.6744   0.0010  50.0000  -553.704
 32   6    163.4     64.6   0.0587  58.6744   0.0010  50.0000  -553.704
 32   7    163.1     64.9   0.0584  58.3802   0.0010  50.0000  -542.401
 32   8    163.1     64.9   0.0584  58.3802   0.0010  50.0000  -542.401
 32   9    162.4     65.6   0.0578  57.8266   0.0010  50.0000  -584.342
 32  10    162.8     65.2   0.0582  58.1593   0.0010  50.0000  -552.337
 32  11    162.8     65.2   0.0582  58.1593   0.0010  50.0000  -552.337
 32  12    162.3     65.7   0.0577  57.6697   0.0010  50.0000  -546.957
 32  13    162.4     65.6   0.0578  57.7881   0.0010  50.0000  -567.692
 32  14    162.5     65.5   0.0579  57.8767   0.0010  50.0000  -565.979
 32  15    163.0     65.0   0.0583  58.3073   0.0010  50.0000  -567.170
 32  16    163.0     65.0   0.0583  58.3073   0.0010  50.0000  -567.170
 32  17    163.0     65.0   0.0583  58.3073   0.0010  50.0000  -567.170
 32  18    162.0     66.0   0.0574  57.4342   0.0010  50.0000  -541.227
 32  19    161.8     66.2   0.0573  57.2886   0.0010  50.0000  -542.934
 32  20    161.9     66.1   0.0573  57.3346   0.0010  50.0000  -534.590
 32  21    163.2     64.8   0.0585  58.5121   0.0010  50.0000  -546.612
 32  22    163.1     64.9   0.0584  58.3943   0.0010  50.0000  -524.847
 32  23    163.1     64.9   0.0584  58.3943   0.0010  50.0000  -524.847
 32  24    162.7     65.3   0.0580  58.0307   0.0010  50.0000  -524.031
 32  25    163.0     65.0   0.0583  58.3092   0.0010  50.0000  -517.276
 32  26    162.5     65.5   0.0579  57.8687   0.0010  50.0000  -523.707
 32  27    162.5     65.5   0.0579  57.8687   0.0010  50.0000  -523.707
 32  28    162.8     65.2   0.0582  58.1589   0.0010  50.0000  -470.666
 32  29    163.1     64.9   0.0584  58.3611   0.0010  50.0000  -468.568
 32  30    163.1     64.9   0.0584  58.3611   0.0010  50.0000  -468.568
 32  31    162.6     65.4   0.0580  57.9985   0.0010  50.0000  -481.425
 33   1    162.0     66.0   0.0574  57.3959   0.0010  50.0000  -599.486
 33   2    162.6     65.4   0.0580  57.9570   0.0010  50.0000  -602.219
 33   3    162.7     65.3   0.0580  58.0303   0.0010  50.0000  -562.691
 33   4    162.5     65.5   0.0579  57.8648   0.0010  50.0000  -574.877
 33   5    162.8     65.2   0.0581  58.1275   0.0010  50.0000  -569.810
 33   6    162.8     65.2   0.0581  58.1275   0.0010  50.0000  -569.810
 33   7    162.4     65.6   0.0578  57.8089   0.0010  50.0000  -558.671
 33   8    162.4     65.6   0.0578  57.8089   0.0010  50.0000  -558.671
 33   9    161.8     66.2   0.0572  57.2460   0.0010  50.0000  -577.767
 33  10    162.2     65.8   0.0576  57.5909   0.0010  50.0000  -563.733
 33  11    162.2     65.8   0.0576  57.5909   0.0010  50.0000  -563.733
 33  12    161.6     66.4   0.0571  57.1254   0.0010  50.0000  -526.313
 33  13    161.8     66.2   0.0572  57.2285   0.0010  50.0000  -551.762
 33  14    161.9     66.1   0.0573  57.3204   0.0010  50.0000  -562.533
 33  15    162.4     65.6   0.0578  57.7688   0.0010  50.0000  -557.171
 33  16    162.4     65.6   0.0578  57.7688   0.0010  50.0000  -557.171
 33  17    162.4     65.6   0.0578  57.7688   0.0010  50.0000  -557.171
 33  18    161.3     66.7   0.0569  56.8592   0.0010  50.0000  -538.498
 33  19    161.2     66.8   0.0567  56.7214   0.0010  50.0000  -536.069
 33  20    161.2     66.8   0.0568  56.7510   0.0010  50.0000  -535.540
 33  21    162.6     65.4   0.0580  57.9570   0.0010  50.0000  -519.873
 33  22    162.5     65.5   0.0579  57.8600   0.0010  50.0000  -509.845
 33  23    162.5     65.5   0.0579  57.8600   0.0010  50.0000  -509.845
 33  24    162.1     65.9   0.0575  57.4836   0.0010  50.0000  -507.326
 33  25    162.4     65.6   0.0578  57.7711   0.0010  50.0000  -514.798
 33  26    161.9     66.1   0.0573  57.3071   0.0010  50.0000  -536.284
 33  27    161.9     66.1   0.0573  57.3071   0.0010  50.0000  -536.284
 33  28    162.2     65.8   0.0576  57.5976   0.0010  50.0000  -512.289
 33  29    162.4     65.6   0.0578  57.8132   0.0010  50.0000  -502.774
 33  30    162.4     65.6   0.0578  57.8132   0.0010  50.0000  -502.774
 33  31    162.0     66.0   0.0574  57.4378   0.0010  50.0000  -507.339
 33  32    161.9     66.1   0.0573  57.3346   0.0010  50.0000  -499.031
 34   1    162.0     66.0   0.0574  57.3959   0.0010  50.0000  -599.486
 34   2    162.6     65.4   0.0580  57.9570   0.0010  50.0000  -602.219
 34   3    162.7     65.3   0.0580  58.0303   0.0010  50.0000  -562.691
 34   4    162.5     65.5   0.0579  57.8648   0.0010  50.0000  -574.877
 34   5    162.8     65.2   0.0581  58.1275   0.0010  50.0000  -569.810
 34   6    162.8     65.2   0.0581  58.1275   0.0010  50.0000  -569.810
 34   7    162.4     65.6   0.0578  57.8089   0.0010  50.0000  -558.671
 34   8    162.4     65.6   0.0578  57.8089   0.0010  50.0000  -558.671
 34   9    161.8     66.2   0.0572  57.2460   0.0010  50.0000  -577.767
 34  10    162.2     65.8   0.0576  57.5909   0.0010  50.0000  -563.733
 34  11    162.2     65.8   0.0576  57.5909   0.0010  50.0000  -563.733
 34  12    161.6     66.4   0.0571  57.1254   0.0010  50.0000  -526.313
 34  13    161.8     66.2   0.0572  57.2285   0.0010  50.0000  -551.762
 34  14    161.9     66.1   0.0573  57.3204   0.0010  50.0000  -562.533
 34  15    162.4     65.6   0.0578  57.7688   0.0010  50.0000  -557.171
 34  16    162.4     65.6   0.0578  57.7688   0.0010  50.0000  -557.171
 34  17    162.4     65.6   0.0578  57.7688   0.0010  50.0000  -557.171
 34  18    161.3     66.7   0.0569  56.8592   0.0010  50.0000  -538.498
 34  19    161.2     66.8   0.0567  56.7214   0.0010  50.0000  -536.069
 34  20    161.2     66.8   0.0568  56.7510   0.0010  50.0000  -535.540
 34  21    162.6     65.4   0.0580  57.9570   0.0010  50.0000  -519.873
 34  22    162.5     65.5   0.0579  57.8600   0.0010  50.0000  -509.845
 34  23    162.5     65.5   0.0579  57.8600   0.0010  50.0000  -509.845
 34  24    162.1     65.9   0.0575  57.4836   0.0010  50.0000  -507.326
 34  25    162.4     65.6   0.0578  57.7711   0.0010  50.0000  -514.798
 34  26    161.9     66.1   0.0573  57.3071   0.0010  50.0000  -536.284
 34  27    161.9     66.1   0.0573  57.3071   0.0010  50.0000  -536.284
 34  28    162.2     65.8   0.0576  57.5976   0.0010  50.0000  -512.289
 34  29    162.4     65.6   0.0578  57.8132   0.0010  50.0000  -502.774
 34  30    162.4     65.6   0.0578  57.8132   0.0010  50.0000  -502.774
 34  31    162.0     66.0   0.0574  57.4378   0.0010  50.0000  -507.339
 34  32    161.9     66.1   0.0573  57.3346   0.0010  50.0000  -499.031
 34  33    161.2     66.8   0.0000   0.0000   0.0010   0.0000  -308.944
 35   1    162.5     65.5   0.0579  57.8967   0.0010  50.0000  -613.153
 35   2    163.3     64.7   0.0586  58.5524   0.0010  50.0000  -603.616
 35   3    163.4     64.6   0.0587  58.7109   0.0010  50.0000  -545.038
 35   4    163.2     64.8   0.0585  58.4851   0.0010  50.0000  -575.804
 35   5    163.5     64.5   0.0588  58.7504   0.0010  50.0000  -559.251
 35   6    163.5     64.5   0.0588  58.7504   0.0010  50.0000  -559.251
 35   7    163.1     64.9   0.0584  58.3858   0.0010  50.0000  -548.873
 35   8    163.1     64.9   0.0584  58.3858   0.0010  50.0000  -548.873
 35   9    162.4     65.6   0.0578  57.7807   0.0010  50.0000  -588.713
 35  10    162.8     65.2   0.0581  58.1319   0.0010  50.0000  -562.076
 35  11    162.8     65.2   0.0581  58.1319   0.0010  50.0000  -562.076
 35  12    162.2     65.8   0.0576  57.6467   0.0010  50.0000  -515.255
 35  13    162.4     65.6   0.0578  57.8207   0.0010  50.0000  -556.078
 35  14    162.5     65.5   0.0579  57.9110   0.0010  50.0000  -557.734
 35  15    163.1     64.9   0.0584  58.3820   0.0010  50.0000  -555.409
 35  16    163.1     64.9   0.0584  58.3820   0.0010  50.0000  -555.409
 35  17    163.1     64.9   0.0584  58.3820   0.0010  50.0000  -555.409
 35  18    161.9     66.1   0.0574  57.3729   0.0010  50.0000  -536.219
 35  19    161.7     66.3   0.0572  57.2010   0.0010  50.0000  -544.902
 35  20    161.8     66.2   0.0573  57.2987   0.0010  50.0000  -537.274
 35  21    163.3     64.7   0.0586  58.5524   0.0010  50.0000  -540.506
 35  22    163.2     64.8   0.0585  58.4708   0.0010  50.0000  -534.679
 35  23    163.2     64.8   0.0585  58.4708   0.0010  50.0000  -534.679
 35  24    162.7     65.3   0.0580  58.0062   0.0010  50.0000  -530.431
 35  25    163.1     64.9   0.0584  58.3677   0.0010  50.0000  -517.372
 35  26    162.4     65.6   0.0578  57.8106   0.0010  50.0000  -511.370
 35  27    162.4     65.6   0.0578  57.8106   0.0010  50.0000  -511.370
 35  28    162.8     65.2   0.0582  58.1633   0.0010  50.0000  -515.957
 35  29    163.1     64.9   0.0584  58.3690   0.0010  50.0000  -509.746
 35  30    163.1     64.9   0.0584  58.3690   0.0010  50.0000  -509.746
 35  31    162.6     65.4   0.0580  57.9559   0.0010  50.0000  -520.582
 35  32    162.5     65.5   0.0578  57.8459   0.0010  50.0000  -488.299
 35  33    161.8     66.2   0.0573  57.2987   0.0010  50.0000  -501.036
 35  34    161.8     66.2   0.0573  57.2987   0.0010  50.0000  -501.036
 36   1    163.4     64.6   0.0587  58.6555   0.0010  50.0000  -589.066
 36   2    164.1     63.9   0.0593  59.2838   0.0010  50.0000  -598.984
 36   3    164.2     63.8   0.0594  59.4370   0.0010  50.0000  -572.532
 36   4    164.0     64.0   0.0592  59.2183   0.0010  50.0000  -579.215
 36   5    164.3     63.7   0.0595  59.4730   0.0010  50.0000  -578.615
 36   6    164.3     63.7   0.0595  59.4730   0.0010  50.0000  -578.615
 36   7    163.9     64.1   0.0591  59.1247   0.0010  50.0000  -567.820
 36   8    163.9     64.1   0.0591  59.1247   0.0010  50.0000  -567.820
 36   9    163.3     64.7   0.0585  58.5442   0.0010  50.0000  -604.496
 36  10    163.6     64.4   0.0589  58.8829   0.0010  50.0000  -572.293
 36  11    163.6     64.4   0.0589  58.8829   0.0010  50.0000  -572.293
 36  12    163.1     64.9   0.0584  58.4038   0.0010  50.0000  -514.785
 36  13    163.3     64.7   0.0586  58.5780   0.0010  50.0000  -534.073
 36  14    163.4     64.6   0.0587  58.6653   0.0010  50.0000  -531.925
 36  15    163.9     64.1   0.0591  59.1182   0.0010  50.0000  -532.094
 36  16    163.9     64.1   0.0591  59.1182   0.0010  50.0000  -532.094
 36  17    163.9     64.1   0.0591  59.1182   0.0010  50.0000  -532.094
 36  18    162.8     65.2   0.0581  58.1467   0.0010  50.0000  -522.387
 36  19    162.6     65.4   0.0580  57.9777   0.0010  50.0000  -531.238
 36  20    162.7     65.3   0.0581  58.0730   0.0010  50.0000  -534.251
 36  21    164.1     63.9   0.0593  59.2838   0.0010  50.0000  -512.308
 36  22    164.0     64.0   0.0592  59.2029   0.0010  50.0000  -508.215
 36  23    164.0     64.0   0.0592  59.2029   0.0010  50.0000  -508.215
 36  24    163.5     64.5   0.0588  58.7568   0.0010  50.0000  -516.108
 36  25    163.9     64.1   0.0591  59.1039   0.0010  50.0000  -505.322
 36  26    163.3     64.7   0.0586  58.5721   0.0010  50.0000  -512.452
 36  27    163.3     64.7   0.0586  58.5721   0.0010  50.0000  -512.452
 36  28    163.7     64.3   0.0589  58.9109   0.0010  50.0000  -500.671
 36  29    163.9     64.1   0.0591  59.1077   0.0010  50.0000  -523.154
 36  30    163.9     64.1   0.0591  59.1077   0.0010  50.0000  -523.154
 36  31    163.4     64.6   0.0587  58.7125   0.0010  50.0000  -498.746
 36  32    163.3     64.7   0.0586  58.6084   0.0010  50.0000  -509.439
 36  33    162.7     65.3   0.0581  58.0730   0.0010  50.0000  -484.071
 36  34    162.7     65.3   0.0581  58.0730   0.0010  50.0000  -484.071
 36  35    163.4     64.6   0.0586  58.6359   0.0010  50.0000  -492.117
 37   1    163.1     64.9   0.0584  58.4275   0.0010  50.0000  -595.828
 37   2    163.9     64.1   0.0591  59.1135   0.0010  50.0000  -594.610
 37   3    164.1     63.9   0.0593  59.3048   0.0010  50.0000  -558.912
 37   4    163.8     64.2   0.0590  59.0412   0.0010  50.0000  -569.405
 37   5    164.1     63.9   0.0593  59.3317   0.0010  50.0000  -570.900
 37   6    164.1     63.9   0.0593  59.3317   0.0010  50.0000  -570.900
 37   7    163.7     64.3   0.0589  58.9159   0.0010  50.0000  -564.540
 37   8    163.7     64.3   0.0589  58.9159   0.0010  50.0000  -564.540
 37   9    163.0     65.0   0.0583  58.2960   0.0010  50.0000  -594.838
 37  10    163.4     64.6   0.0587  58.6601   0.0010  50.0000  -576.319
 37  11    163.4     64.6   0.0587  58.6601   0.0010  50.0000  -576.319
 37  12    162.9     65.1   0.0582  58.2083   0.0010  50.0000  -531.219
 37  13    163.1     64.9   0.0584  58.3968   0.0010  50.0000  -545.615
 37  14    163.2     64.8   0.0585  58.4892   0.0010  50.0000  -549.265
 37  15    163.7     64.3   0.0590  58.9864   0.0010  50.0000  -550.111
 37  16    163.7     64.3   0.0590  58.9864   0.0010  50.0000  -550.111
 37  17    163.7     64.3   0.0590  58.9864   0.0010  50.0000  -550.111
 37  18    162.5     65.5   0.0579  57.8944   0.0010  50.0000  -529.738
 37  19    162.3     65.7   0.0577  57.7191   0.0010  50.0000  -542.636
 37  20    162.4     65.6   0.0578  57.8229   0.0010  50.0000  -537.853
 37  21    163.9     64.1   0.0591  59.1135   0.0010  50.0000  -512.349
 37  22    163.8     64.2   0.0591  59.0770   0.0010  50.0000  -518.891
 37  23    163.8     64.2   0.0591  59.0770   0.0010  50.0000  -518.891
 37  24    163.3     64.7   0.0586  58.5597   0.0010  50.0000  -514.172
 37  25    163.7     64.3   0.0590  58.9634   0.0010  50.0000  -492.173
 37  26    163.0     65.0   0.0583  58.3400   0.0010  50.0000  -511.178
 37  27    163.0     65.0   0.0583  58.3400   0.0010  50.0000  -511.178
 37  28    163.4     64.6   0.0587  58.7137   0.0010  50.0000  -507.716
 37  29    163.7     64.3   0.0589  58.9283   0.0010  50.0000  -520.542
 37  30    163.7     64.3   0.0589  58.9283   0.0010  50.0000  -520.542
 37  31    163.2     64.8   0.0585  58.4902   0.0010  50.0000  -523.102
 37  32    163.1     64.9   0.0584  58.3654   0.0010  50.0000  -497.900
 37  33    162.4     65.6   0.0578  57.8229   0.0010  50.0000  -477.748
 37  34    162.4     65.6   0.0578  57.8229   0.0010  50.0000  -477.748
 37  35    163.2     64.8   0.0585  58.4716   0.0010  50.0000  -488.274
 37  36    164.0     64.0   0.0012   1.1986   0.0010   1.0122  -451.033
 38   1    163.2     64.8   0.0585  58.5287   0.0010  50.0000  -600.654
 38   2    163.9     64.1   0.0592  59.1634   0.0010  50.0000  -584.444
 38   3    164.1     63.9   0.0593  59.3165   0.0010  50.0000  -564.908
 38   4    163.8     64.2   0.0591  59.0707   0.0010  50.0000  -578.201
 38   5    164.2     63.8   0.0594  59.3745   0.0010  50.0000  -570.360
 38   6    164.2     63.8   0.0594  59.3745   0.0010  50.0000  -570.360
 38   7    163.7     64.3   0.0590  58.9586   0.0010  50.0000  -563.480
 38   8    163.7     64.3   0.0590  58.9586   0.0010  50.0000  -563.480
 38   9    163.1     64.9   0.0584  58.3635   0.0010  50.0000  -593.887
 38  10    163.5     64.5   0.0587  58.7294   0.0010  50.0000  -574.331
 38  11    163.5     64.5   0.0587  58.7294   0.0010  50.0000  -574.331
 38  12    163.0     65.0   0.0583  58.3180   0.0010  50.0000  -505.618
 38  13    163.2     64.8   0.0585  58.4660   0.0010  50.0000  -542.606
 38  14    163.3     64.7   0.0586  58.5601   0.0010  50.0000  -552.996
 38  15    163.8     64.2   0.0591  59.0560   0.0010  50.0000  -547.380
 38  16    163.8     64.2   0.0591  59.0560   0.0010  50.0000  -547.380
 38  17    163.8     64.2   0.0591  59.0560   0.0010  50.0000  -547.380
 38  18    162.6     65.4   0.0580  57.9840   0.0010  50.0000  -527.934
 38  19    162.5     65.5   0.0578  57.8315   0.0010  50.0000  -533.480
 38  20    162.5     65.5   0.0579  57.8905   0.0010  50.0000  -524.407
 38  21    163.9     64.1   0.0592  59.1634   0.0010  50.0000  -510.929
 38  22    163.9     64.1   0.0591  59.1486   0.0010  50.0000  -503.804
 38  23    163.9     64.1   0.0591  59.1486   0.0010  50.0000  -503.804
 38  24    163.4     64.6   0.0587  58.6601   0.0010  50.0000  -501.073
 38  25    163.8     64.2   0.0590  59.0385   0.0010  50.0000  -514.972
 38  26    163.1     64.9   0.0584  58.4391   0.0010  50.0000  -506.846
 38  27    163.1     64.9   0.0584  58.4391   0.0010  50.0000  -506.846
 38  28    163.5     64.5   0.0588  58.7806   0.0010  50.0000  -502.035
 38  29    163.8     64.2   0.0590  59.0064   0.0010  50.0000  -511.316
 38  30    163.8     64.2   0.0590  59.0064   0.0010  50.0000  -511.316
 38  31    163.3     64.7   0.0586  58.5812   0.0010  50.0000  -517.025
 38  32    163.2     64.8   0.0585  58.4520   0.0010  50.0000  -505.728
 38  33    162.5     65.5   0.0579  57.8905   0.0010  50.0000  -474.475
 38  34    162.5     65.5   0.0579  57.8905   0.0010  50.0000  -474.475
 38  35    163.3     64.7   0.0586  58.5537   0.0010  50.0000  -486.659
 38  36    164.1     63.9   0.0013   1.3024   0.0010   1.0984  -464.082
 38  37    163.9     64.1   0.0005   0.5261   0.0010   0.4448  -420.901

