Supplemental results for CODEML (seqf: /gpfs/scratch/cltucker/EBH381-Group-Project/SIV_aligned_VPX.fas  treef: )


pairwise comparison (Goldman & Yang 1994)
seq seq        N       S       dN       dS     dN/dS   Paras.
  2   1    163.3     64.7   0.2983   0.7456   0.4000   1.2757  -505.224
  3   1    163.4     64.6   0.3089   0.7722   0.4000   1.3204  -505.840
  3   2    164.1     63.9   0.3323   0.8307   0.4000   1.4159  -505.271
  4   1    163.2     64.8   0.3396   0.8491   0.4000   1.4532  -515.617
  4   2    163.9     64.1   0.3615   0.9038   0.4000   1.5423  -508.574
  4   3    164.0     64.0   0.1699   0.4247   0.4000   0.7242  -445.810
  5   1    163.5     64.5   0.2847   0.7118   0.4000   1.2168  -502.651
  5   2    164.2     63.8   0.2382   0.5955   0.4000   1.0147  -484.199
  5   3    164.3     63.7   0.1459   0.3648   0.4000   0.6211  -438.594
  5   4    164.1     63.9   0.1587   0.3968   0.4000   0.6764  -444.547
  6   1    163.5     64.5   0.2847   0.7118   0.4000   1.2168  -502.651
  6   2    164.2     63.8   0.2382   0.5955   0.4000   1.0147  -484.199
  6   3    164.3     63.7   0.1459   0.3648   0.4000   0.6211  -438.594
  6   4    164.1     63.9   0.1587   0.3968   0.4000   0.6764  -444.547
  6   5    164.4     63.6   0.0000   0.0000   0.4000   0.0000  -304.678
  7   1    163.1     64.9   0.2782   0.6956   0.4000   1.1908  -498.296
  7   2    163.8     64.2   0.2549   0.6372   0.4000   1.0878  -488.482
  7   3    163.9     64.1   0.1391   0.3478   0.4000   0.5934  -433.530
  7   4    163.7     64.3   0.1352   0.3381   0.4000   0.5775  -436.318
  7   5    164.0     64.0   0.0367   0.0917   0.4000   0.1564  -353.440
  7   6    164.0     64.0   0.0367   0.0917   0.4000   0.1564  -353.440
  8   1    163.1     64.9   0.2782   0.6956   0.4000   1.1908  -498.296
  8   2    163.8     64.2   0.2549   0.6372   0.4000   1.0878  -488.482
  8   3    163.9     64.1   0.1391   0.3478   0.4000   0.5934  -433.530
  8   4    163.7     64.3   0.1352   0.3381   0.4000   0.5775  -436.318
  8   5    164.0     64.0   0.0367   0.0917   0.4000   0.1564  -353.440
  8   6    164.0     64.0   0.0367   0.0917   0.4000   0.1564  -353.440
  8   7    163.6     64.4   0.0000   0.0000   0.4000   0.0000  -304.843
  9   1    162.5     65.5   0.3284   0.8210   0.4000   1.4096  -520.145
  9   2    163.1     64.9   0.3041   0.7603   0.4000   1.3017  -504.004
  9   3    163.2     64.8   0.1578   0.3946   0.4000   0.6754  -450.382
  9   4    163.0     65.0   0.1737   0.4342   0.4000   0.7438  -460.568
  9   5    163.3     64.7   0.1004   0.2511   0.4000   0.4295  -411.160
  9   6    163.3     64.7   0.1004   0.2511   0.4000   0.4295  -411.160
  9   7    163.0     65.0   0.0925   0.2312   0.4000   0.3961  -408.497
  9   8    163.0     65.0   0.0925   0.2312   0.4000   0.3961  -408.497
 10   1    162.9     65.1   0.2397   0.5992   0.4000   1.0271  -492.433
 10   2    163.5     64.5   0.3435   0.8588   0.4000   1.4677  -507.864
 10   3    163.6     64.4   0.1774   0.4434   0.4000   0.7575  -448.786
 10   4    163.4     64.6   0.1724   0.4311   0.4000   0.7370  -450.663
 10   5    163.7     64.3   0.1014   0.2534   0.4000   0.4328  -403.717
 10   6    163.7     64.3   0.1014   0.2534   0.4000   0.4328  -403.717
 10   7    163.4     64.6   0.0846   0.2114   0.4000   0.3616  -391.286
 10   8    163.4     64.6   0.0846   0.2114   0.4000   0.3616  -391.286
 10   9    162.7     65.3   0.1011   0.2528   0.4000   0.4336  -416.857
 11   1    162.9     65.1   0.2397   0.5992   0.4000   1.0271  -492.433
 11   2    163.5     64.5   0.3435   0.8588   0.4000   1.4677  -507.864
 11   3    163.6     64.4   0.1774   0.4434   0.4000   0.7575  -448.786
 11   4    163.4     64.6   0.1724   0.4311   0.4000   0.7370  -450.663
 11   5    163.7     64.3   0.1014   0.2534   0.4000   0.4328  -403.717
 11   6    163.7     64.3   0.1014   0.2534   0.4000   0.4328  -403.717
 11   7    163.4     64.6   0.0846   0.2114   0.4000   0.3616  -391.286
 11   8    163.4     64.6   0.0846   0.2114   0.4000   0.3616  -391.286
 11   9    162.7     65.3   0.1011   0.2528   0.4000   0.4336  -416.857
 11  10    163.1     64.9   0.0000   0.0000   0.4000   0.0000  -306.211
 12   1    162.3     65.7   0.4613   1.1532   0.4000   1.9818  -546.454
 12   2    163.0     65.0   0.4225   1.0562   0.4000   1.8093  -536.457
 12   3    163.2     64.8   0.3631   0.9077   0.4000   1.5539  -518.528
 12   4    163.0     65.0   0.4173   1.0432   0.4000   1.7876  -531.572
 12   5    163.2     64.8   0.3613   0.9033   0.4000   1.5459  -520.909
 12   6    163.2     64.8   0.3613   0.9033   0.4000   1.5459  -520.909
 12   7    162.9     65.1   0.3248   0.8119   0.4000   1.3918  -515.910
 12   8    162.9     65.1   0.3248   0.8119   0.4000   1.3918  -515.910
 12   9    162.2     65.8   0.3982   0.9954   0.4000   1.7115  -534.402
 12  10    162.6     65.4   0.3626   0.9064   0.4000   1.5559  -523.042
 12  11    162.6     65.4   0.3626   0.9064   0.4000   1.5559  -523.042
 13   1    162.5     65.5   0.3683   0.9208   0.4000   1.5813  -531.928
 13   2    163.2     64.8   0.5653   1.4134   0.4000   2.4193  -558.306
 13   3    163.3     64.7   0.3371   0.8426   0.4000   1.4413  -515.027
 13   4    163.1     64.9   0.4362   1.0905   0.4000   1.8674  -537.015
 13   5    163.4     64.6   0.3985   0.9962   0.4000   1.7034  -529.840
 13   6    163.4     64.6   0.3985   0.9962   0.4000   1.7034  -529.840
 13   7    163.0     65.0   0.3786   0.9465   0.4000   1.6216  -525.528
 13   8    163.0     65.0   0.3786   0.9465   0.4000   1.6216  -525.528
 13   9    162.3     65.7   0.4341   1.0852   0.4000   1.8650  -540.165
 13  10    162.7     65.3   0.3520   0.8800   0.4000   1.5095  -522.430
 13  11    162.7     65.3   0.3520   0.8800   0.4000   1.5095  -522.430
 13  12    162.2     65.8   0.2506   0.6265   0.4000   1.0772  -496.591
 14   1    162.6     65.4   0.3916   0.9791   0.4000   1.6806  -533.911
 14   2    163.3     64.7   0.5789   1.4473   0.4000   2.4761  -558.931
 14   3    163.4     64.6   0.3436   0.8590   0.4000   1.4686  -515.110
 14   4    163.2     64.8   0.4492   1.1230   0.4000   1.9221  -538.182
 14   5    163.5     64.5   0.4192   1.0479   0.4000   1.7910  -532.482
 14   6    163.5     64.5   0.4192   1.0479   0.4000   1.7910  -532.482
 14   7    163.1     64.9   0.3988   0.9970   0.4000   1.7073  -528.610
 14   8    163.1     64.9   0.3988   0.9970   0.4000   1.7073  -528.610
 14   9    162.4     65.6   0.4585   1.1463   0.4000   1.9690  -542.867
 14  10    162.8     65.2   0.3828   0.9569   0.4000   1.6407  -526.560
 14  11    162.8     65.2   0.3828   0.9569   0.4000   1.6407  -526.560
 14  12    162.3     65.7   0.2727   0.6817   0.4000   1.1717  -499.970
 14  13    162.5     65.5   0.0257   0.0642   0.4000   0.1103  -347.096
 15   1    163.1     64.9   0.3666   0.9166   0.4000   1.5699  -529.124
 15   2    163.8     64.2   0.5418   1.3546   0.4000   2.3121  -554.671
 15   3    164.0     64.0   0.3363   0.8408   0.4000   1.4339  -512.711
 15   4    163.7     64.3   0.4228   1.0570   0.4000   1.8047  -533.826
 15   5    164.0     64.0   0.3936   0.9839   0.4000   1.6776  -527.672
 15   6    164.0     64.0   0.3936   0.9839   0.4000   1.6776  -527.672
 15   7    163.6     64.4   0.3733   0.9332   0.4000   1.5943  -523.601
 15   8    163.6     64.4   0.3733   0.9332   0.4000   1.5943  -523.601
 15   9    162.9     65.1   0.4297   1.0741   0.4000   1.8408  -538.722
 15  10    163.3     64.7   0.3583   0.8956   0.4000   1.5322  -521.726
 15  11    163.3     64.7   0.3583   0.8956   0.4000   1.5322  -521.726
 15  12    162.8     65.2   0.2643   0.6608   0.4000   1.1332  -497.405
 15  13    163.0     65.0   0.0258   0.0646   0.4000   0.1107  -345.128
 15  14    163.1     64.9   0.0159   0.0398   0.4000   0.0682  -331.448
 16   1    163.1     64.9   0.3666   0.9166   0.4000   1.5699  -529.124
 16   2    163.8     64.2   0.5418   1.3546   0.4000   2.3121  -554.671
 16   3    164.0     64.0   0.3363   0.8408   0.4000   1.4339  -512.711
 16   4    163.7     64.3   0.4228   1.0570   0.4000   1.8047  -533.826
 16   5    164.0     64.0   0.3936   0.9839   0.4000   1.6776  -527.672
 16   6    164.0     64.0   0.3936   0.9839   0.4000   1.6776  -527.672
 16   7    163.6     64.4   0.3733   0.9332   0.4000   1.5943  -523.601
 16   8    163.6     64.4   0.3733   0.9332   0.4000   1.5943  -523.601
 16   9    162.9     65.1   0.4297   1.0741   0.4000   1.8408  -538.722
 16  10    163.3     64.7   0.3583   0.8956   0.4000   1.5322  -521.726
 16  11    163.3     64.7   0.3583   0.8956   0.4000   1.5322  -521.726
 16  12    162.8     65.2   0.2643   0.6608   0.4000   1.1332  -497.405
 16  13    163.0     65.0   0.0258   0.0646   0.4000   0.1107  -345.128
 16  14    163.1     64.9   0.0159   0.0398   0.4000   0.0682  -331.448
 16  15    163.6     64.4   0.0000   0.0000   0.4000   0.0000  -306.765
 17   1    163.1     64.9   0.3666   0.9166   0.4000   1.5699  -529.124
 17   2    163.8     64.2   0.5418   1.3546   0.4000   2.3121  -554.671
 17   3    164.0     64.0   0.3363   0.8408   0.4000   1.4339  -512.711
 17   4    163.7     64.3   0.4228   1.0570   0.4000   1.8047  -533.826
 17   5    164.0     64.0   0.3936   0.9839   0.4000   1.6776  -527.672
 17   6    164.0     64.0   0.3936   0.9839   0.4000   1.6776  -527.672
 17   7    163.6     64.4   0.3733   0.9332   0.4000   1.5943  -523.601
 17   8    163.6     64.4   0.3733   0.9332   0.4000   1.5943  -523.601
 17   9    162.9     65.1   0.4297   1.0741   0.4000   1.8408  -538.722
 17  10    163.3     64.7   0.3583   0.8956   0.4000   1.5322  -521.726
 17  11    163.3     64.7   0.3583   0.8956   0.4000   1.5322  -521.726
 17  12    162.8     65.2   0.2643   0.6608   0.4000   1.1332  -497.405
 17  13    163.0     65.0   0.0258   0.0646   0.4000   0.1107  -345.128
 17  14    163.1     64.9   0.0159   0.0398   0.4000   0.0682  -331.448
 17  15    163.6     64.4   0.0000   0.0000   0.4000   0.0000  -306.765
 17  16    163.6     64.4   0.0000   0.0000   0.4000   0.0000  -306.765
 18   1    162.1     65.9   0.3995   0.9988   0.4000   1.7185  -539.249
 18   2    162.7     65.3   0.4720   1.1799   0.4000   2.0242  -548.186
 18   3    162.8     65.2   0.3777   0.9443   0.4000   1.6194  -524.717
 18   4    162.6     65.4   0.4061   1.0153   0.4000   1.7426  -535.559
 18   5    162.9     65.1   0.3791   0.9477   0.4000   1.6244  -526.929
 18   6    162.9     65.1   0.3791   0.9477   0.4000   1.6244  -526.929
 18   7    162.6     65.4   0.3569   0.8923   0.4000   1.5319  -522.175
 18   8    162.6     65.4   0.3569   0.8923   0.4000   1.5319  -522.175
 18   9    161.9     66.1   0.3736   0.9340   0.4000   1.6081  -533.138
 18  10    162.3     65.7   0.4043   1.0107   0.4000   1.7372  -531.853
 18  11    162.3     65.7   0.4043   1.0107   0.4000   1.7372  -531.853
 18  12    161.7     66.3   0.2592   0.6479   0.4000   1.1165  -487.623
 18  13    161.9     66.1   0.2429   0.6071   0.4000   1.0456  -484.570
 18  14    162.0     66.0   0.2617   0.6542   0.4000   1.1261  -487.077
 18  15    162.5     65.5   0.2468   0.6169   0.4000   1.0594  -481.628
 18  16    162.5     65.5   0.2468   0.6169   0.4000   1.0594  -481.628
 18  17    162.5     65.5   0.2468   0.6169   0.4000   1.0594  -481.628
 19   1    161.9     66.1   0.3583   0.8957   0.4000   1.5425  -532.609
 19   2    162.5     65.5   0.4899   1.2248   0.4000   2.1029  -554.307
 19   3    162.6     65.4   0.3747   0.9368   0.4000   1.6078  -528.939
 19   4    162.4     65.6   0.3813   0.9533   0.4000   1.6374  -534.366
 19   5    162.7     65.3   0.3333   0.8334   0.4000   1.4296  -522.807
 19   6    162.7     65.3   0.3333   0.8334   0.4000   1.4296  -522.807
 19   7    162.4     65.6   0.3388   0.8469   0.4000   1.4550  -520.787
 19   8    162.4     65.6   0.3388   0.8469   0.4000   1.4550  -520.787
 19   9    161.8     66.2   0.3696   0.9241   0.4000   1.5922  -535.923
 19  10    162.1     65.9   0.3597   0.8992   0.4000   1.5467  -526.432
 19  11    162.1     65.9   0.3597   0.8992   0.4000   1.5467  -526.432
 19  12    161.5     66.5   0.2672   0.6680   0.4000   1.1521  -489.757
 19  13    161.7     66.3   0.2868   0.7170   0.4000   1.2359  -500.433
 19  14    161.8     66.2   0.2865   0.7161   0.4000   1.2338  -499.597
 19  15    162.3     65.7   0.2660   0.6651   0.4000   1.1433  -494.171
 19  16    162.3     65.7   0.2660   0.6651   0.4000   1.1433  -494.171
 19  17    162.3     65.7   0.2660   0.6651   0.4000   1.1433  -494.171
 19  18    161.3     66.7   0.1060   0.2650   0.4000   0.4577  -415.465
 20   1    162.0     66.0   0.3649   0.9123   0.4000   1.5705  -537.629
 20   2    162.6     65.4   0.3977   0.9942   0.4000   1.7064  -535.676
 20   3    162.7     65.3   0.4186   1.0465   0.4000   1.7955  -533.734
 20   4    162.5     65.5   0.4246   1.0616   0.4000   1.8229  -538.512
 20   5    162.8     65.2   0.3277   0.8192   0.4000   1.4047  -522.400
 20   6    162.8     65.2   0.3277   0.8192   0.4000   1.4047  -522.400
 20   7    162.4     65.6   0.3167   0.7918   0.4000   1.3600  -519.283
 20   8    162.4     65.6   0.3167   0.7918   0.4000   1.3600  -519.283
 20   9    161.8     66.2   0.3465   0.8662   0.4000   1.4923  -528.614
 20  10    162.2     65.8   0.3370   0.8426   0.4000   1.4489  -526.056
 20  11    162.2     65.8   0.3370   0.8426   0.4000   1.4489  -526.056
 20  12    161.6     66.4   0.3365   0.8412   0.4000   1.4501  -512.341
 20  13    161.8     66.2   0.3387   0.8466   0.4000   1.4587  -518.731
 20  14    161.9     66.1   0.3409   0.8523   0.4000   1.4678  -518.318
 20  15    162.4     65.6   0.3172   0.7929   0.4000   1.3623  -513.439
 20  16    162.4     65.6   0.3172   0.7929   0.4000   1.3623  -513.439
 20  17    162.4     65.6   0.3172   0.7929   0.4000   1.3623  -513.439
 20  18    161.3     66.7   0.2732   0.6829   0.4000   1.1790  -493.889
 20  19    161.2     66.8   0.2551   0.6377   0.4000   1.1017  -493.765
 21   1    163.3     64.7   0.3946   0.9864   0.4000   1.6876  -531.002
 21   2    164.0     64.0   0.3931   0.9827   0.4000   1.6761  -530.869
 21   3    164.1     63.9   0.4252   1.0630   0.4000   1.8119  -527.371
 21   4    163.9     64.1   0.4480   1.1201   0.4000   1.9113  -535.969
 21   5    164.2     63.8   0.4503   1.1258   0.4000   1.9183  -534.433
 21   6    164.2     63.8   0.4503   1.1258   0.4000   1.9183  -534.433
 21   7    163.8     64.2   0.3963   0.9908   0.4000   1.6915  -528.320
 21   8    163.8     64.2   0.3963   0.9908   0.4000   1.6915  -528.320
 21   9    163.1     64.9   0.4089   1.0222   0.4000   1.7501  -538.213
 21  10    163.5     64.5   0.4170   1.0424   0.4000   1.7816  -533.686
 21  11    163.5     64.5   0.4170   1.0424   0.4000   1.7816  -533.686
 21  12    163.0     65.0   0.3136   0.7840   0.4000   1.3430  -507.508
 21  13    163.2     64.8   0.4144   1.0360   0.4000   1.7733  -525.585
 21  14    163.3     64.7   0.4258   1.0644   0.4000   1.8211  -527.295
 21  15    163.8     64.2   0.4074   1.0185   0.4000   1.7384  -523.864
 21  16    163.8     64.2   0.4074   1.0185   0.4000   1.7384  -523.864
 21  17    163.8     64.2   0.4074   1.0185   0.4000   1.7384  -523.864
 21  18    162.7     65.3   0.3242   0.8104   0.4000   1.3903  -508.685
 21  19    162.5     65.5   0.3202   0.8004   0.4000   1.3742  -512.116
 21  20    162.6     65.4   0.2955   0.7388   0.4000   1.2680  -504.225
 22   1    163.1     64.9   0.4147   1.0368   0.4000   1.7749  -544.691
 22   2    163.9     64.1   0.3596   0.8991   0.4000   1.5339  -526.002
 22   3    164.1     63.9   0.3523   0.8808   0.4000   1.5013  -517.611
 22   4    163.8     64.2   0.3701   0.9252   0.4000   1.5789  -521.470
 22   5    164.1     63.9   0.3521   0.8802   0.4000   1.5002  -517.756
 22   6    164.1     63.9   0.3521   0.8802   0.4000   1.5002  -517.756
 22   7    163.7     64.3   0.3276   0.8190   0.4000   1.3986  -514.486
 22   8    163.7     64.3   0.3276   0.8190   0.4000   1.3986  -514.486
 22   9    163.0     65.0   0.3726   0.9315   0.4000   1.5956  -528.241
 22  10    163.4     64.6   0.3854   0.9636   0.4000   1.6477  -525.752
 22  11    163.4     64.6   0.3854   0.9636   0.4000   1.6477  -525.752
 22  12    162.9     65.1   0.2295   0.5738   0.4000   0.9836  -481.907
 22  13    163.1     64.9   0.3446   0.8616   0.4000   1.4754  -519.799
 22  14    163.2     64.8   0.3684   0.9210   0.4000   1.5763  -523.158
 22  15    163.7     64.3   0.3454   0.8634   0.4000   1.4742  -518.393
 22  16    163.7     64.3   0.3454   0.8634   0.4000   1.4742  -518.393
 22  17    163.7     64.3   0.3454   0.8634   0.4000   1.4742  -518.393
 22  18    162.6     65.4   0.3052   0.7631   0.4000   1.3100  -508.148
 22  19    162.4     65.6   0.3170   0.7924   0.4000   1.3616  -510.884
 22  20    162.5     65.5   0.2862   0.7156   0.4000   1.2289  -503.860
 22  21    163.9     64.1   0.2539   0.6348   0.4000   1.0831  -493.794
 23   1    163.1     64.9   0.4147   1.0368   0.4000   1.7749  -544.691
 23   2    163.9     64.1   0.3596   0.8991   0.4000   1.5339  -526.002
 23   3    164.1     63.9   0.3523   0.8808   0.4000   1.5013  -517.611
 23   4    163.8     64.2   0.3701   0.9252   0.4000   1.5789  -521.470
 23   5    164.1     63.9   0.3521   0.8802   0.4000   1.5002  -517.756
 23   6    164.1     63.9   0.3521   0.8802   0.4000   1.5002  -517.756
 23   7    163.7     64.3   0.3276   0.8190   0.4000   1.3986  -514.486
 23   8    163.7     64.3   0.3276   0.8190   0.4000   1.3986  -514.486
 23   9    163.0     65.0   0.3726   0.9315   0.4000   1.5956  -528.241
 23  10    163.4     64.6   0.3854   0.9636   0.4000   1.6477  -525.752
 23  11    163.4     64.6   0.3854   0.9636   0.4000   1.6477  -525.752
 23  12    162.9     65.1   0.2295   0.5738   0.4000   0.9836  -481.907
 23  13    163.1     64.9   0.3446   0.8616   0.4000   1.4754  -519.799
 23  14    163.2     64.8   0.3684   0.9210   0.4000   1.5763  -523.158
 23  15    163.7     64.3   0.3454   0.8634   0.4000   1.4742  -518.393
 23  16    163.7     64.3   0.3454   0.8634   0.4000   1.4742  -518.393
 23  17    163.7     64.3   0.3454   0.8634   0.4000   1.4742  -518.393
 23  18    162.6     65.4   0.3052   0.7631   0.4000   1.3100  -508.148
 23  19    162.4     65.6   0.3170   0.7924   0.4000   1.3616  -510.884
 23  20    162.5     65.5   0.2862   0.7156   0.4000   1.2289  -503.860
 23  21    163.9     64.1   0.2539   0.6348   0.4000   1.0831  -493.794
 23  22    163.8     64.2   0.0000   0.0000   0.4000   0.0000  -306.459
 24   1    162.7     65.3   0.4462   1.1154   0.4000   1.9132  -547.104
 24   2    163.4     64.6   0.3415   0.8537   0.4000   1.4597  -519.252
 24   3    163.5     64.5   0.3818   0.9545   0.4000   1.6310  -524.462
 24   4    163.3     64.7   0.4216   1.0540   0.4000   1.8028  -534.073
 24   5    163.6     64.4   0.3559   0.8897   0.4000   1.5199  -519.922
 24   6    163.6     64.4   0.3559   0.8897   0.4000   1.5199  -519.922
 24   7    163.3     64.7   0.3391   0.8478   0.4000   1.4507  -517.743
 24   8    163.3     64.7   0.3391   0.8478   0.4000   1.4507  -517.743
 24   9    162.6     65.4   0.3799   0.9496   0.4000   1.6298  -531.315
 24  10    163.0     65.0   0.3488   0.8719   0.4000   1.4938  -522.163
 24  11    163.0     65.0   0.3488   0.8719   0.4000   1.4938  -522.163
 24  12    162.4     65.6   0.2436   0.6090   0.4000   1.0462  -484.557
 24  13    162.6     65.4   0.2992   0.7480   0.4000   1.2839  -507.755
 24  14    162.7     65.3   0.3143   0.7856   0.4000   1.3478  -511.411
 24  15    163.2     64.8   0.2931   0.7329   0.4000   1.2544  -506.145
 24  16    163.2     64.8   0.2931   0.7329   0.4000   1.2544  -506.145
 24  17    163.2     64.8   0.2931   0.7329   0.4000   1.2544  -506.145
 24  18    162.1     65.9   0.2837   0.7091   0.4000   1.2196  -502.263
 24  19    162.0     66.0   0.2724   0.6810   0.4000   1.1723  -501.028
 24  20    162.1     65.9   0.2822   0.7055   0.4000   1.2139  -503.478
 24  21    163.4     64.6   0.2897   0.7242   0.4000   1.2383  -498.260
 24  22    163.3     64.7   0.1958   0.4896   0.4000   0.8376  -460.835
 24  23    163.3     64.7   0.1958   0.4896   0.4000   0.8376  -460.835
 25   1    163.1     64.9   0.4082   1.0205   0.4000   1.7479  -539.150
 25   2    163.8     64.2   0.3442   0.8606   0.4000   1.4690  -522.547
 25   3    164.0     64.0   0.3442   0.8604   0.4000   1.4674  -514.336
 25   4    163.7     64.3   0.3626   0.9065   0.4000   1.5480  -520.363
 25   5    164.0     64.0   0.2873   0.7182   0.4000   1.2247  -505.312
 25   6    164.0     64.0   0.2873   0.7182   0.4000   1.2247  -505.312
 25   7    163.6     64.4   0.2735   0.6837   0.4000   1.1680  -503.746
 25   8    163.6     64.4   0.2735   0.6837   0.4000   1.1680  -503.746
 25   9    162.9     65.1   0.3564   0.8909   0.4000   1.5268  -527.670
 25  10    163.3     64.7   0.3395   0.8486   0.4000   1.4518  -517.015
 25  11    163.3     64.7   0.3395   0.8486   0.4000   1.4518  -517.015
 25  12    162.8     65.2   0.2734   0.6834   0.4000   1.1720  -494.223
 25  13    163.0     65.0   0.3430   0.8576   0.4000   1.4693  -516.410
 25  14    163.1     64.9   0.3323   0.8308   0.4000   1.4227  -513.234
 25  15    163.6     64.4   0.3288   0.8221   0.4000   1.4044  -511.516
 25  16    163.6     64.4   0.3288   0.8221   0.4000   1.4044  -511.516
 25  17    163.6     64.4   0.3288   0.8221   0.4000   1.4044  -511.516
 25  18    162.5     65.5   0.2718   0.6794   0.4000   1.1668  -492.913
 25  19    162.3     65.7   0.2834   0.7085   0.4000   1.2178  -498.557
 25  20    162.4     65.6   0.2239   0.5597   0.4000   0.9615  -486.058
 25  21    163.8     64.2   0.2425   0.6063   0.4000   1.0350  -479.546
 25  22    163.7     64.3   0.2076   0.5190   0.4000   0.8862  -466.969
 25  23    163.7     64.3   0.2076   0.5190   0.4000   0.8862  -466.969
 25  24    163.2     64.8   0.2006   0.5014   0.4000   0.8583  -468.595
 26   1    162.5     65.5   0.4971   1.2428   0.4000   2.1336  -550.115
 26   2    163.2     64.8   0.4069   1.0172   0.4000   1.7410  -530.383
 26   3    163.3     64.7   0.3321   0.8302   0.4000   1.4203  -508.207
 26   4    163.1     64.9   0.3693   0.9234   0.4000   1.5811  -518.953
 26   5    163.4     64.6   0.2902   0.7255   0.4000   1.2408  -505.948
 26   6    163.4     64.6   0.2902   0.7255   0.4000   1.2408  -505.948
 26   7    163.0     65.0   0.2863   0.7156   0.4000   1.2257  -502.735
 26   8    163.0     65.0   0.2863   0.7156   0.4000   1.2257  -502.735
 26   9    162.4     65.6   0.3365   0.8414   0.4000   1.4453  -519.350
 26  10    162.8     65.2   0.3328   0.8319   0.4000   1.4266  -514.121
 26  11    162.8     65.2   0.3328   0.8319   0.4000   1.4266  -514.121
 26  12    162.2     65.8   0.3057   0.7641   0.4000   1.3138  -505.077
 26  13    162.4     65.6   0.3800   0.9499   0.4000   1.6321  -525.594
 26  14    162.5     65.5   0.3462   0.8656   0.4000   1.4865  -517.896
 26  15    163.0     65.0   0.3436   0.8589   0.4000   1.4717  -516.279
 26  16    163.0     65.0   0.3436   0.8589   0.4000   1.4717  -516.279
 26  17    163.0     65.0   0.3436   0.8589   0.4000   1.4717  -516.279
 26  18    162.0     66.0   0.2902   0.7256   0.4000   1.2491  -502.340
 26  19    161.8     66.2   0.3051   0.7629   0.4000   1.3143  -509.406
 26  20    161.9     66.1   0.2743   0.6858   0.4000   1.1812  -500.581
 26  21    163.2     64.8   0.2891   0.7228   0.4000   1.2371  -502.702
 26  22    163.1     64.9   0.3877   0.9694   0.4000   1.6603  -522.220
 26  23    163.1     64.9   0.3877   0.9694   0.4000   1.6603  -522.220
 26  24    162.6     65.4   0.3328   0.8321   0.4000   1.4279  -515.470
 26  25    163.0     65.0   0.2509   0.6273   0.4000   1.0749  -489.554
 27   1    162.5     65.5   0.4971   1.2428   0.4000   2.1336  -550.115
 27   2    163.2     64.8   0.4069   1.0172   0.4000   1.7410  -530.383
 27   3    163.3     64.7   0.3321   0.8302   0.4000   1.4203  -508.207
 27   4    163.1     64.9   0.3693   0.9234   0.4000   1.5811  -518.953
 27   5    163.4     64.6   0.2902   0.7255   0.4000   1.2408  -505.948
 27   6    163.4     64.6   0.2902   0.7255   0.4000   1.2408  -505.948
 27   7    163.0     65.0   0.2863   0.7156   0.4000   1.2257  -502.735
 27   8    163.0     65.0   0.2863   0.7156   0.4000   1.2257  -502.735
 27   9    162.4     65.6   0.3365   0.8414   0.4000   1.4453  -519.350
 27  10    162.8     65.2   0.3328   0.8319   0.4000   1.4266  -514.121
 27  11    162.8     65.2   0.3328   0.8319   0.4000   1.4266  -514.121
 27  12    162.2     65.8   0.3057   0.7641   0.4000   1.3138  -505.077
 27  13    162.4     65.6   0.3800   0.9499   0.4000   1.6321  -525.594
 27  14    162.5     65.5   0.3462   0.8656   0.4000   1.4865  -517.896
 27  15    163.0     65.0   0.3436   0.8589   0.4000   1.4717  -516.279
 27  16    163.0     65.0   0.3436   0.8589   0.4000   1.4717  -516.279
 27  17    163.0     65.0   0.3436   0.8589   0.4000   1.4717  -516.279
 27  18    162.0     66.0   0.2902   0.7256   0.4000   1.2491  -502.340
 27  19    161.8     66.2   0.3051   0.7629   0.4000   1.3143  -509.406
 27  20    161.9     66.1   0.2743   0.6858   0.4000   1.1812  -500.581
 27  21    163.2     64.8   0.2891   0.7228   0.4000   1.2371  -502.702
 27  22    163.1     64.9   0.3877   0.9694   0.4000   1.6603  -522.220
 27  23    163.1     64.9   0.3877   0.9694   0.4000   1.6603  -522.220
 27  24    162.6     65.4   0.3328   0.8321   0.4000   1.4279  -515.470
 27  25    163.0     65.0   0.2509   0.6273   0.4000   1.0749  -489.554
 27  26    162.4     65.6   0.0000   0.0000   0.4000   0.0000  -307.863
 28   1    162.9     65.1   0.4158   1.0395   0.4000   1.7817  -541.256
 28   2    163.5     64.5   0.4346   1.0864   0.4000   1.8564  -537.690
 28   3    163.7     64.3   0.3398   0.8495   0.4000   1.4507  -517.072
 28   4    163.5     64.5   0.3836   0.9589   0.4000   1.6393  -526.691
 28   5    163.7     64.3   0.3548   0.8870   0.4000   1.5143  -519.476
 28   6    163.7     64.3   0.3548   0.8870   0.4000   1.5143  -519.476
 28   7    163.4     64.6   0.3209   0.8023   0.4000   1.3721  -513.123
 28   8    163.4     64.6   0.3209   0.8023   0.4000   1.3721  -513.123
 28   9    162.7     65.3   0.3759   0.9398   0.4000   1.6119  -529.006
 28  10    163.1     64.9   0.3492   0.8731   0.4000   1.4948  -519.294
 28  11    163.1     64.9   0.3492   0.8731   0.4000   1.4948  -519.294
 28  12    162.6     65.4   0.3054   0.7635   0.4000   1.3104  -506.076
 28  13    162.8     65.2   0.3036   0.7591   0.4000   1.3019  -503.059
 28  14    162.9     65.1   0.2973   0.7433   0.4000   1.2742  -501.308
 28  15    163.4     64.6   0.2780   0.6951   0.4000   1.1889  -496.321
 28  16    163.4     64.6   0.2780   0.6951   0.4000   1.1889  -496.321
 28  17    163.4     64.6   0.2780   0.6951   0.4000   1.1889  -496.321
 28  18    162.3     65.7   0.2951   0.7377   0.4000   1.2679  -502.484
 28  19    162.1     65.9   0.2916   0.7291   0.4000   1.2541  -505.330
 28  20    162.2     65.8   0.2636   0.6591   0.4000   1.1333  -495.461
 28  21    163.5     64.5   0.3037   0.7593   0.4000   1.2976  -509.452
 28  22    163.5     64.5   0.2454   0.6135   0.4000   1.0488  -483.452
 28  23    163.5     64.5   0.2454   0.6135   0.4000   1.0488  -483.452
 28  24    163.0     65.0   0.2279   0.5699   0.4000   0.9763  -477.144
 28  25    163.4     64.6   0.2664   0.6661   0.4000   1.1393  -493.874
 28  26    162.8     65.2   0.2691   0.6727   0.4000   1.1535  -495.045
 28  27    162.8     65.2   0.2691   0.6727   0.4000   1.1535  -495.045
 29   1    163.1     64.9   0.4360   1.0899   0.4000   1.8662  -544.548
 29   2    163.8     64.2   0.4341   1.0853   0.4000   1.8525  -537.036
 29   3    163.9     64.1   0.3257   0.8141   0.4000   1.3888  -511.466
 29   4    163.7     64.3   0.3665   0.9163   0.4000   1.5647  -521.524
 29   5    164.0     64.0   0.3321   0.8302   0.4000   1.4159  -512.700
 29   6    164.0     64.0   0.3321   0.8302   0.4000   1.4159  -512.700
 29   7    163.6     64.4   0.2804   0.7011   0.4000   1.1977  -502.571
 29   8    163.6     64.4   0.2804   0.7011   0.4000   1.1977  -502.571
 29   9    163.0     65.0   0.3491   0.8727   0.4000   1.4953  -520.664
 29  10    163.4     64.6   0.3228   0.8069   0.4000   1.3801  -511.401
 29  11    163.4     64.6   0.3228   0.8069   0.4000   1.3801  -511.401
 29  12    162.8     65.2   0.2766   0.6915   0.4000   1.1857  -502.065
 29  13    163.0     65.0   0.3004   0.7510   0.4000   1.2865  -506.125
 29  14    163.1     64.9   0.3116   0.7789   0.4000   1.3338  -506.654
 29  15    163.6     64.4   0.3045   0.7612   0.4000   1.3006  -504.524
 29  16    163.6     64.4   0.3045   0.7612   0.4000   1.3006  -504.524
 29  17    163.6     64.4   0.3045   0.7612   0.4000   1.3006  -504.524
 29  18    162.5     65.5   0.3072   0.7679   0.4000   1.3184  -509.195
 29  19    162.3     65.7   0.3206   0.8014   0.4000   1.3771  -509.037
 29  20    162.4     65.6   0.2567   0.6417   0.4000   1.1021  -493.091
 29  21    163.8     64.2   0.2466   0.6165   0.4000   1.0523  -493.972
 29  22    163.7     64.3   0.2273   0.5682   0.4000   0.9704  -487.676
 29  23    163.7     64.3   0.2273   0.5682   0.4000   0.9704  -487.676
 29  24    163.2     64.8   0.2586   0.6466   0.4000   1.1067  -492.056
 29  25    163.6     64.4   0.2678   0.6696   0.4000   1.1440  -497.194
 29  26    163.0     65.0   0.2459   0.6148   0.4000   1.0532  -488.097
 29  27    163.0     65.0   0.2459   0.6148   0.4000   1.0532  -488.097
 29  28    163.4     64.6   0.1536   0.3840   0.4000   0.6568  -443.459
 30   1    163.1     64.9   0.4360   1.0899   0.4000   1.8662  -544.548
 30   2    163.8     64.2   0.4341   1.0853   0.4000   1.8525  -537.036
 30   3    163.9     64.1   0.3257   0.8141   0.4000   1.3888  -511.466
 30   4    163.7     64.3   0.3665   0.9163   0.4000   1.5647  -521.524
 30   5    164.0     64.0   0.3321   0.8302   0.4000   1.4159  -512.700
 30   6    164.0     64.0   0.3321   0.8302   0.4000   1.4159  -512.700
 30   7    163.6     64.4   0.2804   0.7011   0.4000   1.1977  -502.571
 30   8    163.6     64.4   0.2804   0.7011   0.4000   1.1977  -502.571
 30   9    163.0     65.0   0.3491   0.8727   0.4000   1.4953  -520.664
 30  10    163.4     64.6   0.3228   0.8069   0.4000   1.3801  -511.401
 30  11    163.4     64.6   0.3228   0.8069   0.4000   1.3801  -511.401
 30  12    162.8     65.2   0.2766   0.6915   0.4000   1.1857  -502.065
 30  13    163.0     65.0   0.3004   0.7510   0.4000   1.2865  -506.125
 30  14    163.1     64.9   0.3116   0.7789   0.4000   1.3338  -506.654
 30  15    163.6     64.4   0.3045   0.7612   0.4000   1.3006  -504.524
 30  16    163.6     64.4   0.3045   0.7612   0.4000   1.3006  -504.524
 30  17    163.6     64.4   0.3045   0.7612   0.4000   1.3006  -504.524
 30  18    162.5     65.5   0.3072   0.7679   0.4000   1.3184  -509.195
 30  19    162.3     65.7   0.3206   0.8014   0.4000   1.3771  -509.037
 30  20    162.4     65.6   0.2567   0.6417   0.4000   1.1021  -493.091
 30  21    163.8     64.2   0.2466   0.6165   0.4000   1.0523  -493.972
 30  22    163.7     64.3   0.2273   0.5682   0.4000   0.9704  -487.676
 30  23    163.7     64.3   0.2273   0.5682   0.4000   0.9704  -487.676
 30  24    163.2     64.8   0.2586   0.6466   0.4000   1.1067  -492.056
 30  25    163.6     64.4   0.2678   0.6696   0.4000   1.1440  -497.194
 30  26    163.0     65.0   0.2459   0.6148   0.4000   1.0532  -488.097
 30  27    163.0     65.0   0.2459   0.6148   0.4000   1.0532  -488.097
 30  28    163.4     64.6   0.1536   0.3840   0.4000   0.6568  -443.459
 30  29    163.6     64.4   0.0000   0.0000   0.4000   0.0000  -306.145
 31   1    162.7     65.3   0.3804   0.9510   0.4000   1.6315  -532.933
 31   2    163.3     64.7   0.4331   1.0826   0.4000   1.8518  -537.265
 31   3    163.5     64.5   0.2568   0.6419   0.4000   1.0974  -496.355
 31   4    163.3     64.7   0.3397   0.8493   0.4000   1.4533  -518.538
 31   5    163.5     64.5   0.2986   0.7464   0.4000   1.2756  -504.247
 31   6    163.5     64.5   0.2986   0.7464   0.4000   1.2756  -504.247
 31   7    163.2     64.8   0.2748   0.6871   0.4000   1.1760  -497.967
 31   8    163.2     64.8   0.2748   0.6871   0.4000   1.1760  -497.967
 31   9    162.6     65.4   0.3325   0.8311   0.4000   1.4267  -519.348
 31  10    162.9     65.1   0.2736   0.6839   0.4000   1.1720  -498.034
 31  11    162.9     65.1   0.2736   0.6839   0.4000   1.1720  -498.034
 31  12    162.4     65.6   0.2813   0.7034   0.4000   1.2084  -499.193
 31  13    162.5     65.5   0.2607   0.6517   0.4000   1.1188  -495.062
 31  14    162.6     65.4   0.2559   0.6398   0.4000   1.0980  -489.387
 31  15    163.1     64.9   0.2546   0.6365   0.4000   1.0897  -488.762
 31  16    163.1     64.9   0.2546   0.6365   0.4000   1.0897  -488.762
 31  17    163.1     64.9   0.2546   0.6365   0.4000   1.0897  -488.762
 31  18    162.1     65.9   0.2687   0.6717   0.4000   1.1555  -499.112
 31  19    161.9     66.1   0.2735   0.6838   0.4000   1.1773  -503.052
 31  20    162.0     66.0   0.2644   0.6610   0.4000   1.1375  -490.470
 31  21    163.3     64.7   0.2799   0.6998   0.4000   1.1970  -497.353
 31  22    163.2     64.8   0.2551   0.6378   0.4000   1.0916  -486.862
 31  23    163.2     64.8   0.2551   0.6378   0.4000   1.0916  -486.862
 31  24    162.8     65.2   0.2595   0.6489   0.4000   1.1127  -492.894
 31  25    163.1     64.9   0.2786   0.6966   0.4000   1.1927  -493.219
 31  26    162.6     65.4   0.2411   0.6028   0.4000   1.0345  -487.684
 31  27    162.6     65.4   0.2411   0.6028   0.4000   1.0345  -487.684
 31  28    162.9     65.1   0.1623   0.4056   0.4000   0.6951  -446.804
 31  29    163.2     64.8   0.1332   0.3330   0.4000   0.5700  -426.459
 31  30    163.2     64.8   0.1332   0.3330   0.4000   0.5700  -426.459
 32   1    162.6     65.4   0.4247   1.0618   0.4000   1.8225  -546.664
 32   2    163.2     64.8   0.4256   1.0639   0.4000   1.8208  -539.561
 32   3    163.3     64.7   0.2637   0.6592   0.4000   1.1277  -505.114
 32   4    163.1     64.9   0.3326   0.8315   0.4000   1.4237  -521.914
 32   5    163.4     64.6   0.2887   0.7217   0.4000   1.2341  -512.765
 32   6    163.4     64.6   0.2887   0.7217   0.4000   1.2341  -512.765
 32   7    163.1     64.9   0.2402   0.6005   0.4000   1.0284  -501.686
 32   8    163.1     64.9   0.2402   0.6005   0.4000   1.0284  -501.686
 32   9    162.4     65.6   0.3487   0.8717   0.4000   1.4971  -529.648
 32  10    162.8     65.2   0.2736   0.6841   0.4000   1.1729  -509.884
 32  11    162.8     65.2   0.2736   0.6841   0.4000   1.1729  -509.884
 32  12    162.3     65.7   0.2755   0.6887   0.4000   1.1838  -507.336
 32  13    162.4     65.6   0.3063   0.7657   0.4000   1.3153  -515.267
 32  14    162.5     65.5   0.3195   0.7986   0.4000   1.3713  -514.075
 32  15    163.0     65.0   0.3187   0.7967   0.4000   1.3650  -513.444
 32  16    163.0     65.0   0.3187   0.7967   0.4000   1.3650  -513.444
 32  17    163.0     65.0   0.3187   0.7967   0.4000   1.3650  -513.444
 32  18    162.0     66.0   0.2798   0.6994   0.4000   1.2037  -503.032
 32  19    161.8     66.2   0.2857   0.7144   0.4000   1.2304  -503.866
 32  20    161.9     66.1   0.2604   0.6509   0.4000   1.1208  -498.738
 32  21    163.2     64.8   0.3243   0.8106   0.4000   1.3874  -512.981
 32  22    163.1     64.9   0.2441   0.6103   0.4000   1.0450  -490.412
 32  23    163.1     64.9   0.2441   0.6103   0.4000   1.0450  -490.412
 32  24    162.7     65.3   0.2580   0.6451   0.4000   1.1067  -494.859
 32  25    163.0     65.0   0.2482   0.6206   0.4000   1.0632  -493.803
 32  26    162.5     65.5   0.2375   0.5938   0.4000   1.0197  -489.893
 32  27    162.5     65.5   0.2375   0.5938   0.4000   1.0197  -489.893
 32  28    162.8     65.2   0.1751   0.4377   0.4000   0.7505  -451.688
 32  29    163.1     64.9   0.1277   0.3192   0.4000   0.5466  -430.865
 32  30    163.1     64.9   0.1277   0.3192   0.4000   0.5466  -430.865
 32  31    162.6     65.4   0.1519   0.3796   0.4000   0.6514  -443.698
 33   1    162.0     66.0   0.4084   1.0209   0.4000   1.7574  -540.172
 33   2    162.6     65.4   0.4521   1.1303   0.4000   1.9400  -544.795
 33   3    162.7     65.3   0.3245   0.8114   0.4000   1.3920  -512.227
 33   4    162.5     65.5   0.3418   0.8544   0.4000   1.4672  -522.814
 33   5    162.8     65.2   0.3649   0.9122   0.4000   1.5643  -524.086
 33   6    162.8     65.2   0.3649   0.9122   0.4000   1.5643  -524.086
 33   7    162.4     65.6   0.3428   0.8571   0.4000   1.4723  -518.619
 33   8    162.4     65.6   0.3428   0.8571   0.4000   1.4723  -518.619
 33   9    161.8     66.2   0.3576   0.8941   0.4000   1.5403  -527.262
 33  10    162.2     65.8   0.3435   0.8588   0.4000   1.4768  -520.035
 33  11    162.2     65.8   0.3435   0.8588   0.4000   1.4768  -520.035
 33  12    161.6     66.4   0.2626   0.6564   0.4000   1.1316  -495.665
 33  13    161.8     66.2   0.3014   0.7534   0.4000   1.2980  -503.896
 33  14    161.9     66.1   0.3435   0.8588   0.4000   1.4789  -513.143
 33  15    162.4     65.6   0.3379   0.8447   0.4000   1.4513  -510.495
 33  16    162.4     65.6   0.3379   0.8447   0.4000   1.4513  -510.495
 33  17    162.4     65.6   0.3379   0.8447   0.4000   1.4513  -510.495
 33  18    161.3     66.7   0.2853   0.7133   0.4000   1.2314  -500.737
 33  19    161.2     66.8   0.2595   0.6488   0.4000   1.1209  -496.602
 33  20    161.2     66.8   0.2727   0.6817   0.4000   1.1775  -498.956
 33  21    162.6     65.4   0.2546   0.6366   0.4000   1.0926  -491.902
 33  22    162.5     65.5   0.2363   0.5908   0.4000   1.0145  -485.689
 33  23    162.5     65.5   0.2363   0.5908   0.4000   1.0145  -485.689
 33  24    162.1     65.9   0.2440   0.6100   0.4000   1.0496  -486.513
 33  25    162.4     65.6   0.2612   0.6531   0.4000   1.1220  -491.305
 33  26    161.9     66.1   0.2839   0.7098   0.4000   1.2224  -502.148
 33  27    161.9     66.1   0.2839   0.7098   0.4000   1.2224  -502.148
 33  28    162.2     65.8   0.2397   0.5993   0.4000   1.0305  -484.157
 33  29    162.4     65.6   0.2521   0.6303   0.4000   1.0827  -485.130
 33  30    162.4     65.6   0.2521   0.6303   0.4000   1.0827  -485.130
 33  31    162.0     66.0   0.2502   0.6256   0.4000   1.0767  -487.018
 33  32    161.9     66.1   0.2051   0.5129   0.4000   0.8831  -478.348
 34   1    162.0     66.0   0.4084   1.0209   0.4000   1.7574  -540.172
 34   2    162.6     65.4   0.4521   1.1303   0.4000   1.9400  -544.795
 34   3    162.7     65.3   0.3245   0.8114   0.4000   1.3920  -512.227
 34   4    162.5     65.5   0.3418   0.8544   0.4000   1.4672  -522.814
 34   5    162.8     65.2   0.3649   0.9122   0.4000   1.5643  -524.086
 34   6    162.8     65.2   0.3649   0.9122   0.4000   1.5643  -524.086
 34   7    162.4     65.6   0.3428   0.8571   0.4000   1.4723  -518.619
 34   8    162.4     65.6   0.3428   0.8571   0.4000   1.4723  -518.619
 34   9    161.8     66.2   0.3576   0.8941   0.4000   1.5403  -527.262
 34  10    162.2     65.8   0.3435   0.8588   0.4000   1.4768  -520.035
 34  11    162.2     65.8   0.3435   0.8588   0.4000   1.4768  -520.035
 34  12    161.6     66.4   0.2626   0.6564   0.4000   1.1316  -495.665
 34  13    161.8     66.2   0.3014   0.7534   0.4000   1.2980  -503.896
 34  14    161.9     66.1   0.3435   0.8588   0.4000   1.4789  -513.143
 34  15    162.4     65.6   0.3379   0.8447   0.4000   1.4513  -510.495
 34  16    162.4     65.6   0.3379   0.8447   0.4000   1.4513  -510.495
 34  17    162.4     65.6   0.3379   0.8447   0.4000   1.4513  -510.495
 34  18    161.3     66.7   0.2853   0.7133   0.4000   1.2314  -500.737
 34  19    161.2     66.8   0.2595   0.6488   0.4000   1.1209  -496.602
 34  20    161.2     66.8   0.2727   0.6817   0.4000   1.1775  -498.956
 34  21    162.6     65.4   0.2546   0.6366   0.4000   1.0926  -491.902
 34  22    162.5     65.5   0.2363   0.5908   0.4000   1.0145  -485.689
 34  23    162.5     65.5   0.2363   0.5908   0.4000   1.0145  -485.689
 34  24    162.1     65.9   0.2440   0.6100   0.4000   1.0496  -486.513
 34  25    162.4     65.6   0.2612   0.6531   0.4000   1.1220  -491.305
 34  26    161.9     66.1   0.2839   0.7098   0.4000   1.2224  -502.148
 34  27    161.9     66.1   0.2839   0.7098   0.4000   1.2224  -502.148
 34  28    162.2     65.8   0.2397   0.5993   0.4000   1.0305  -484.157
 34  29    162.4     65.6   0.2521   0.6303   0.4000   1.0827  -485.130
 34  30    162.4     65.6   0.2521   0.6303   0.4000   1.0827  -485.130
 34  31    162.0     66.0   0.2502   0.6256   0.4000   1.0767  -487.018
 34  32    161.9     66.1   0.2051   0.5129   0.4000   0.8831  -478.348
 34  33    161.2     66.8   0.0000   0.0000   0.4000   0.0000  -308.944
 35   1    162.5     65.5   0.4558   1.1395   0.4000   1.9563  -547.082
 35   2    163.3     64.7   0.4478   1.1195   0.4000   1.9156  -541.736
 35   3    163.4     64.6   0.3131   0.7829   0.4000   1.3385  -509.721
 35   4    163.2     64.8   0.3532   0.8829   0.4000   1.5112  -523.507
 35   5    163.5     64.5   0.3107   0.7768   0.4000   1.3278  -512.121
 35   6    163.5     64.5   0.3107   0.7768   0.4000   1.3278  -512.121
 35   7    163.1     64.9   0.2790   0.6975   0.4000   1.1946  -504.530
 35   8    163.1     64.9   0.2790   0.6975   0.4000   1.1946  -504.530
 35   9    162.4     65.6   0.3442   0.8606   0.4000   1.4785  -528.060
 35  10    162.8     65.2   0.2991   0.7477   0.4000   1.2822  -511.503
 35  11    162.8     65.2   0.2991   0.7477   0.4000   1.2822  -511.503
 35  12    162.2     65.8   0.2125   0.5312   0.4000   0.9132  -474.406
 35  13    162.4     65.6   0.3056   0.7639   0.4000   1.3121  -508.182
 35  14    162.5     65.5   0.3256   0.8140   0.4000   1.3975  -510.764
 35  15    163.1     64.9   0.3185   0.7961   0.4000   1.3635  -508.704
 35  16    163.1     64.9   0.3185   0.7961   0.4000   1.3635  -508.704
 35  17    163.1     64.9   0.3185   0.7961   0.4000   1.3635  -508.704
 35  18    161.9     66.1   0.2954   0.7385   0.4000   1.2714  -501.525
 35  19    161.7     66.3   0.2562   0.6404   0.4000   1.1036  -494.455
 35  20    161.8     66.2   0.2588   0.6471   0.4000   1.1145  -497.144
 35  21    163.3     64.7   0.2773   0.6932   0.4000   1.1860  -501.475
 35  22    163.2     64.8   0.2606   0.6516   0.4000   1.1154  -495.481
 35  23    163.2     64.8   0.2606   0.6516   0.4000   1.1154  -495.481
 35  24    162.7     65.3   0.2574   0.6436   0.4000   1.1043  -490.697
 35  25    163.1     64.9   0.2285   0.5712   0.4000   0.9782  -481.608
 35  26    162.4     65.6   0.2698   0.6745   0.4000   1.1585  -490.556
 35  27    162.4     65.6   0.2698   0.6745   0.4000   1.1585  -490.556
 35  28    162.8     65.2   0.2643   0.6607   0.4000   1.1328  -491.939
 35  29    163.1     64.9   0.2462   0.6156   0.4000   1.0543  -488.954
 35  30    163.1     64.9   0.2462   0.6156   0.4000   1.0543  -488.954
 35  31    162.6     65.4   0.2640   0.6599   0.4000   1.1327  -495.893
 35  32    162.5     65.5   0.1965   0.4913   0.4000   0.8437  -469.594
 35  33    161.8     66.2   0.1963   0.4907   0.4000   0.8451  -465.633
 35  34    161.8     66.2   0.1963   0.4907   0.4000   0.8451  -465.633
 36   1    163.4     64.6   0.3675   0.9186   0.4000   1.5710  -528.581
 36   2    164.1     63.9   0.4114   1.0285   0.4000   1.7533  -533.570
 36   3    164.2     63.8   0.3608   0.9021   0.4000   1.5367  -516.756
 36   4    164.0     64.0   0.3545   0.8862   0.4000   1.5112  -522.014
 36   5    164.3     63.7   0.3589   0.8972   0.4000   1.5280  -520.259
 36   6    164.3     63.7   0.3589   0.8972   0.4000   1.5280  -520.259
 36   7    163.9     64.1   0.3115   0.7788   0.4000   1.3288  -512.343
 36   8    163.9     64.1   0.3115   0.7788   0.4000   1.3288  -512.343
 36   9    163.3     64.7   0.4121   1.0303   0.4000   1.7630  -536.953
 36  10    163.6     64.4   0.3494   0.8736   0.4000   1.4922  -517.745
 36  11    163.6     64.4   0.3494   0.8736   0.4000   1.4922  -517.745
 36  12    163.1     64.9   0.2439   0.6098   0.4000   1.0442  -482.909
 36  13    163.3     64.7   0.2888   0.7220   0.4000   1.2353  -498.249
 36  14    163.4     64.6   0.2960   0.7400   0.4000   1.2655  -498.671
 36  15    163.9     64.1   0.2890   0.7225   0.4000   1.2328  -496.596
 36  16    163.9     64.1   0.2890   0.7225   0.4000   1.2328  -496.596
 36  17    163.9     64.1   0.2890   0.7225   0.4000   1.2328  -496.596
 36  18    162.8     65.2   0.2788   0.6971   0.4000   1.1953  -492.046
 36  19    162.6     65.4   0.2662   0.6654   0.4000   1.1419  -492.189
 36  20    162.7     65.3   0.2829   0.7072   0.4000   1.2131  -498.012
 36  21    164.1     63.9   0.2071   0.5176   0.4000   0.8824  -473.541
 36  22    164.0     64.0   0.2255   0.5639   0.4000   0.9616  -480.749
 36  23    164.0     64.0   0.2255   0.5639   0.4000   0.9616  -480.749
 36  24    163.5     64.5   0.2398   0.5994   0.4000   1.0246  -483.039
 36  25    163.9     64.1   0.2224   0.5560   0.4000   0.9486  -472.756
 36  26    163.3     64.7   0.2656   0.6641   0.4000   1.1362  -485.045
 36  27    163.3     64.7   0.2656   0.6641   0.4000   1.1362  -485.045
 36  28    163.7     64.3   0.2012   0.5031   0.4000   0.8592  -470.285
 36  29    163.9     64.1   0.2465   0.6163   0.4000   1.0515  -490.095
 36  30    163.9     64.1   0.2465   0.6163   0.4000   1.0515  -490.095
 36  31    163.4     64.6   0.2475   0.6188   0.4000   1.0580  -480.811
 36  32    163.3     64.7   0.2256   0.5640   0.4000   0.9648  -483.332
 36  33    162.7     65.3   0.1555   0.3887   0.4000   0.6668  -446.600
 36  34    162.7     65.3   0.1555   0.3887   0.4000   0.6668  -446.600
 36  35    163.4     64.6   0.1780   0.4450   0.4000   0.7612  -458.972
 37   1    163.1     64.9   0.4450   1.1126   0.4000   1.9049  -543.219
 37   2    163.9     64.1   0.4484   1.1209   0.4000   1.9125  -536.224
 37   3    164.1     63.9   0.3158   0.7895   0.4000   1.3457  -511.023
 37   4    163.8     64.2   0.3473   0.8683   0.4000   1.4821  -521.750
 37   5    164.1     63.9   0.3488   0.8721   0.4000   1.4863  -520.505
 37   6    164.1     63.9   0.3488   0.8721   0.4000   1.4863  -520.505
 37   7    163.7     64.3   0.3210   0.8025   0.4000   1.3706  -515.893
 37   8    163.7     64.3   0.3210   0.8025   0.4000   1.3706  -515.893
 37   9    163.0     65.0   0.4070   1.0175   0.4000   1.7434  -536.208
 37  10    163.4     64.6   0.3749   0.9374   0.4000   1.6030  -525.845
 37  11    163.4     64.6   0.3749   0.9374   0.4000   1.6030  -525.845
 37  12    162.9     65.1   0.2493   0.6234   0.4000   1.0685  -496.983
 37  13    163.1     64.9   0.2956   0.7390   0.4000   1.2656  -504.531
 37  14    163.2     64.8   0.3047   0.7618   0.4000   1.3039  -507.286
 37  15    163.7     64.3   0.3033   0.7584   0.4000   1.2948  -506.585
 37  16    163.7     64.3   0.3033   0.7584   0.4000   1.2948  -506.585
 37  17    163.7     64.3   0.3033   0.7584   0.4000   1.2948  -506.585
 37  18    162.5     65.5   0.2893   0.7232   0.4000   1.2417  -502.076
 37  19    162.3     65.7   0.2971   0.7427   0.4000   1.2763  -506.876
 37  20    162.4     65.6   0.3194   0.7985   0.4000   1.3714  -503.713
 37  21    163.9     64.1   0.2314   0.5784   0.4000   0.9869  -478.551
 37  22    163.8     64.2   0.2963   0.7409   0.4000   1.2643  -500.482
 37  23    163.8     64.2   0.2963   0.7409   0.4000   1.2643  -500.482
 37  24    163.3     64.7   0.2650   0.6626   0.4000   1.1337  -490.621
 37  25    163.7     64.3   0.1904   0.4760   0.4000   0.8128  -462.283
 37  26    163.0     65.0   0.2695   0.6738   0.4000   1.1543  -492.385
 37  27    163.0     65.0   0.2695   0.6738   0.4000   1.1543  -492.385
 37  28    163.4     64.6   0.2733   0.6833   0.4000   1.1682  -488.449
 37  29    163.7     64.3   0.2814   0.7035   0.4000   1.2014  -497.004
 37  30    163.7     64.3   0.2814   0.7035   0.4000   1.2014  -497.004
 37  31    163.2     64.8   0.2890   0.7225   0.4000   1.2366  -496.878
 37  32    163.1     64.9   0.2190   0.5476   0.4000   0.9379  -482.624
 37  33    162.4     65.6   0.1460   0.3650   0.4000   0.6269  -444.162
 37  34    162.4     65.6   0.1460   0.3650   0.4000   0.6269  -444.162
 37  35    163.2     64.8   0.1818   0.4545   0.4000   0.7779  -458.237
 37  36    164.0     64.0   0.1097   0.2743   0.4000   0.4678  -414.027
 38   1    163.2     64.8   0.4389   1.0972   0.4000   1.8776  -542.193
 38   2    163.9     64.1   0.4183   1.0456   0.4000   1.7836  -529.685
 38   3    164.1     63.9   0.3454   0.8634   0.4000   1.4717  -511.820
 38   4    163.8     64.2   0.3968   0.9921   0.4000   1.6930  -523.569
 38   5    164.2     63.8   0.3615   0.9036   0.4000   1.5398  -519.328
 38   6    164.2     63.8   0.3615   0.9036   0.4000   1.5398  -519.328
 38   7    163.7     64.3   0.3600   0.9000   0.4000   1.5368  -517.468
 38   8    163.7     64.3   0.3600   0.9000   0.4000   1.5368  -517.468
 38   9    163.1     64.9   0.4145   1.0363   0.4000   1.7750  -534.133
 38  10    163.5     64.5   0.3785   0.9464   0.4000   1.6178  -522.757
 38  11    163.5     64.5   0.3785   0.9464   0.4000   1.6178  -522.757
 38  12    163.0     65.0   0.2330   0.5824   0.4000   0.9978  -481.971
 38  13    163.2     64.8   0.2957   0.7392   0.4000   1.2654  -502.223
 38  14    163.3     64.7   0.3255   0.8138   0.4000   1.3924  -509.939
 38  15    163.8     64.2   0.3111   0.7778   0.4000   1.3274  -505.943
 38  16    163.8     64.2   0.3111   0.7778   0.4000   1.3274  -505.943
 38  17    163.8     64.2   0.3111   0.7778   0.4000   1.3274  -505.943
 38  18    162.6     65.4   0.2662   0.6655   0.4000   1.1421  -494.963
 38  19    162.5     65.5   0.2485   0.6213   0.4000   1.0670  -492.093
 38  20    162.5     65.5   0.2650   0.6626   0.4000   1.1376  -487.418
 38  21    163.9     64.1   0.2251   0.5628   0.4000   0.9600  -478.716
 38  22    163.9     64.1   0.2260   0.5651   0.4000   0.9640  -481.098
 38  23    163.9     64.1   0.2260   0.5651   0.4000   0.9640  -481.098
 38  24    163.4     64.6   0.2479   0.6197   0.4000   1.0597  -481.641
 38  25    163.8     64.2   0.2357   0.5893   0.4000   1.0059  -478.625
 38  26    163.1     64.9   0.2355   0.5887   0.4000   1.0079  -483.252
 38  27    163.1     64.9   0.2355   0.5887   0.4000   1.0079  -483.252
 38  28    163.5     64.5   0.2525   0.6313   0.4000   1.0790  -481.422
 38  29    163.8     64.2   0.2488   0.6219   0.4000   1.0617  -485.773
 38  30    163.8     64.2   0.2488   0.6219   0.4000   1.0617  -485.773
 38  31    163.3     64.7   0.2581   0.6452   0.4000   1.1039  -486.358
 38  32    163.2     64.8   0.2268   0.5669   0.4000   0.9705  -480.643
 38  33    162.5     65.5   0.1382   0.3456   0.4000   0.5934  -438.794
 38  34    162.5     65.5   0.1382   0.3456   0.4000   0.5934  -438.794
 38  35    163.3     64.7   0.1987   0.4968   0.4000   0.8500  -460.164
 38  36    164.1     63.9   0.1070   0.2675   0.4000   0.4560  -415.213
 38  37    163.9     64.1   0.0728   0.1819   0.4000   0.3103  -391.293

