Supplemental results for CODEML (seqf: /gpfs/scratch/cltucker/EBH381-Group-Project/SIV_aligned_GAG.fas  treef: )


pairwise comparison (Goldman & Yang 1994)
seq seq        N       S       dN       dS     dN/dS   Paras.
  2   1    570.7    230.3   0.3417   0.2136   1.6000   0.9146 -1680.560
  3   1    571.0    230.0   0.3883   0.2427   1.6000   1.0394 -1713.692
  3   2    571.2    229.8   0.3295   0.2060   1.6000   0.8822 -1665.092
  4   1    570.3    230.7   0.3843   0.2402   1.6000   1.0283 -1716.292
  4   2    570.5    230.5   0.3065   0.1915   1.6000   0.8202 -1650.448
  4   3    570.8    230.2   0.2223   0.1389   1.6000   0.5950 -1538.719
  5   1    571.6    229.4   0.3718   0.2324   1.6000   0.9956 -1702.770
  5   2    571.9    229.1   0.3285   0.2053   1.6000   0.8799 -1676.769
  5   3    572.2    228.8   0.2380   0.1488   1.6000   0.6375 -1560.464
  5   4    571.5    229.5   0.2112   0.1320   1.6000   0.5655 -1521.965
  6   1    571.6    229.4   0.3718   0.2324   1.6000   0.9956 -1702.770
  6   2    571.9    229.1   0.3285   0.2053   1.6000   0.8799 -1676.769
  6   3    572.2    228.8   0.2380   0.1488   1.6000   0.6375 -1560.464
  6   4    571.5    229.5   0.2112   0.1320   1.6000   0.5655 -1521.965
  6   5    572.9    228.1   0.0000   0.0000   1.6000   0.0000 -1069.542
  7   1    571.8    229.2   0.3368   0.2105   1.6000   0.9020 -1676.433
  7   2    572.0    229.0   0.3184   0.1990   1.6000   0.8529 -1665.409
  7   3    572.3    228.7   0.2174   0.1359   1.6000   0.5824 -1539.848
  7   4    571.6    229.4   0.2085   0.1303   1.6000   0.5583 -1519.595
  7   5    573.1    227.9   0.0554   0.0346   1.6000   0.1484 -1256.553
  7   6    573.1    227.9   0.0554   0.0346   1.6000   0.1484 -1256.553
  8   1    571.8    229.2   0.3368   0.2105   1.6000   0.9020 -1676.433
  8   2    572.0    229.0   0.3184   0.1990   1.6000   0.8529 -1665.409
  8   3    572.3    228.7   0.2174   0.1359   1.6000   0.5824 -1539.848
  8   4    571.6    229.4   0.2085   0.1303   1.6000   0.5583 -1519.595
  8   5    573.1    227.9   0.0554   0.0346   1.6000   0.1484 -1256.553
  8   6    573.1    227.9   0.0554   0.0346   1.6000   0.1484 -1256.553
  8   7    573.2    227.8   0.0000   0.0000   1.6000   0.0000 -1069.482
  9   1    571.7    229.3   0.3776   0.2360   1.6000   1.0113 -1711.762
  9   2    571.9    229.1   0.3290   0.2056   1.6000   0.8812 -1673.705
  9   3    572.2    228.8   0.2027   0.1267   1.6000   0.5430 -1508.236
  9   4    571.5    229.5   0.2001   0.1251   1.6000   0.5358 -1506.349
  9   5    572.9    228.1   0.1391   0.0869   1.6000   0.3728 -1410.305
  9   6    572.9    228.1   0.1391   0.0869   1.6000   0.3728 -1410.305
  9   7    573.0    228.0   0.1409   0.0881   1.6000   0.3776 -1418.397
  9   8    573.0    228.0   0.1409   0.0881   1.6000   0.3776 -1418.397
 10   1    571.2    229.8   0.3780   0.2362   1.6000   1.0120 -1708.683
 10   2    571.4    229.6   0.3084   0.1928   1.6000   0.8259 -1657.224
 10   3    571.7    229.3   0.1946   0.1216   1.6000   0.5211 -1491.631
 10   4    571.0    230.0   0.1822   0.1139   1.6000   0.4877 -1483.693
 10   5    572.4    228.6   0.1171   0.0732   1.6000   0.3136 -1375.798
 10   6    572.4    228.6   0.1171   0.0732   1.6000   0.3136 -1375.798
 10   7    572.6    228.4   0.1140   0.0712   1.6000   0.3053 -1373.720
 10   8    572.6    228.4   0.1140   0.0712   1.6000   0.3053 -1373.720
 10   9    572.4    228.6   0.1102   0.0689   1.6000   0.2953 -1355.126
 11   1    571.1    229.9   0.3707   0.2317   1.6000   0.9924 -1705.015
 11   2    571.4    229.6   0.3058   0.1911   1.6000   0.8188 -1655.659
 11   3    571.7    229.3   0.1945   0.1216   1.6000   0.5209 -1491.923
 11   4    571.0    230.0   0.1785   0.1115   1.6000   0.4777 -1478.859
 11   5    572.4    228.6   0.1203   0.0752   1.6000   0.3223 -1380.423
 11   6    572.4    228.6   0.1203   0.0752   1.6000   0.3223 -1380.423
 11   7    572.5    228.5   0.1139   0.0712   1.6000   0.3052 -1373.902
 11   8    572.5    228.5   0.1139   0.0712   1.6000   0.3052 -1373.902
 11   9    572.4    228.6   0.1102   0.0689   1.6000   0.2951 -1354.788
 11  10    571.9    229.1   0.0056   0.0035   1.6000   0.0150 -1093.162
 12   1    570.5    230.5   0.4858   0.3036   1.6000   1.3002 -1799.788
 12   2    570.8    230.2   0.4616   0.2885   1.6000   1.2355 -1783.651
 12   3    571.0    230.0   0.5224   0.3265   1.6000   1.3984 -1830.885
 12   4    570.4    230.6   0.4755   0.2972   1.6000   1.2726 -1794.096
 12   5    571.7    229.3   0.5068   0.3168   1.6000   1.3573 -1812.608
 12   6    571.7    229.3   0.5068   0.3168   1.6000   1.3573 -1812.608
 12   7    571.9    229.1   0.5301   0.3313   1.6000   1.4198 -1829.097
 12   8    571.9    229.1   0.5301   0.3313   1.6000   1.4198 -1829.097
 12   9    571.7    229.3   0.5077   0.3173   1.6000   1.3595 -1818.014
 12  10    571.2    229.8   0.4772   0.2982   1.6000   1.2775 -1799.349
 12  11    571.2    229.8   0.4789   0.2993   1.6000   1.2821 -1800.082
 13   1    570.0    231.0   0.4730   0.2956   1.6000   1.2655 -1792.463
 13   2    570.2    230.8   0.5093   0.3183   1.6000   1.3628 -1817.939
 13   3    570.5    230.5   0.4997   0.3123   1.6000   1.3372 -1813.699
 13   4    569.8    231.2   0.4869   0.3043   1.6000   1.3026 -1809.614
 13   5    571.2    229.8   0.5047   0.3155   1.6000   1.3513 -1814.837
 13   6    571.2    229.8   0.5047   0.3155   1.6000   1.3513 -1814.837
 13   7    571.3    229.7   0.5053   0.3158   1.6000   1.3530 -1817.538
 13   8    571.3    229.7   0.5053   0.3158   1.6000   1.3530 -1817.538
 13   9    571.2    229.8   0.4710   0.2944   1.6000   1.2609 -1801.804
 13  10    570.7    230.3   0.4562   0.2851   1.6000   1.2210 -1789.460
 13  11    570.7    230.3   0.4582   0.2864   1.6000   1.2264 -1790.749
 13  12    570.0    231.0   0.2664   0.1665   1.6000   0.7128 -1614.052
 14   1    569.7    231.3   0.4711   0.2944   1.6000   1.2602 -1793.613
 14   2    570.0    231.0   0.4991   0.3119   1.6000   1.3354 -1812.087
 14   3    570.3    230.7   0.4947   0.3092   1.6000   1.3237 -1813.766
 14   4    569.6    231.4   0.4857   0.3035   1.6000   1.2991 -1811.310
 14   5    571.0    230.0   0.4953   0.3096   1.6000   1.3260 -1814.465
 14   6    571.0    230.0   0.4953   0.3096   1.6000   1.3260 -1814.465
 14   7    571.1    229.9   0.4916   0.3073   1.6000   1.3162 -1816.589
 14   8    571.1    229.9   0.4916   0.3073   1.6000   1.3162 -1816.589
 14   9    571.0    230.0   0.4595   0.2872   1.6000   1.2302 -1800.580
 14  10    570.5    230.5   0.4500   0.2813   1.6000   1.2044 -1790.741
 14  11    570.5    230.5   0.4521   0.2825   1.6000   1.2098 -1791.978
 14  12    569.8    231.2   0.2882   0.1801   1.6000   0.7709 -1635.540
 14  13    569.3    231.7   0.0329   0.0205   1.6000   0.0879 -1194.790
 15   1    569.8    231.2   0.4762   0.2976   1.6000   1.2739 -1799.164
 15   2    570.0    231.0   0.4952   0.3095   1.6000   1.3249 -1815.162
 15   3    570.3    230.7   0.5008   0.3130   1.6000   1.3402 -1817.868
 15   4    569.6    231.4   0.4903   0.3064   1.6000   1.3115 -1812.784
 15   5    571.0    230.0   0.5004   0.3128   1.6000   1.3396 -1816.232
 15   6    571.0    230.0   0.5004   0.3128   1.6000   1.3396 -1816.232
 15   7    571.2    229.8   0.5037   0.3148   1.6000   1.3484 -1822.555
 15   8    571.2    229.8   0.5037   0.3148   1.6000   1.3484 -1822.555
 15   9    571.0    230.0   0.4761   0.2976   1.6000   1.2746 -1808.705
 15  10    570.5    230.5   0.4654   0.2909   1.6000   1.2457 -1796.819
 15  11    570.5    230.5   0.4675   0.2922   1.6000   1.2511 -1798.025
 15  12    569.9    231.1   0.2902   0.1814   1.6000   0.7763 -1636.428
 15  13    569.3    231.7   0.0343   0.0214   1.6000   0.0917 -1198.432
 15  14    569.1    231.9   0.0213   0.0133   1.6000   0.0569 -1159.648
 16   1    569.8    231.2   0.4702   0.2938   1.6000   1.2578 -1795.067
 16   2    570.1    230.9   0.4890   0.3056   1.6000   1.3084 -1811.181
 16   3    570.4    230.6   0.5002   0.3126   1.6000   1.3386 -1816.059
 16   4    569.7    231.3   0.4843   0.3027   1.6000   1.2955 -1808.851
 16   5    571.1    229.9   0.4997   0.3123   1.6000   1.3377 -1814.446
 16   6    571.1    229.9   0.4997   0.3123   1.6000   1.3377 -1814.446
 16   7    571.2    229.8   0.5029   0.3143   1.6000   1.3465 -1820.786
 16   8    571.2    229.8   0.5029   0.3143   1.6000   1.3465 -1820.786
 16   9    571.1    229.9   0.4699   0.2937   1.6000   1.2581 -1804.639
 16  10    570.6    230.4   0.4594   0.2871   1.6000   1.2296 -1792.693
 16  11    570.5    230.5   0.4615   0.2884   1.6000   1.2350 -1793.923
 16  12    569.9    231.1   0.2858   0.1786   1.6000   0.7645 -1631.240
 16  13    569.4    231.6   0.0314   0.0196   1.6000   0.0839 -1188.556
 16  14    569.1    231.9   0.0184   0.0115   1.6000   0.0492 -1148.795
 16  15    569.2    231.8   0.0028   0.0017   1.6000   0.0075 -1088.258
 17   1    569.8    231.2   0.4702   0.2938   1.6000   1.2578 -1795.067
 17   2    570.1    230.9   0.4890   0.3056   1.6000   1.3084 -1811.181
 17   3    570.4    230.6   0.5002   0.3126   1.6000   1.3386 -1816.059
 17   4    569.7    231.3   0.4843   0.3027   1.6000   1.2955 -1808.851
 17   5    571.1    229.9   0.4997   0.3123   1.6000   1.3377 -1814.446
 17   6    571.1    229.9   0.4997   0.3123   1.6000   1.3377 -1814.446
 17   7    571.2    229.8   0.5029   0.3143   1.6000   1.3465 -1820.786
 17   8    571.2    229.8   0.5029   0.3143   1.6000   1.3465 -1820.786
 17   9    571.1    229.9   0.4699   0.2937   1.6000   1.2581 -1804.639
 17  10    570.6    230.4   0.4594   0.2871   1.6000   1.2296 -1792.693
 17  11    570.5    230.5   0.4615   0.2884   1.6000   1.2350 -1793.923
 17  12    569.9    231.1   0.2858   0.1786   1.6000   0.7645 -1631.240
 17  13    569.4    231.6   0.0314   0.0196   1.6000   0.0839 -1188.556
 17  14    569.1    231.9   0.0184   0.0115   1.6000   0.0492 -1148.795
 17  15    569.2    231.8   0.0028   0.0017   1.6000   0.0075 -1088.258
 17  16    569.2    231.8   0.0000   0.0000   1.6000   0.0000 -1071.450
 18   1    570.4    230.6   0.4427   0.2767   1.6000   1.1848 -1782.805
 18   2    570.7    230.3   0.4975   0.3109   1.6000   1.3316 -1810.985
 18   3    570.9    230.1   0.5249   0.3281   1.6000   1.4052 -1832.035
 18   4    570.3    230.7   0.5199   0.3250   1.6000   1.3913 -1829.335
 18   5    571.6    229.4   0.4868   0.3043   1.6000   1.3036 -1817.084
 18   6    571.6    229.4   0.4868   0.3043   1.6000   1.3036 -1817.084
 18   7    571.8    229.2   0.4945   0.3090   1.6000   1.3242 -1825.457
 18   8    571.8    229.2   0.4945   0.3090   1.6000   1.3242 -1825.457
 18   9    571.6    229.4   0.5024   0.3140   1.6000   1.3453 -1826.951
 18  10    571.2    229.8   0.4823   0.3014   1.6000   1.2912 -1810.878
 18  11    571.1    229.9   0.4844   0.3028   1.6000   1.2969 -1812.546
 18  12    570.5    230.5   0.2692   0.1682   1.6000   0.7204 -1608.217
 18  13    570.0    231.0   0.2275   0.1422   1.6000   0.6088 -1559.067
 18  14    569.7    231.3   0.2412   0.1507   1.6000   0.6452 -1569.465
 18  15    569.8    231.2   0.2362   0.1476   1.6000   0.6318 -1567.351
 18  16    569.8    231.2   0.2320   0.1450   1.6000   0.6207 -1561.593
 18  17    569.8    231.2   0.2320   0.1450   1.6000   0.6207 -1561.593
 19   1    569.5    231.5   0.4440   0.2775   1.6000   1.1877 -1771.153
 19   2    569.7    231.3   0.4447   0.2779   1.6000   1.1895 -1777.234
 19   3    570.0    231.0   0.4789   0.2993   1.6000   1.2814 -1807.634
 19   4    569.3    231.7   0.5030   0.3144   1.6000   1.3453 -1814.251
 19   5    570.7    230.3   0.5025   0.3140   1.6000   1.3448 -1816.288
 19   6    570.7    230.3   0.5025   0.3140   1.6000   1.3448 -1816.288
 19   7    570.8    230.2   0.4980   0.3113   1.6000   1.3331 -1818.838
 19   8    570.8    230.2   0.4980   0.3113   1.6000   1.3331 -1818.838
 19   9    570.7    230.3   0.4890   0.3056   1.6000   1.3087 -1816.087
 19  10    570.2    230.8   0.4904   0.3065   1.6000   1.3122 -1809.800
 19  11    570.2    230.8   0.4926   0.3079   1.6000   1.3182 -1811.466
 19  12    569.6    231.4   0.2693   0.1683   1.6000   0.7203 -1607.824
 19  13    569.0    232.0   0.2442   0.1526   1.6000   0.6530 -1567.672
 19  14    568.8    232.2   0.2489   0.1556   1.6000   0.6655 -1571.661
 19  15    568.8    232.2   0.2500   0.1562   1.6000   0.6684 -1576.238
 19  16    568.9    232.1   0.2458   0.1536   1.6000   0.6572 -1570.550
 19  17    568.9    232.1   0.2458   0.1536   1.6000   0.6572 -1570.550
 19  18    569.5    231.5   0.1425   0.0891   1.6000   0.3813 -1418.842
 20   1    570.0    231.0   0.4629   0.2893   1.6000   1.2385 -1785.790
 20   2    570.2    230.8   0.4646   0.2904   1.6000   1.2433 -1795.361
 20   3    570.5    230.5   0.5223   0.3264   1.6000   1.3977 -1838.931
 20   4    569.8    231.2   0.5170   0.3231   1.6000   1.3832 -1828.611
 20   5    571.2    229.8   0.4768   0.2980   1.6000   1.2766 -1817.806
 20   6    571.2    229.8   0.4768   0.2980   1.6000   1.2766 -1817.806
 20   7    571.3    229.7   0.4697   0.2936   1.6000   1.2576 -1813.715
 20   8    571.3    229.7   0.4697   0.2936   1.6000   1.2576 -1813.715
 20   9    571.2    229.8   0.5031   0.3144   1.6000   1.3468 -1823.676
 20  10    570.7    230.3   0.4956   0.3097   1.6000   1.3264 -1823.801
 20  11    570.7    230.3   0.5029   0.3143   1.6000   1.3459 -1826.757
 20  12    570.1    230.9   0.3819   0.2387   1.6000   1.0218 -1717.944
 20  13    569.5    231.5   0.3766   0.2354   1.6000   1.0073 -1723.198
 20  14    569.3    231.7   0.3749   0.2343   1.6000   1.0028 -1724.792
 20  15    569.3    231.7   0.3813   0.2383   1.6000   1.0197 -1732.987
 20  16    569.4    231.6   0.3808   0.2380   1.6000   1.0185 -1731.006
 20  17    569.4    231.6   0.3808   0.2380   1.6000   1.0185 -1731.006
 20  18    569.9    231.1   0.3501   0.2188   1.6000   0.9366 -1708.628
 20  19    569.0    232.0   0.3527   0.2204   1.6000   0.9431 -1699.239
 21   1    570.3    230.7   0.4360   0.2725   1.6000   1.1667 -1765.606
 21   2    570.6    230.4   0.4740   0.2963   1.6000   1.2686 -1784.509
 21   3    570.9    230.1   0.5050   0.3156   1.6000   1.3517 -1811.267
 21   4    570.2    230.8   0.4799   0.2999   1.6000   1.2840 -1798.957
 21   5    571.6    229.4   0.5097   0.3186   1.6000   1.3650 -1819.087
 21   6    571.6    229.4   0.5097   0.3186   1.6000   1.3650 -1819.087
 21   7    571.7    229.3   0.5241   0.3275   1.6000   1.4034 -1824.973
 21   8    571.7    229.3   0.5241   0.3275   1.6000   1.4034 -1824.973
 21   9    571.6    229.4   0.5222   0.3264   1.6000   1.3984 -1825.947
 21  10    571.1    229.9   0.4941   0.3088   1.6000   1.3228 -1806.508
 21  11    571.0    230.0   0.4903   0.3065   1.6000   1.3127 -1805.093
 21  12    570.4    230.6   0.3489   0.2181   1.6000   0.9337 -1690.553
 21  13    569.9    231.1   0.3709   0.2318   1.6000   0.9924 -1707.149
 21  14    569.6    231.4   0.3816   0.2385   1.6000   1.0208 -1715.651
 21  15    569.7    231.3   0.3871   0.2420   1.6000   1.0356 -1721.787
 21  16    569.7    231.3   0.3867   0.2417   1.6000   1.0345 -1719.845
 21  17    569.7    231.3   0.3867   0.2417   1.6000   1.0345 -1719.845
 21  18    570.3    230.7   0.3853   0.2408   1.6000   1.0310 -1714.397
 21  19    569.4    231.6   0.3911   0.2444   1.6000   1.0461 -1720.017
 21  20    569.9    231.1   0.3086   0.1929   1.6000   0.8255 -1652.527
 22   1    569.9    231.1   0.4692   0.2932   1.6000   1.2552 -1794.322
 22   2    570.1    230.9   0.4436   0.2772   1.6000   1.1869 -1781.978
 22   3    570.4    230.6   0.5043   0.3152   1.6000   1.3497 -1822.623
 22   4    569.7    231.3   0.4761   0.2975   1.6000   1.2735 -1798.920
 22   5    571.1    229.9   0.5114   0.3197   1.6000   1.3692 -1825.610
 22   6    571.1    229.9   0.5114   0.3197   1.6000   1.3692 -1825.610
 22   7    571.3    229.7   0.4805   0.3003   1.6000   1.2864 -1811.508
 22   8    571.3    229.7   0.4805   0.3003   1.6000   1.2864 -1811.508
 22   9    571.1    229.9   0.4923   0.3077   1.6000   1.3180 -1826.117
 22  10    570.6    230.4   0.4930   0.3081   1.6000   1.3194 -1818.803
 22  11    570.6    230.4   0.4840   0.3025   1.6000   1.2953 -1815.919
 22  12    570.0    231.0   0.3454   0.2159   1.6000   0.9240 -1697.707
 22  13    569.4    231.6   0.3528   0.2205   1.6000   0.9437 -1708.352
 22  14    569.2    231.8   0.3548   0.2217   1.6000   0.9489 -1705.975
 22  15    569.2    231.8   0.3626   0.2266   1.6000   0.9697 -1713.802
 22  16    569.3    231.7   0.3576   0.2235   1.6000   0.9563 -1709.163
 22  17    569.3    231.7   0.3576   0.2235   1.6000   0.9563 -1709.163
 22  18    569.9    231.1   0.3377   0.2111   1.6000   0.9036 -1687.686
 22  19    568.9    232.1   0.3384   0.2115   1.6000   0.9050 -1685.538
 22  20    569.4    231.6   0.3564   0.2227   1.6000   0.9531 -1704.450
 22  21    569.8    231.2   0.2829   0.1768   1.6000   0.7570 -1631.885
 23   1    569.8    231.2   0.4793   0.2995   1.6000   1.2822 -1798.012
 23   2    570.1    230.9   0.4421   0.2763   1.6000   1.1830 -1777.946
 23   3    570.3    230.7   0.4810   0.3006   1.6000   1.2871 -1809.138
 23   4    569.7    231.3   0.4784   0.2990   1.6000   1.2796 -1799.385
 23   5    571.0    230.0   0.5145   0.3216   1.6000   1.3774 -1827.278
 23   6    571.0    230.0   0.5145   0.3216   1.6000   1.3774 -1827.278
 23   7    571.2    229.8   0.4929   0.3081   1.6000   1.3196 -1821.384
 23   8    571.2    229.8   0.4929   0.3081   1.6000   1.3196 -1821.384
 23   9    571.0    230.0   0.4807   0.3005   1.6000   1.2869 -1818.795
 23  10    570.6    230.4   0.4894   0.3058   1.6000   1.3097 -1814.363
 23  11    570.5    230.5   0.4804   0.3003   1.6000   1.2857 -1811.449
 23  12    569.9    231.1   0.3353   0.2096   1.6000   0.8970 -1689.373
 23  13    569.3    231.7   0.3475   0.2172   1.6000   0.9295 -1701.971
 23  14    569.1    231.9   0.3538   0.2211   1.6000   0.9463 -1701.525
 23  15    569.2    231.8   0.3640   0.2275   1.6000   0.9735 -1711.181
 23  16    569.2    231.8   0.3590   0.2244   1.6000   0.9601 -1706.554
 23  17    569.2    231.8   0.3590   0.2244   1.6000   0.9601 -1706.554
 23  18    569.8    231.2   0.3370   0.2106   1.6000   0.9016 -1684.840
 23  19    568.8    232.2   0.3386   0.2116   1.6000   0.9053 -1684.209
 23  20    569.3    231.7   0.3558   0.2224   1.6000   0.9517 -1703.704
 23  21    569.7    231.3   0.2906   0.1816   1.6000   0.7774 -1636.336
 23  22    569.3    231.7   0.0167   0.0105   1.6000   0.0448 -1143.547
 24   1    569.4    231.6   0.4300   0.2687   1.6000   1.1501 -1775.959
 24   2    569.7    231.3   0.4916   0.3073   1.6000   1.3152 -1811.429
 24   3    569.9    231.1   0.4995   0.3122   1.6000   1.3363 -1818.899
 24   4    569.3    231.7   0.5106   0.3191   1.6000   1.3656 -1810.458
 24   5    570.6    230.4   0.4985   0.3116   1.6000   1.3343 -1814.418
 24   6    570.6    230.4   0.4985   0.3116   1.6000   1.3343 -1814.418
 24   7    570.8    230.2   0.4999   0.3124   1.6000   1.3381 -1815.666
 24   8    570.8    230.2   0.4999   0.3124   1.6000   1.3381 -1815.666
 24   9    570.7    230.3   0.4949   0.3093   1.6000   1.3245 -1813.297
 24  10    570.2    230.8   0.5020   0.3137   1.6000   1.3432 -1813.169
 24  11    570.2    230.8   0.5013   0.3133   1.6000   1.3414 -1813.364
 24  12    569.6    231.4   0.3878   0.2423   1.6000   1.0372 -1739.279
 24  13    569.0    232.0   0.3892   0.2432   1.6000   1.0407 -1744.454
 24  14    568.7    232.3   0.3784   0.2365   1.6000   1.0117 -1740.424
 24  15    568.8    232.2   0.3914   0.2447   1.6000   1.0467 -1746.819
 24  16    568.8    232.2   0.3862   0.2414   1.6000   1.0327 -1742.435
 24  17    568.8    232.2   0.3862   0.2414   1.6000   1.0327 -1742.435
 24  18    569.4    231.6   0.3569   0.2230   1.6000   0.9545 -1717.642
 24  19    568.5    232.5   0.3705   0.2316   1.6000   0.9906 -1725.403
 24  20    568.9    232.1   0.3314   0.2071   1.6000   0.8862 -1689.224
 24  21    569.3    231.7   0.3614   0.2259   1.6000   0.9665 -1696.047
 24  22    568.9    232.1   0.2821   0.1763   1.6000   0.7543 -1635.913
 24  23    568.8    232.2   0.2888   0.1805   1.6000   0.7723 -1643.829
 25   1    568.6    232.4   0.4372   0.2733   1.6000   1.1690 -1776.978
 25   2    568.9    232.1   0.4643   0.2902   1.6000   1.2417 -1792.215
 25   3    569.1    231.9   0.4741   0.2963   1.6000   1.2679 -1807.963
 25   4    568.5    232.5   0.4768   0.2980   1.6000   1.2747 -1795.921
 25   5    569.8    231.2   0.4767   0.2980   1.6000   1.2754 -1801.963
 25   6    569.8    231.2   0.4767   0.2980   1.6000   1.2754 -1801.963
 25   7    570.0    231.0   0.4700   0.2937   1.6000   1.2574 -1804.762
 25   8    570.0    231.0   0.4700   0.2937   1.6000   1.2574 -1804.762
 25   9    569.9    231.1   0.4669   0.2918   1.6000   1.2491 -1802.367
 25  10    569.4    231.6   0.4468   0.2793   1.6000   1.1951 -1789.936
 25  11    569.3    231.7   0.4413   0.2758   1.6000   1.1803 -1788.365
 25  12    568.8    232.2   0.4180   0.2612   1.6000   1.1176 -1750.049
 25  13    568.2    232.8   0.4211   0.2632   1.6000   1.1255 -1770.556
 25  14    567.9    233.1   0.4088   0.2555   1.6000   1.0927 -1764.671
 25  15    568.0    233.0   0.4117   0.2573   1.6000   1.1004 -1767.167
 25  16    568.0    233.0   0.4113   0.2571   1.6000   1.0993 -1765.329
 25  17    568.0    233.0   0.4113   0.2571   1.6000   1.0993 -1765.329
 25  18    568.6    232.4   0.4153   0.2595   1.6000   1.1102 -1755.655
 25  19    567.6    233.4   0.4054   0.2534   1.6000   1.0833 -1744.933
 25  20    568.1    232.9   0.3841   0.2401   1.6000   1.0266 -1722.758
 25  21    568.5    232.5   0.3327   0.2080   1.6000   0.8896 -1673.304
 25  22    568.0    233.0   0.2575   0.1610   1.6000   0.6884 -1616.066
 25  23    568.0    233.0   0.2681   0.1676   1.6000   0.7166 -1628.036
 25  24    567.6    233.4   0.2141   0.1338   1.6000   0.5721 -1544.022
 26   1    571.0    230.0   0.4369   0.2731   1.6000   1.1695 -1767.420
 26   2    571.2    229.8   0.4363   0.2727   1.6000   1.1682 -1769.737
 26   3    571.5    229.5   0.4959   0.3100   1.6000   1.3279 -1819.108
 26   4    570.8    230.2   0.4313   0.2695   1.6000   1.1544 -1760.569
 26   5    572.2    228.8   0.4667   0.2917   1.6000   1.2500 -1792.626
 26   6    572.2    228.8   0.4667   0.2917   1.6000   1.2500 -1792.626
 26   7    572.3    228.7   0.4469   0.2793   1.6000   1.1970 -1781.458
 26   8    572.3    228.7   0.4469   0.2793   1.6000   1.1970 -1781.458
 26   9    572.2    228.8   0.4654   0.2909   1.6000   1.2465 -1791.557
 26  10    571.7    229.3   0.4380   0.2737   1.6000   1.1728 -1768.232
 26  11    571.7    229.3   0.4298   0.2686   1.6000   1.1509 -1765.136
 26  12    571.1    229.9   0.3316   0.2073   1.6000   0.8877 -1690.040
 26  13    570.5    230.5   0.3814   0.2384   1.6000   1.0208 -1720.665
 26  14    570.3    230.7   0.3860   0.2412   1.6000   1.0329 -1724.100
 26  15    570.3    230.7   0.3813   0.2383   1.6000   1.0202 -1721.066
 26  16    570.4    230.6   0.3762   0.2351   1.6000   1.0067 -1716.473
 26  17    570.4    230.6   0.3762   0.2351   1.6000   1.0067 -1716.473
 26  18    570.9    230.1   0.3773   0.2358   1.6000   1.0101 -1715.128
 26  19    570.0    231.0   0.3636   0.2273   1.6000   0.9729 -1708.653
 26  20    570.5    230.5   0.3164   0.1977   1.6000   0.8466 -1658.279
 26  21    570.9    230.1   0.3113   0.1946   1.6000   0.8333 -1644.255
 26  22    570.4    230.6   0.3325   0.2078   1.6000   0.8898 -1670.716
 26  23    570.3    230.7   0.3471   0.2169   1.6000   0.9289 -1685.803
 26  24    569.9    231.1   0.3504   0.2190   1.6000   0.9376 -1690.400
 26  25    569.1    231.9   0.3519   0.2199   1.6000   0.9410 -1685.441
 27   1    571.0    230.0   0.4369   0.2731   1.6000   1.1695 -1767.420
 27   2    571.2    229.8   0.4363   0.2727   1.6000   1.1682 -1769.737
 27   3    571.5    229.5   0.4959   0.3100   1.6000   1.3279 -1819.108
 27   4    570.8    230.2   0.4313   0.2695   1.6000   1.1544 -1760.569
 27   5    572.2    228.8   0.4667   0.2917   1.6000   1.2500 -1792.626
 27   6    572.2    228.8   0.4667   0.2917   1.6000   1.2500 -1792.626
 27   7    572.3    228.7   0.4469   0.2793   1.6000   1.1970 -1781.458
 27   8    572.3    228.7   0.4469   0.2793   1.6000   1.1970 -1781.458
 27   9    572.2    228.8   0.4654   0.2909   1.6000   1.2465 -1791.557
 27  10    571.7    229.3   0.4380   0.2737   1.6000   1.1728 -1768.232
 27  11    571.7    229.3   0.4298   0.2686   1.6000   1.1509 -1765.136
 27  12    571.1    229.9   0.3316   0.2073   1.6000   0.8877 -1690.040
 27  13    570.5    230.5   0.3814   0.2384   1.6000   1.0208 -1720.665
 27  14    570.3    230.7   0.3860   0.2412   1.6000   1.0329 -1724.100
 27  15    570.3    230.7   0.3813   0.2383   1.6000   1.0202 -1721.066
 27  16    570.4    230.6   0.3762   0.2351   1.6000   1.0067 -1716.473
 27  17    570.4    230.6   0.3762   0.2351   1.6000   1.0067 -1716.473
 27  18    570.9    230.1   0.3773   0.2358   1.6000   1.0101 -1715.128
 27  19    570.0    231.0   0.3636   0.2273   1.6000   0.9729 -1708.653
 27  20    570.5    230.5   0.3164   0.1977   1.6000   0.8466 -1658.279
 27  21    570.9    230.1   0.3113   0.1946   1.6000   0.8333 -1644.255
 27  22    570.4    230.6   0.3325   0.2078   1.6000   0.8898 -1670.716
 27  23    570.3    230.7   0.3471   0.2169   1.6000   0.9289 -1685.803
 27  24    569.9    231.1   0.3504   0.2190   1.6000   0.9376 -1690.400
 27  25    569.1    231.9   0.3519   0.2199   1.6000   0.9410 -1685.441
 27  26    571.5    229.5   0.0000   0.0000   1.6000   0.0000 -1069.894
 28   1    570.9    230.1   0.4200   0.2625   1.6000   1.1244 -1751.044
 28   2    571.1    229.9   0.4179   0.2612   1.6000   1.1189 -1748.407
 28   3    571.4    229.6   0.4634   0.2896   1.6000   1.2408 -1777.750
 28   4    570.7    230.3   0.4482   0.2801   1.6000   1.1996 -1764.794
 28   5    572.0    229.0   0.4606   0.2879   1.6000   1.2338 -1782.296
 28   6    572.0    229.0   0.4606   0.2879   1.6000   1.2338 -1782.296
 28   7    572.2    228.8   0.4445   0.2778   1.6000   1.1907 -1772.188
 28   8    572.2    228.8   0.4445   0.2778   1.6000   1.1907 -1772.188
 28   9    572.0    229.0   0.4780   0.2988   1.6000   1.2803 -1789.836
 28  10    571.6    229.4   0.4436   0.2773   1.6000   1.1879 -1768.494
 28  11    571.5    229.5   0.4401   0.2750   1.6000   1.1784 -1766.963
 28  12    571.0    230.0   0.3791   0.2369   1.6000   1.0147 -1716.693
 28  13    570.4    230.6   0.3860   0.2412   1.6000   1.0329 -1725.481
 28  14    570.2    230.8   0.3927   0.2454   1.6000   1.0507 -1730.405
 28  15    570.2    230.8   0.3986   0.2491   1.6000   1.0665 -1735.639
 28  16    570.3    230.7   0.3981   0.2488   1.6000   1.0654 -1733.670
 28  17    570.3    230.7   0.3981   0.2488   1.6000   1.0654 -1733.670
 28  18    570.8    230.2   0.4072   0.2545   1.6000   1.0899 -1728.093
 28  19    569.9    231.1   0.3893   0.2433   1.6000   1.0415 -1718.761
 28  20    570.4    230.6   0.3823   0.2390   1.6000   1.0232 -1737.001
 28  21    570.7    230.3   0.3211   0.2007   1.6000   0.8594 -1660.816
 28  22    570.3    230.7   0.3542   0.2214   1.6000   0.9479 -1709.848
 28  23    570.2    230.8   0.3481   0.2175   1.6000   0.9314 -1706.209
 28  24    569.8    231.2   0.3759   0.2349   1.6000   1.0057 -1724.199
 28  25    569.0    232.0   0.3385   0.2115   1.6000   0.9051 -1685.160
 28  26    571.4    229.6   0.3138   0.1961   1.6000   0.8402 -1660.481
 28  27    571.4    229.6   0.3138   0.1961   1.6000   0.8402 -1660.481
 29   1    571.1    229.9   0.4212   0.2633   1.6000   1.1277 -1747.501
 29   2    571.4    229.6   0.4388   0.2742   1.6000   1.1748 -1766.537
 29   3    571.6    229.4   0.4478   0.2798   1.6000   1.1990 -1779.623
 29   4    571.0    230.0   0.4430   0.2769   1.6000   1.1860 -1764.308
 29   5    572.2    228.8   0.4351   0.2719   1.6000   1.1654 -1762.084
 29   6    572.2    228.8   0.4351   0.2719   1.6000   1.1654 -1762.084
 29   7    572.3    228.7   0.4522   0.2826   1.6000   1.2113 -1776.851
 29   8    572.3    228.7   0.4522   0.2826   1.6000   1.2113 -1776.851
 29   9    572.3    228.7   0.4461   0.2788   1.6000   1.1949 -1770.441
 29  10    571.8    229.2   0.4238   0.2649   1.6000   1.1350 -1759.716
 29  11    571.8    229.2   0.4253   0.2658   1.6000   1.1390 -1760.492
 29  12    571.3    229.7   0.3693   0.2308   1.6000   0.9887 -1705.781
 29  13    570.7    230.3   0.3629   0.2268   1.6000   0.9712 -1701.458
 29  14    570.4    230.6   0.3783   0.2364   1.6000   1.0124 -1718.141
 29  15    570.4    230.6   0.3727   0.2329   1.6000   0.9975 -1712.530
 29  16    570.5    230.5   0.3676   0.2298   1.6000   0.9838 -1707.795
 29  17    570.5    230.5   0.3676   0.2298   1.6000   0.9838 -1707.795
 29  18    571.1    229.9   0.3635   0.2272   1.6000   0.9731 -1699.835
 29  19    570.2    230.8   0.3664   0.2290   1.6000   0.9803 -1703.918
 29  20    570.6    230.4   0.3868   0.2417   1.6000   1.0351 -1724.873
 29  21    571.0    230.0   0.3171   0.1982   1.6000   0.8488 -1657.416
 29  22    570.5    230.5   0.3524   0.2203   1.6000   0.9432 -1700.298
 29  23    570.5    230.5   0.3492   0.2182   1.6000   0.9345 -1698.239
 29  24    570.1    230.9   0.3607   0.2255   1.6000   0.9652 -1700.844
 29  25    569.3    231.7   0.3348   0.2092   1.6000   0.8954 -1684.444
 29  26    571.6    229.4   0.3115   0.1947   1.6000   0.8342 -1647.066
 29  27    571.6    229.4   0.3115   0.1947   1.6000   0.8342 -1647.066
 29  28    571.5    229.5   0.2257   0.1411   1.6000   0.6044 -1549.996
 30   1    571.1    229.9   0.4212   0.2633   1.6000   1.1277 -1747.501
 30   2    571.4    229.6   0.4388   0.2742   1.6000   1.1748 -1766.537
 30   3    571.6    229.4   0.4478   0.2798   1.6000   1.1990 -1779.623
 30   4    571.0    230.0   0.4430   0.2769   1.6000   1.1860 -1764.308
 30   5    572.2    228.8   0.4351   0.2719   1.6000   1.1654 -1762.084
 30   6    572.2    228.8   0.4351   0.2719   1.6000   1.1654 -1762.084
 30   7    572.3    228.7   0.4522   0.2826   1.6000   1.2113 -1776.851
 30   8    572.3    228.7   0.4522   0.2826   1.6000   1.2113 -1776.851
 30   9    572.3    228.7   0.4461   0.2788   1.6000   1.1949 -1770.441
 30  10    571.8    229.2   0.4238   0.2649   1.6000   1.1350 -1759.716
 30  11    571.8    229.2   0.4253   0.2658   1.6000   1.1390 -1760.492
 30  12    571.3    229.7   0.3693   0.2308   1.6000   0.9887 -1705.781
 30  13    570.7    230.3   0.3629   0.2268   1.6000   0.9712 -1701.458
 30  14    570.4    230.6   0.3783   0.2364   1.6000   1.0124 -1718.141
 30  15    570.4    230.6   0.3727   0.2329   1.6000   0.9975 -1712.530
 30  16    570.5    230.5   0.3676   0.2298   1.6000   0.9838 -1707.795
 30  17    570.5    230.5   0.3676   0.2298   1.6000   0.9838 -1707.795
 30  18    571.1    229.9   0.3635   0.2272   1.6000   0.9731 -1699.835
 30  19    570.2    230.8   0.3664   0.2290   1.6000   0.9803 -1703.918
 30  20    570.6    230.4   0.3868   0.2417   1.6000   1.0351 -1724.873
 30  21    571.0    230.0   0.3171   0.1982   1.6000   0.8488 -1657.416
 30  22    570.5    230.5   0.3524   0.2203   1.6000   0.9432 -1700.298
 30  23    570.5    230.5   0.3492   0.2182   1.6000   0.9345 -1698.239
 30  24    570.1    230.9   0.3607   0.2255   1.6000   0.9652 -1700.844
 30  25    569.3    231.7   0.3348   0.2092   1.6000   0.8954 -1684.444
 30  26    571.6    229.4   0.3115   0.1947   1.6000   0.8342 -1647.066
 30  27    571.6    229.4   0.3115   0.1947   1.6000   0.8342 -1647.066
 30  28    571.5    229.5   0.2257   0.1411   1.6000   0.6044 -1549.996
 30  29    571.9    229.1   0.0000   0.0000   1.6000   0.0000 -1062.111
 31   1    570.4    230.6   0.4388   0.2743   1.6000   1.1743 -1753.943
 31   2    570.6    230.4   0.4360   0.2725   1.6000   1.1670 -1750.578
 31   3    570.9    230.1   0.4820   0.3013   1.6000   1.2903 -1789.736
 31   4    570.2    230.8   0.4753   0.2970   1.6000   1.2718 -1781.782
 31   5    571.5    229.5   0.4633   0.2895   1.6000   1.2405 -1776.724
 31   6    571.5    229.5   0.4633   0.2895   1.6000   1.2405 -1776.724
 31   7    571.6    229.4   0.4412   0.2757   1.6000   1.1814 -1765.204
 31   8    571.6    229.4   0.4412   0.2757   1.6000   1.1814 -1765.204
 31   9    571.5    229.5   0.4433   0.2771   1.6000   1.1870 -1768.389
 31  10    571.1    229.9   0.4632   0.2895   1.6000   1.2401 -1774.564
 31  11    571.0    230.0   0.4546   0.2841   1.6000   1.2170 -1771.456
 31  12    570.5    230.5   0.4101   0.2563   1.6000   1.0974 -1740.147
 31  13    569.9    231.1   0.4101   0.2563   1.6000   1.0973 -1728.426
 31  14    569.6    231.4   0.4172   0.2607   1.6000   1.1160 -1740.423
 31  15    569.7    231.3   0.4148   0.2592   1.6000   1.1096 -1739.555
 31  16    569.8    231.2   0.4143   0.2590   1.6000   1.1084 -1737.475
 31  17    569.8    231.2   0.4143   0.2590   1.6000   1.1084 -1737.475
 31  18    570.4    230.6   0.3665   0.2290   1.6000   0.9807 -1707.121
 31  19    569.4    231.6   0.3600   0.2250   1.6000   0.9629 -1693.572
 31  20    569.9    231.1   0.3692   0.2307   1.6000   0.9876 -1708.741
 31  21    570.2    230.8   0.3475   0.2172   1.6000   0.9300 -1678.722
 31  22    569.8    231.2   0.3758   0.2349   1.6000   1.0055 -1724.987
 31  23    569.7    231.3   0.3815   0.2384   1.6000   1.0205 -1729.055
 31  24    569.4    231.6   0.3871   0.2419   1.6000   1.0353 -1727.235
 31  25    568.6    232.4   0.3691   0.2307   1.6000   0.9867 -1717.997
 31  26    570.9    230.1   0.3445   0.2153   1.6000   0.9223 -1681.433
 31  27    570.9    230.1   0.3445   0.2153   1.6000   0.9223 -1681.433
 31  28    570.8    230.2   0.2588   0.1618   1.6000   0.6928 -1580.955
 31  29    571.2    229.8   0.2628   0.1642   1.6000   0.7035 -1578.150
 31  30    571.2    229.8   0.2628   0.1642   1.6000   0.7035 -1578.150
 32   1    570.7    230.3   0.4170   0.2606   1.6000   1.1161 -1751.233
 32   2    570.9    230.1   0.4277   0.2673   1.6000   1.1448 -1761.558
 32   3    571.2    229.8   0.4839   0.3024   1.6000   1.2955 -1795.844
 32   4    570.5    230.5   0.4462   0.2789   1.6000   1.1941 -1768.242
 32   5    571.8    229.2   0.4691   0.2932   1.6000   1.2564 -1787.337
 32   6    571.8    229.2   0.4691   0.2932   1.6000   1.2564 -1787.337
 32   7    572.0    229.0   0.4622   0.2889   1.6000   1.2379 -1784.897
 32   8    572.0    229.0   0.4622   0.2889   1.6000   1.2379 -1784.897
 32   9    571.8    229.2   0.4493   0.2808   1.6000   1.2033 -1779.343
 32  10    571.4    229.6   0.4408   0.2755   1.6000   1.1803 -1766.774
 32  11    571.3    229.7   0.4325   0.2703   1.6000   1.1581 -1763.517
 32  12    570.8    230.2   0.3972   0.2483   1.6000   1.0633 -1725.225
 32  13    570.2    230.8   0.3901   0.2438   1.6000   1.0439 -1716.271
 32  14    569.9    231.1   0.3874   0.2421   1.6000   1.0366 -1719.651
 32  15    570.0    231.0   0.3771   0.2357   1.6000   1.0090 -1711.846
 32  16    570.0    231.0   0.3720   0.2325   1.6000   0.9954 -1707.128
 32  17    570.0    231.0   0.3720   0.2325   1.6000   0.9954 -1707.128
 32  18    570.7    230.3   0.3705   0.2315   1.6000   0.9915 -1703.379
 32  19    569.7    231.3   0.3753   0.2346   1.6000   1.0041 -1708.159
 32  20    570.2    230.8   0.3613   0.2258   1.6000   0.9669 -1704.742
 32  21    570.5    230.5   0.3039   0.1899   1.6000   0.8134 -1642.855
 32  22    570.1    230.9   0.3406   0.2129   1.6000   0.9114 -1700.051
 32  23    570.0    231.0   0.3529   0.2206   1.6000   0.9443 -1709.410
 32  24    569.7    231.3   0.3668   0.2292   1.6000   0.9811 -1717.787
 32  25    568.9    232.1   0.3553   0.2221   1.6000   0.9502 -1714.771
 32  26    571.2    229.8   0.2682   0.1676   1.6000   0.7180 -1609.415
 32  27    571.2    229.8   0.2682   0.1676   1.6000   0.7180 -1609.415
 32  28    571.1    229.9   0.2304   0.1440   1.6000   0.6168 -1552.556
 32  29    571.4    229.6   0.2385   0.1491   1.6000   0.6387 -1557.337
 32  30    571.4    229.6   0.2385   0.1491   1.6000   0.6387 -1557.337
 32  31    570.6    230.4   0.2013   0.1258   1.6000   0.5387 -1506.746
 33   1    572.1    228.9   0.4402   0.2751   1.6000   1.1791 -1765.425
 33   2    572.3    228.7   0.4588   0.2868   1.6000   1.2291 -1773.955
 33   3    572.6    228.4   0.4900   0.3062   1.6000   1.3128 -1811.273
 33   4    571.9    229.1   0.4566   0.2854   1.6000   1.2230 -1781.237
 33   5    573.3    227.7   0.4617   0.2886   1.6000   1.2375 -1786.082
 33   6    573.3    227.7   0.4617   0.2886   1.6000   1.2375 -1786.082
 33   7    573.5    227.5   0.4617   0.2885   1.6000   1.2375 -1790.603
 33   8    573.5    227.5   0.4617   0.2885   1.6000   1.2375 -1790.603
 33   9    573.3    227.7   0.4669   0.2918   1.6000   1.2513 -1800.796
 33  10    572.8    228.2   0.4549   0.2843   1.6000   1.2189 -1788.369
 33  11    572.8    228.2   0.4466   0.2791   1.6000   1.1966 -1785.804
 33  12    572.1    228.9   0.3495   0.2184   1.6000   0.9362 -1691.339
 33  13    571.6    229.4   0.3640   0.2275   1.6000   0.9748 -1708.036
 33  14    571.4    229.6   0.3677   0.2298   1.6000   0.9845 -1712.307
 33  15    571.4    229.6   0.3722   0.2326   1.6000   0.9965 -1713.698
 33  16    571.5    229.5   0.3670   0.2294   1.6000   0.9827 -1709.065
 33  17    571.5    229.5   0.3670   0.2294   1.6000   0.9827 -1709.065
 33  18    572.1    228.9   0.3458   0.2161   1.6000   0.9261 -1686.418
 33  19    571.1    229.9   0.3390   0.2119   1.6000   0.9075 -1676.480
 33  20    571.6    229.4   0.3548   0.2218   1.6000   0.9501 -1686.864
 33  21    572.0    229.0   0.3123   0.1952   1.6000   0.8365 -1651.419
 33  22    571.5    229.5   0.3023   0.1889   1.6000   0.8094 -1641.311
 33  23    571.5    229.5   0.3101   0.1938   1.6000   0.8302 -1645.944
 33  24    571.1    229.9   0.3423   0.2140   1.6000   0.9165 -1690.570
 33  25    570.3    230.7   0.3294   0.2059   1.6000   0.8814 -1676.875
 33  26    572.6    228.4   0.2908   0.1817   1.6000   0.7790 -1617.075
 33  27    572.6    228.4   0.2908   0.1817   1.6000   0.7790 -1617.075
 33  28    572.4    228.6   0.3156   0.1973   1.6000   0.8455 -1654.234
 33  29    572.6    228.4   0.2920   0.1825   1.6000   0.7823 -1616.539
 33  30    572.6    228.4   0.2920   0.1825   1.6000   0.7823 -1616.539
 33  31    571.9    229.1   0.3187   0.1992   1.6000   0.8534 -1646.883
 33  32    572.2    228.8   0.2780   0.1737   1.6000   0.7446 -1607.258
 34   1    572.1    228.9   0.4402   0.2751   1.6000   1.1791 -1765.425
 34   2    572.3    228.7   0.4588   0.2868   1.6000   1.2291 -1773.955
 34   3    572.6    228.4   0.4900   0.3062   1.6000   1.3128 -1811.273
 34   4    571.9    229.1   0.4566   0.2854   1.6000   1.2230 -1781.237
 34   5    573.3    227.7   0.4617   0.2886   1.6000   1.2375 -1786.082
 34   6    573.3    227.7   0.4617   0.2886   1.6000   1.2375 -1786.082
 34   7    573.5    227.5   0.4617   0.2885   1.6000   1.2375 -1790.603
 34   8    573.5    227.5   0.4617   0.2885   1.6000   1.2375 -1790.603
 34   9    573.3    227.7   0.4669   0.2918   1.6000   1.2513 -1800.796
 34  10    572.8    228.2   0.4549   0.2843   1.6000   1.2189 -1788.369
 34  11    572.8    228.2   0.4466   0.2791   1.6000   1.1966 -1785.804
 34  12    572.1    228.9   0.3495   0.2184   1.6000   0.9362 -1691.339
 34  13    571.6    229.4   0.3640   0.2275   1.6000   0.9748 -1708.036
 34  14    571.4    229.6   0.3677   0.2298   1.6000   0.9845 -1712.307
 34  15    571.4    229.6   0.3722   0.2326   1.6000   0.9965 -1713.698
 34  16    571.5    229.5   0.3670   0.2294   1.6000   0.9827 -1709.065
 34  17    571.5    229.5   0.3670   0.2294   1.6000   0.9827 -1709.065
 34  18    572.1    228.9   0.3458   0.2161   1.6000   0.9261 -1686.418
 34  19    571.1    229.9   0.3390   0.2119   1.6000   0.9075 -1676.480
 34  20    571.6    229.4   0.3548   0.2218   1.6000   0.9501 -1686.864
 34  21    572.0    229.0   0.3123   0.1952   1.6000   0.8365 -1651.419
 34  22    571.5    229.5   0.3023   0.1889   1.6000   0.8094 -1641.311
 34  23    571.5    229.5   0.3101   0.1938   1.6000   0.8302 -1645.944
 34  24    571.1    229.9   0.3423   0.2140   1.6000   0.9165 -1690.570
 34  25    570.3    230.7   0.3294   0.2059   1.6000   0.8814 -1676.875
 34  26    572.6    228.4   0.2908   0.1817   1.6000   0.7790 -1617.075
 34  27    572.6    228.4   0.2908   0.1817   1.6000   0.7790 -1617.075
 34  28    572.4    228.6   0.3156   0.1973   1.6000   0.8455 -1654.234
 34  29    572.6    228.4   0.2920   0.1825   1.6000   0.7823 -1616.539
 34  30    572.6    228.4   0.2920   0.1825   1.6000   0.7823 -1616.539
 34  31    571.9    229.1   0.3187   0.1992   1.6000   0.8534 -1646.883
 34  32    572.2    228.8   0.2780   0.1737   1.6000   0.7446 -1607.258
 34  33    573.7    227.3   0.0000   0.0000   1.6000   0.0000 -1065.968
 35   1    569.2    231.8   0.4284   0.2678   1.6000   1.1458 -1763.177
 35   2    569.5    231.5   0.4331   0.2707   1.6000   1.1586 -1773.493
 35   3    569.7    231.3   0.4855   0.3034   1.6000   1.2988 -1808.613
 35   4    569.1    231.9   0.4561   0.2851   1.6000   1.2198 -1789.746
 35   5    570.4    230.6   0.4564   0.2852   1.6000   1.2214 -1792.451
 35   6    570.4    230.6   0.4564   0.2852   1.6000   1.2214 -1792.451
 35   7    570.5    230.5   0.4382   0.2739   1.6000   1.1728 -1777.045
 35   8    570.5    230.5   0.4382   0.2739   1.6000   1.1728 -1777.045
 35   9    570.4    230.6   0.4536   0.2835   1.6000   1.2138 -1794.037
 35  10    570.0    231.0   0.4230   0.2644   1.6000   1.1318 -1771.635
 35  11    569.9    231.1   0.4250   0.2656   1.6000   1.1369 -1772.962
 35  12    569.3    231.7   0.3721   0.2326   1.6000   0.9953 -1711.801
 35  13    568.7    232.3   0.3398   0.2124   1.6000   0.9086 -1685.664
 35  14    568.5    232.5   0.3405   0.2128   1.6000   0.9104 -1688.103
 35  15    568.5    232.5   0.3468   0.2168   1.6000   0.9273 -1690.637
 35  16    568.6    232.4   0.3419   0.2137   1.6000   0.9142 -1685.848
 35  17    568.6    232.4   0.3419   0.2137   1.6000   0.9142 -1685.848
 35  18    569.2    231.8   0.3330   0.2081   1.6000   0.8905 -1689.436
 35  19    568.2    232.8   0.3671   0.2294   1.6000   0.9812 -1705.735
 35  20    568.7    232.3   0.3273   0.2046   1.6000   0.8751 -1674.388
 35  21    569.1    231.9   0.3044   0.1902   1.6000   0.8140 -1643.509
 35  22    568.6    232.4   0.2965   0.1853   1.6000   0.7927 -1655.246
 35  23    568.6    232.4   0.2960   0.1850   1.6000   0.7914 -1655.065
 35  24    568.2    232.8   0.3132   0.1958   1.6000   0.8373 -1672.413
 35  25    567.4    233.6   0.3435   0.2147   1.6000   0.9178 -1698.341
 35  26    569.7    231.3   0.3138   0.1961   1.6000   0.8394 -1655.836
 35  27    569.7    231.3   0.3138   0.1961   1.6000   0.8394 -1655.836
 35  28    569.6    231.4   0.3326   0.2079   1.6000   0.8898 -1684.123
 35  29    569.9    231.1   0.3610   0.2256   1.6000   0.9657 -1707.319
 35  30    569.9    231.1   0.3610   0.2256   1.6000   0.9657 -1707.319
 35  31    569.2    231.8   0.3543   0.2215   1.6000   0.9477 -1690.819
 35  32    569.5    231.5   0.3405   0.2128   1.6000   0.9107 -1679.250
 35  33    570.8    230.2   0.3184   0.1990   1.6000   0.8522 -1654.006
 35  34    570.8    230.2   0.3184   0.1990   1.6000   0.8522 -1654.006
 36   1    570.0    231.0   0.4358   0.2724   1.6000   1.1660 -1770.108
 36   2    570.3    230.7   0.4341   0.2713   1.6000   1.1616 -1767.979
 36   3    570.5    230.5   0.5164   0.3227   1.6000   1.3819 -1817.311
 36   4    569.8    231.2   0.4869   0.3043   1.6000   1.3026 -1798.688
 36   5    571.2    229.8   0.4944   0.3090   1.6000   1.3236 -1803.871
 36   6    571.2    229.8   0.4944   0.3090   1.6000   1.3236 -1803.871
 36   7    571.4    229.6   0.4885   0.3053   1.6000   1.3081 -1805.754
 36   8    571.4    229.6   0.4885   0.3053   1.6000   1.3081 -1805.754
 36   9    571.2    229.8   0.4818   0.3011   1.6000   1.2900 -1803.477
 36  10    570.7    230.3   0.4938   0.3086   1.6000   1.3218 -1798.087
 36  11    570.7    230.3   0.4853   0.3033   1.6000   1.2989 -1795.671
 36  12    570.1    230.9   0.3598   0.2249   1.6000   0.9628 -1692.387
 36  13    569.5    231.5   0.3746   0.2341   1.6000   1.0020 -1708.176
 36  14    569.3    231.7   0.3882   0.2426   1.6000   1.0384 -1721.828
 36  15    569.3    231.7   0.3892   0.2432   1.6000   1.0409 -1724.925
 36  16    569.4    231.6   0.3839   0.2400   1.6000   1.0269 -1720.387
 36  17    569.4    231.6   0.3839   0.2400   1.6000   1.0269 -1720.387
 36  18    570.0    231.0   0.3604   0.2253   1.6000   0.9643 -1707.264
 36  19    569.0    232.0   0.3519   0.2200   1.6000   0.9411 -1685.378
 36  20    569.5    231.5   0.3199   0.1999   1.6000   0.8556 -1662.634
 36  21    569.9    231.1   0.3017   0.1885   1.6000   0.8071 -1634.882
 36  22    569.4    231.6   0.3391   0.2120   1.6000   0.9071 -1686.892
 36  23    569.4    231.6   0.3465   0.2166   1.6000   0.9268 -1693.220
 36  24    569.0    232.0   0.3412   0.2132   1.6000   0.9124 -1685.482
 36  25    568.2    232.8   0.3563   0.2227   1.6000   0.9525 -1689.001
 36  26    570.5    230.5   0.3195   0.1997   1.6000   0.8550 -1660.504
 36  27    570.5    230.5   0.3195   0.1997   1.6000   0.8550 -1660.504
 36  28    570.4    230.6   0.3390   0.2119   1.6000   0.9073 -1669.849
 36  29    570.7    230.3   0.3599   0.2250   1.6000   0.9633 -1683.833
 36  30    570.7    230.3   0.3599   0.2250   1.6000   0.9633 -1683.833
 36  31    569.9    231.1   0.3287   0.2054   1.6000   0.8794 -1661.901
 36  32    570.2    230.8   0.3141   0.1963   1.6000   0.8404 -1651.440
 36  33    571.6    229.4   0.3048   0.1905   1.6000   0.8161 -1645.454
 36  34    571.6    229.4   0.3048   0.1905   1.6000   0.8161 -1645.454
 36  35    568.8    232.2   0.2599   0.1624   1.6000   0.6949 -1593.300
 37   1    569.0    232.0   0.4407   0.2754   1.6000   1.1785 -1776.068
 37   2    569.2    231.8   0.4640   0.2900   1.6000   1.2409 -1790.379
 37   3    569.5    231.5   0.5195   0.3247   1.6000   1.3896 -1827.370
 37   4    568.8    232.2   0.4693   0.2933   1.6000   1.2549 -1792.033
 37   5    570.2    230.8   0.4866   0.3041   1.6000   1.3021 -1805.280
 37   6    570.2    230.8   0.4866   0.3041   1.6000   1.3021 -1805.280
 37   7    570.3    230.7   0.4741   0.2963   1.6000   1.2688 -1806.141
 37   8    570.3    230.7   0.4741   0.2963   1.6000   1.2688 -1806.141
 37   9    570.2    230.8   0.4623   0.2889   1.6000   1.2371 -1795.821
 37  10    569.7    231.3   0.4776   0.2985   1.6000   1.2778 -1798.888
 37  11    569.6    231.4   0.4741   0.2963   1.6000   1.2682 -1797.587
 37  12    569.0    232.0   0.3497   0.2186   1.6000   0.9351 -1684.026
 37  13    568.5    232.5   0.3449   0.2155   1.6000   0.9219 -1693.597
 37  14    568.2    232.8   0.3494   0.2184   1.6000   0.9339 -1703.721
 37  15    568.3    232.7   0.3490   0.2181   1.6000   0.9330 -1703.037
 37  16    568.3    232.7   0.3441   0.2150   1.6000   0.9198 -1698.317
 37  17    568.3    232.7   0.3441   0.2150   1.6000   0.9198 -1698.317
 37  18    568.9    232.1   0.3559   0.2224   1.6000   0.9517 -1703.479
 37  19    568.0    233.0   0.3483   0.2177   1.6000   0.9309 -1693.222
 37  20    568.5    232.5   0.3524   0.2203   1.6000   0.9422 -1686.748
 37  21    568.8    232.2   0.2868   0.1793   1.6000   0.7670 -1622.180
 37  22    568.4    232.6   0.2965   0.1853   1.6000   0.7926 -1661.816
 37  23    568.3    232.7   0.3037   0.1898   1.6000   0.8118 -1669.684
 37  24    568.0    233.0   0.3530   0.2206   1.6000   0.9435 -1690.987
 37  25    567.1    233.9   0.3311   0.2069   1.6000   0.8846 -1678.205
 37  26    569.5    231.5   0.3012   0.1882   1.6000   0.8056 -1645.223
 37  27    569.5    231.5   0.3012   0.1882   1.6000   0.8056 -1645.223
 37  28    569.4    231.6   0.3541   0.2213   1.6000   0.9472 -1694.652
 37  29    569.7    231.3   0.3340   0.2088   1.6000   0.8936 -1671.957
 37  30    569.7    231.3   0.3340   0.2088   1.6000   0.8936 -1671.957
 37  31    568.9    232.1   0.3514   0.2196   1.6000   0.9397 -1690.456
 37  32    569.2    231.8   0.3195   0.1997   1.6000   0.8546 -1662.969
 37  33    570.6    230.4   0.3248   0.2030   1.6000   0.8693 -1659.959
 37  34    570.6    230.4   0.3248   0.2030   1.6000   0.8693 -1659.959
 37  35    567.7    233.3   0.2601   0.1626   1.6000   0.6951 -1582.762
 37  36    568.5    232.5   0.1684   0.1052   1.6000   0.4501 -1460.358
 38   1    569.0    232.0   0.3999   0.2500   1.6000   1.0695 -1748.755
 38   2    569.2    231.8   0.4683   0.2927   1.6000   1.2525 -1797.885
 38   3    569.5    231.5   0.5068   0.3168   1.6000   1.3557 -1813.200
 38   4    568.8    232.2   0.4796   0.2998   1.6000   1.2824 -1797.256
 38   5    570.2    230.8   0.4732   0.2957   1.6000   1.2661 -1797.787
 38   6    570.2    230.8   0.4732   0.2957   1.6000   1.2661 -1797.787
 38   7    570.4    230.6   0.4683   0.2927   1.6000   1.2531 -1800.279
 38   8    570.4    230.6   0.4683   0.2927   1.6000   1.2531 -1800.279
 38   9    570.2    230.8   0.4695   0.2935   1.6000   1.2564 -1799.900
 38  10    569.7    231.3   0.4607   0.2879   1.6000   1.2325 -1787.735
 38  11    569.7    231.3   0.4523   0.2827   1.6000   1.2101 -1784.693
 38  12    569.1    231.9   0.3729   0.2330   1.6000   0.9971 -1700.712
 38  13    568.5    232.5   0.3804   0.2377   1.6000   1.0169 -1721.831
 38  14    568.3    232.7   0.3818   0.2387   1.6000   1.0207 -1725.649
 38  15    568.3    232.7   0.3791   0.2369   1.6000   1.0134 -1723.796
 38  16    568.4    232.6   0.3740   0.2337   1.6000   0.9997 -1719.295
 38  17    568.4    232.6   0.3740   0.2337   1.6000   0.9997 -1719.295
 38  18    569.0    232.0   0.3536   0.2210   1.6000   0.9457 -1705.071
 38  19    568.0    233.0   0.3419   0.2137   1.6000   0.9137 -1686.909
 38  20    568.5    232.5   0.3506   0.2191   1.6000   0.9373 -1688.665
 38  21    568.9    232.1   0.3090   0.1931   1.6000   0.8262 -1652.448
 38  22    568.4    232.6   0.3179   0.1987   1.6000   0.8497 -1671.664
 38  23    568.4    232.6   0.3207   0.2004   1.6000   0.8573 -1674.366
 38  24    568.0    233.0   0.3447   0.2154   1.6000   0.9212 -1689.983
 38  25    567.2    233.8   0.3310   0.2068   1.6000   0.8842 -1682.851
 38  26    569.5    231.5   0.3000   0.1875   1.6000   0.8025 -1647.170
 38  27    569.5    231.5   0.3000   0.1875   1.6000   0.8025 -1647.170
 38  28    569.4    231.6   0.3405   0.2128   1.6000   0.9107 -1684.856
 38  29    569.7    231.3   0.3657   0.2286   1.6000   0.9782 -1698.265
 38  30    569.7    231.3   0.3657   0.2286   1.6000   0.9782 -1698.265
 38  31    568.9    232.1   0.3276   0.2047   1.6000   0.8759 -1671.884
 38  32    569.2    231.8   0.3255   0.2034   1.6000   0.8705 -1667.297
 38  33    570.6    230.4   0.3137   0.1960   1.6000   0.8395 -1653.911
 38  34    570.6    230.4   0.3137   0.1960   1.6000   0.8395 -1653.911
 38  35    567.7    233.3   0.2484   0.1552   1.6000   0.6637 -1575.025
 38  36    568.5    232.5   0.1549   0.0968   1.6000   0.4140 -1446.595
 38  37    567.5    233.5   0.1235   0.0772   1.6000   0.3299 -1383.663

