Supplemental results for CODEML (seqf: /gpfs/scratch/cltucker/EBH381-Group-Project/SIV_aligned_ENV.fas  treef: )


pairwise comparison (Goldman & Yang 1994)
seq seq        N       S       dN       dS     dN/dS   Paras.
  2   1    934.6    304.4   0.4938   0.2469   2.0000   1.2994 -2863.715
  3   1    928.9    310.1   0.4493   0.2246   2.0000   1.1792 -2830.518
  3   2    930.6    308.4   0.3364   0.1682   2.0000   0.8835 -2663.420
  4   1    931.3    307.7   0.4272   0.2136   2.0000   1.1225 -2787.779
  4   2    933.0    306.0   0.3611   0.1806   2.0000   0.9496 -2702.400
  4   3    927.3    311.7   0.2708   0.1354   2.0000   0.7102 -2567.305
  5   1    932.5    306.5   0.4186   0.2093   2.0000   1.1004 -2783.791
  5   2    934.2    304.8   0.3192   0.1596   2.0000   0.8397 -2636.448
  5   3    928.5    310.5   0.2656   0.1328   2.0000   0.6970 -2547.992
  5   4    931.0    308.0   0.2604   0.1302   2.0000   0.6840 -2536.429
  6   1    932.5    306.5   0.4186   0.2093   2.0000   1.1004 -2783.791
  6   2    934.2    304.8   0.3192   0.1596   2.0000   0.8397 -2636.448
  6   3    928.5    310.5   0.2656   0.1328   2.0000   0.6970 -2547.992
  6   4    931.0    308.0   0.2604   0.1302   2.0000   0.6840 -2536.429
  6   5    932.3    306.7   0.0000   0.0000   2.0000   0.0000 -1656.103
  7   1    931.8    307.2   0.4086   0.2043   2.0000   1.0738 -2769.264
  7   2    933.6    305.4   0.3303   0.1652   2.0000   0.8689 -2662.645
  7   3    927.9    311.1   0.2730   0.1365   2.0000   0.7162 -2558.295
  7   4    930.3    308.7   0.2601   0.1300   2.0000   0.6831 -2540.741
  7   5    931.6    307.4   0.0968   0.0484   2.0000   0.2543 -2107.498
  7   6    931.6    307.4   0.0968   0.0484   2.0000   0.2543 -2107.498
  8   1    931.8    307.2   0.4086   0.2043   2.0000   1.0738 -2769.264
  8   2    933.6    305.4   0.3303   0.1652   2.0000   0.8689 -2662.645
  8   3    927.9    311.1   0.2730   0.1365   2.0000   0.7162 -2558.295
  8   4    930.3    308.7   0.2601   0.1300   2.0000   0.6831 -2540.741
  8   5    931.6    307.4   0.0968   0.0484   2.0000   0.2543 -2107.498
  8   6    931.6    307.4   0.0968   0.0484   2.0000   0.2543 -2107.498
  8   7    931.0    308.0   0.0000   0.0000   2.0000   0.0000 -1658.131
  9   1    931.1    307.9   0.4096   0.2048   2.0000   1.0762 -2766.080
  9   2    932.8    306.2   0.3430   0.1715   2.0000   0.9019 -2691.836
  9   3    927.1    311.9   0.2723   0.1361   2.0000   0.7141 -2574.761
  9   4    929.5    309.5   0.2432   0.1216   2.0000   0.6385 -2521.429
  9   5    930.8    308.2   0.1724   0.0862   2.0000   0.4528 -2331.628
  9   6    930.8    308.2   0.1724   0.0862   2.0000   0.4528 -2331.628
  9   7    930.2    308.8   0.1721   0.0861   2.0000   0.4520 -2337.827
  9   8    930.2    308.8   0.1721   0.0861   2.0000   0.4520 -2337.827
 10   1    930.6    308.4   0.4225   0.2113   2.0000   1.1098 -2784.689
 10   2    932.4    306.6   0.3406   0.1703   2.0000   0.8955 -2683.826
 10   3    926.6    312.4   0.2710   0.1355   2.0000   0.7105 -2568.773
 10   4    929.1    309.9   0.2663   0.1332   2.0000   0.6990 -2554.190
 10   5    930.3    308.7   0.1694   0.0847   2.0000   0.4450 -2323.882
 10   6    930.3    308.7   0.1694   0.0847   2.0000   0.4450 -2323.882
 10   7    929.7    309.3   0.1716   0.0858   2.0000   0.4506 -2338.721
 10   8    929.7    309.3   0.1716   0.0858   2.0000   0.4506 -2338.721
 10   9    928.9    310.1   0.1683   0.0841   2.0000   0.4417 -2327.601
 11   1    930.6    308.4   0.4225   0.2113   2.0000   1.1099 -2785.359
 11   2    932.4    306.6   0.3407   0.1703   2.0000   0.8955 -2684.505
 11   3    926.6    312.4   0.2685   0.1342   2.0000   0.7039 -2564.148
 11   4    929.1    309.9   0.2663   0.1332   2.0000   0.6990 -2554.869
 11   5    930.3    308.7   0.1694   0.0847   2.0000   0.4450 -2324.568
 11   6    930.3    308.7   0.1694   0.0847   2.0000   0.4450 -2324.568
 11   7    929.7    309.3   0.1716   0.0858   2.0000   0.4506 -2339.406
 11   8    929.7    309.3   0.1716   0.0858   2.0000   0.4506 -2339.406
 11   9    928.9    310.1   0.1683   0.0841   2.0000   0.4417 -2328.285
 11  10    928.4    310.6   0.0018   0.0009   2.0000   0.0047 -1678.772
 12   1    929.9    309.1   0.5545   0.2773   2.0000   1.4561 -2931.988
 12   2    931.4    307.6   0.6135   0.3067   2.0000   1.6120 -2970.177
 12   3    925.9    313.1   0.5999   0.3000   2.0000   1.5723 -2974.409
 12   4    928.2    310.8   0.5864   0.2932   2.0000   1.5386 -2962.669
 12   5    929.4    309.6   0.5711   0.2856   2.0000   1.4993 -2948.852
 12   6    929.4    309.6   0.5711   0.2856   2.0000   1.4993 -2948.852
 12   7    928.7    310.3   0.5928   0.2964   2.0000   1.5556 -2967.820
 12   8    928.7    310.3   0.5928   0.2964   2.0000   1.5556 -2967.820
 12   9    928.0    311.0   0.5628   0.2814   2.0000   1.4766 -2945.712
 12  10    927.6    311.4   0.5610   0.2805   2.0000   1.4715 -2950.250
 12  11    927.6    311.4   0.5592   0.2796   2.0000   1.4667 -2949.168
 13   1    925.5    313.5   0.5618   0.2809   2.0000   1.4722 -2945.453
 13   2    926.9    312.1   0.6090   0.3045   2.0000   1.5968 -2973.857
 13   3    921.4    317.6   0.5938   0.2969   2.0000   1.5532 -2988.980
 13   4    923.7    315.3   0.5927   0.2964   2.0000   1.5519 -2977.362
 13   5    924.8    314.2   0.5645   0.2823   2.0000   1.4788 -2951.860
 13   6    924.8    314.2   0.5645   0.2823   2.0000   1.4788 -2951.860
 13   7    924.1    314.9   0.5949   0.2974   2.0000   1.5578 -2975.339
 13   8    924.1    314.9   0.5949   0.2974   2.0000   1.5578 -2975.339
 13   9    923.5    315.5   0.5631   0.2815   2.0000   1.4742 -2956.036
 13  10    923.0    316.0   0.5553   0.2777   2.0000   1.4535 -2942.260
 13  11    923.0    316.0   0.5535   0.2768   2.0000   1.4489 -2941.165
 13  12    922.2    316.8   0.3226   0.1613   2.0000   0.8440 -2668.896
 14   1    927.2    311.8   0.5500   0.2750   2.0000   1.4424 -2932.861
 14   2    928.7    310.3   0.6145   0.3073   2.0000   1.6127 -2977.406
 14   3    923.1    315.9   0.5953   0.2977   2.0000   1.5584 -2989.319
 14   4    925.5    313.5   0.5973   0.2987   2.0000   1.5653 -2974.935
 14   5    926.6    312.4   0.5643   0.2821   2.0000   1.4794 -2948.657
 14   6    926.6    312.4   0.5643   0.2821   2.0000   1.4794 -2948.657
 14   7    926.0    313.0   0.5982   0.2991   2.0000   1.5680 -2975.408
 14   8    926.0    313.0   0.5982   0.2991   2.0000   1.5680 -2975.408
 14   9    925.3    313.7   0.5626   0.2813   2.0000   1.4741 -2952.143
 14  10    924.8    314.2   0.5604   0.2802   2.0000   1.4680 -2943.262
 14  11    924.8    314.2   0.5586   0.2793   2.0000   1.4633 -2942.168
 14  12    923.9    315.1   0.3225   0.1613   2.0000   0.8446 -2664.302
 14  13    919.5    319.5   0.0617   0.0309   2.0000   0.1613 -1996.831
 15   1    926.3    312.7   0.5607   0.2803   2.0000   1.4698 -2944.944
 15   2    927.7    311.3   0.6116   0.3058   2.0000   1.6043 -2975.559
 15   3    922.2    316.8   0.5962   0.2981   2.0000   1.5599 -2989.320
 15   4    924.5    314.5   0.5870   0.2935   2.0000   1.5376 -2968.405
 15   5    925.6    313.4   0.5832   0.2916   2.0000   1.5282 -2964.251
 15   6    925.6    313.4   0.5832   0.2916   2.0000   1.5282 -2964.251
 15   7    925.0    314.0   0.5945   0.2973   2.0000   1.5576 -2976.608
 15   8    925.0    314.0   0.5945   0.2973   2.0000   1.5576 -2976.608
 15   9    924.3    314.7   0.5614   0.2807   2.0000   1.4703 -2952.817
 15  10    923.9    315.1   0.5493   0.2746   2.0000   1.4383 -2938.223
 15  11    923.9    315.1   0.5475   0.2738   2.0000   1.4336 -2937.111
 15  12    923.0    316.0   0.3185   0.1592   2.0000   0.8335 -2665.720
 15  13    918.5    320.5   0.0627   0.0313   2.0000   0.1637 -1999.304
 15  14    920.2    318.8   0.0338   0.0169   2.0000   0.0884 -1869.719
 16   1    926.2    312.8   0.5586   0.2793   2.0000   1.4642 -2943.895
 16   2    927.6    311.4   0.6091   0.3046   2.0000   1.5977 -2973.921
 16   3    922.0    317.0   0.5939   0.2970   2.0000   1.5538 -2988.240
 16   4    924.3    314.7   0.5849   0.2924   2.0000   1.5318 -2967.333
 16   5    925.5    313.5   0.5810   0.2905   2.0000   1.5224 -2963.298
 16   6    925.5    313.5   0.5810   0.2905   2.0000   1.5224 -2963.298
 16   7    924.8    314.2   0.5927   0.2963   2.0000   1.5526 -2976.254
 16   8    924.8    314.2   0.5927   0.2963   2.0000   1.5526 -2976.254
 16   9    924.2    314.8   0.5593   0.2796   2.0000   1.4647 -2951.827
 16  10    923.7    315.3   0.5472   0.2736   2.0000   1.4328 -2937.217
 16  11    923.7    315.3   0.5455   0.2727   2.0000   1.4282 -2936.104
 16  12    922.8    316.2   0.3170   0.1585   2.0000   0.8298 -2663.983
 16  13    918.4    320.6   0.0617   0.0309   2.0000   0.1612 -1995.930
 16  14    920.1    318.9   0.0329   0.0164   2.0000   0.0860 -1865.724
 16  15    919.2    319.8   0.0009   0.0004   2.0000   0.0023 -1684.666
 17   1    926.2    312.8   0.5586   0.2793   2.0000   1.4642 -2943.895
 17   2    927.6    311.4   0.6091   0.3046   2.0000   1.5977 -2973.921
 17   3    922.0    317.0   0.5939   0.2970   2.0000   1.5538 -2988.240
 17   4    924.3    314.7   0.5849   0.2924   2.0000   1.5318 -2967.333
 17   5    925.5    313.5   0.5810   0.2905   2.0000   1.5224 -2963.298
 17   6    925.5    313.5   0.5810   0.2905   2.0000   1.5224 -2963.298
 17   7    924.8    314.2   0.5927   0.2963   2.0000   1.5526 -2976.254
 17   8    924.8    314.2   0.5927   0.2963   2.0000   1.5526 -2976.254
 17   9    924.2    314.8   0.5593   0.2796   2.0000   1.4647 -2951.827
 17  10    923.7    315.3   0.5472   0.2736   2.0000   1.4328 -2937.217
 17  11    923.7    315.3   0.5455   0.2727   2.0000   1.4282 -2936.104
 17  12    922.8    316.2   0.3170   0.1585   2.0000   0.8298 -2663.983
 17  13    918.4    320.6   0.0617   0.0309   2.0000   0.1612 -1995.930
 17  14    920.1    318.9   0.0329   0.0164   2.0000   0.0860 -1865.724
 17  15    919.2    319.8   0.0009   0.0004   2.0000   0.0023 -1684.666
 17  16    919.0    320.0   0.0000   0.0000   2.0000   0.0000 -1676.046
 18   1    928.9    310.1   0.5706   0.2853   2.0000   1.4976 -2951.442
 18   2    930.5    308.5   0.6329   0.3164   2.0000   1.6622 -2981.980
 18   3    924.8    314.2   0.6014   0.3007   2.0000   1.5754 -2979.807
 18   4    927.2    311.8   0.5802   0.2901   2.0000   1.5215 -2954.360
 18   5    928.4    310.6   0.6078   0.3039   2.0000   1.5949 -2973.785
 18   6    928.4    310.6   0.6078   0.3039   2.0000   1.5949 -2973.785
 18   7    927.8    311.2   0.6198   0.3099   2.0000   1.6258 -2990.146
 18   8    927.8    311.2   0.6198   0.3099   2.0000   1.6258 -2990.146
 18   9    927.0    312.0   0.6012   0.3006   2.0000   1.5767 -2980.398
 18  10    926.6    312.4   0.6053   0.3027   2.0000   1.5870 -2984.536
 18  11    926.6    312.4   0.6034   0.3017   2.0000   1.5820 -2983.496
 18  12    925.6    313.4   0.3233   0.1617   2.0000   0.8473 -2669.025
 18  13    921.1    317.9   0.3337   0.1668   2.0000   0.8726 -2681.035
 18  14    922.9    316.1   0.3397   0.1698   2.0000   0.8890 -2691.583
 18  15    921.9    317.1   0.3279   0.1639   2.0000   0.8577 -2671.625
 18  16    921.8    317.2   0.3264   0.1632   2.0000   0.8539 -2669.951
 18  17    921.8    317.2   0.3264   0.1632   2.0000   0.8539 -2669.951
 19   1    932.6    306.4   0.5596   0.2798   2.0000   1.4711 -2921.201
 19   2    934.2    304.8   0.5849   0.2925   2.0000   1.5390 -2934.713
 19   3    928.6    310.4   0.6119   0.3059   2.0000   1.6057 -2974.130
 19   4    930.9    308.1   0.5806   0.2903   2.0000   1.5253 -2938.325
 19   5    932.1    306.9   0.5703   0.2852   2.0000   1.4991 -2933.261
 19   6    932.1    306.9   0.5703   0.2852   2.0000   1.4991 -2933.261
 19   7    931.5    307.5   0.5931   0.2966   2.0000   1.5586 -2955.790
 19   8    931.5    307.5   0.5931   0.2966   2.0000   1.5586 -2955.790
 19   9    930.8    308.2   0.5817   0.2909   2.0000   1.5281 -2953.479
 19  10    930.3    308.7   0.5587   0.2793   2.0000   1.4673 -2932.921
 19  11    930.3    308.7   0.5569   0.2784   2.0000   1.4625 -2931.860
 19  12    929.4    309.6   0.3231   0.1616   2.0000   0.8483 -2656.888
 19  13    925.0    314.0   0.3321   0.1660   2.0000   0.8700 -2665.790
 19  14    926.7    312.3   0.3286   0.1643   2.0000   0.8615 -2662.755
 19  15    925.8    313.2   0.3129   0.1564   2.0000   0.8199 -2642.269
 19  16    925.6    313.4   0.3114   0.1557   2.0000   0.8162 -2640.549
 19  17    925.6    313.4   0.3114   0.1557   2.0000   0.8162 -2640.549
 19  18    928.4    310.6   0.2629   0.1314   2.0000   0.6898 -2538.259
 20   1    931.9    307.1   0.5306   0.2653   2.0000   1.3945 -2903.364
 20   2    933.5    305.5   0.5594   0.2797   2.0000   1.4714 -2917.751
 20   3    927.9    311.1   0.5640   0.2820   2.0000   1.4795 -2945.246
 20   4    930.3    308.7   0.5148   0.2574   2.0000   1.3520 -2894.089
 20   5    931.5    307.5   0.5331   0.2665   2.0000   1.4007 -2905.037
 20   6    931.5    307.5   0.5331   0.2665   2.0000   1.4007 -2905.037
 20   7    930.8    308.2   0.5375   0.2687   2.0000   1.4119 -2916.760
 20   8    930.8    308.2   0.5375   0.2687   2.0000   1.4119 -2916.760
 20   9    930.1    308.9   0.5062   0.2531   2.0000   1.3292 -2895.224
 20  10    929.6    309.4   0.5345   0.2673   2.0000   1.4034 -2919.270
 20  11    929.6    309.4   0.5328   0.2664   2.0000   1.3987 -2918.148
 20  12    928.7    310.3   0.4496   0.2248   2.0000   1.1800 -2829.890
 20  13    924.3    314.7   0.4504   0.2252   2.0000   1.1795 -2832.063
 20  14    926.0    313.0   0.4392   0.2196   2.0000   1.1513 -2818.472
 20  15    925.1    313.9   0.4302   0.2151   2.0000   1.1272 -2811.813
 20  16    924.9    314.1   0.4285   0.2143   2.0000   1.1226 -2810.434
 20  17    924.9    314.1   0.4285   0.2143   2.0000   1.1226 -2810.434
 20  18    927.7    311.3   0.4216   0.2108   2.0000   1.1059 -2792.796
 20  19    931.5    307.5   0.4249   0.2124   2.0000   1.1165 -2785.210
 21   1    929.8    309.2   0.5347   0.2673   2.0000   1.4039 -2906.711
 21   2    931.3    307.7   0.5667   0.2833   2.0000   1.4889 -2928.236
 21   3    925.7    313.3   0.6017   0.3009   2.0000   1.5769 -2977.446
 21   4    928.0    311.0   0.5709   0.2855   2.0000   1.4978 -2949.781
 21   5    929.1    309.9   0.5450   0.2725   2.0000   1.4305 -2924.758
 21   6    929.1    309.9   0.5450   0.2725   2.0000   1.4305 -2924.758
 21   7    928.5    310.5   0.5461   0.2730   2.0000   1.4329 -2925.465
 21   8    928.5    310.5   0.5461   0.2730   2.0000   1.4329 -2925.465
 21   9    927.8    311.2   0.5371   0.2686   2.0000   1.4090 -2925.968
 21  10    927.4    311.6   0.5563   0.2781   2.0000   1.4589 -2936.401
 21  11    927.4    311.6   0.5564   0.2782   2.0000   1.4593 -2937.368
 21  12    926.6    312.4   0.4733   0.2366   2.0000   1.2409 -2856.463
 21  13    922.2    316.8   0.4696   0.2348   2.0000   1.2286 -2854.552
 21  14    923.9    315.1   0.4659   0.2330   2.0000   1.2200 -2849.018
 21  15    923.0    316.0   0.4683   0.2341   2.0000   1.2256 -2854.681
 21  16    922.8    316.2   0.4665   0.2332   2.0000   1.2208 -2853.406
 21  17    922.8    316.2   0.4665   0.2332   2.0000   1.2208 -2853.406
 21  18    925.5    313.5   0.4761   0.2380   2.0000   1.2476 -2851.594
 21  19    929.4    309.6   0.4537   0.2269   2.0000   1.1911 -2819.499
 21  20    928.7    310.3   0.3250   0.1625   2.0000   0.8529 -2665.131
 22   1    932.8    306.2   0.5157   0.2579   2.0000   1.3560 -2884.061
 22   2    934.3    304.7   0.5396   0.2698   2.0000   1.4198 -2898.387
 22   3    928.8    310.2   0.5470   0.2735   2.0000   1.4356 -2931.533
 22   4    931.1    307.9   0.5327   0.2663   2.0000   1.3994 -2905.309
 22   5    932.3    306.7   0.5426   0.2713   2.0000   1.4264 -2919.662
 22   6    932.3    306.7   0.5426   0.2713   2.0000   1.4264 -2919.662
 22   7    931.6    307.4   0.5201   0.2601   2.0000   1.3668 -2906.749
 22   8    931.6    307.4   0.5201   0.2601   2.0000   1.3668 -2906.749
 22   9    930.9    308.1   0.5247   0.2624   2.0000   1.3785 -2910.391
 22  10    930.5    308.5   0.5335   0.2667   2.0000   1.4011 -2918.362
 22  11    930.5    308.5   0.5336   0.2668   2.0000   1.4014 -2919.293
 22  12    929.5    309.5   0.4581   0.2291   2.0000   1.2026 -2837.769
 22  13    925.0    314.0   0.4405   0.2202   2.0000   1.1540 -2823.563
 22  14    926.8    312.2   0.4483   0.2242   2.0000   1.1756 -2829.308
 22  15    925.8    313.2   0.4389   0.2195   2.0000   1.1504 -2823.477
 22  16    925.7    313.3   0.4372   0.2186   2.0000   1.1458 -2822.094
 22  17    925.7    313.3   0.4372   0.2186   2.0000   1.1458 -2822.094
 22  18    928.5    310.5   0.4319   0.2159   2.0000   1.1332 -2797.799
 22  19    932.3    306.7   0.4484   0.2242   2.0000   1.1787 -2810.370
 22  20    931.6    307.4   0.2918   0.1459   2.0000   0.7668 -2599.668
 22  21    929.5    309.5   0.3652   0.1826   2.0000   0.9586 -2719.314
 23   1    932.7    306.3   0.5315   0.2658   2.0000   1.3974 -2899.490
 23   2    934.1    304.9   0.5458   0.2729   2.0000   1.4359 -2905.873
 23   3    928.6    310.4   0.5472   0.2736   2.0000   1.4360 -2933.632
 23   4    930.9    308.1   0.5418   0.2709   2.0000   1.4232 -2915.013
 23   5    932.1    306.9   0.5459   0.2729   2.0000   1.4348 -2925.205
 23   6    932.1    306.9   0.5459   0.2729   2.0000   1.4348 -2925.205
 23   7    931.4    307.6   0.5293   0.2647   2.0000   1.3908 -2916.235
 23   8    931.4    307.6   0.5293   0.2647   2.0000   1.3908 -2916.235
 23   9    930.8    308.2   0.5309   0.2654   2.0000   1.3945 -2917.995
 23  10    930.3    308.7   0.5420   0.2710   2.0000   1.4235 -2927.111
 23  11    930.3    308.7   0.5421   0.2711   2.0000   1.4238 -2928.051
 23  12    929.3    309.7   0.4599   0.2300   2.0000   1.2074 -2837.175
 23  13    924.9    314.1   0.4564   0.2282   2.0000   1.1956 -2844.315
 23  14    926.7    312.3   0.4512   0.2256   2.0000   1.1830 -2838.018
 23  15    925.7    313.3   0.4472   0.2236   2.0000   1.1721 -2834.706
 23  16    925.6    313.4   0.4455   0.2227   2.0000   1.1674 -2833.350
 23  17    925.6    313.4   0.4455   0.2227   2.0000   1.1674 -2833.350
 23  18    928.3    310.7   0.4399   0.2199   2.0000   1.1542 -2806.343
 23  19    932.1    306.9   0.4486   0.2243   2.0000   1.1790 -2812.556
 23  20    931.5    307.5   0.2973   0.1487   2.0000   0.7813 -2613.733
 23  21    929.3    309.7   0.3613   0.1807   2.0000   0.9485 -2716.226
 23  22    932.1    306.9   0.0226   0.0113   2.0000   0.0594 -1806.656
 24   1    933.1    305.9   0.5409   0.2705   2.0000   1.4224 -2910.275
 24   2    934.5    304.5   0.5517   0.2759   2.0000   1.4518 -2920.366
 24   3    929.0    310.0   0.5223   0.2612   2.0000   1.3709 -2907.741
 24   4    931.3    307.7   0.5478   0.2739   2.0000   1.4393 -2925.884
 24   5    932.5    306.5   0.5169   0.2584   2.0000   1.3588 -2891.369
 24   6    932.5    306.5   0.5169   0.2584   2.0000   1.3588 -2891.369
 24   7    931.8    307.2   0.5370   0.2685   2.0000   1.4114 -2911.040
 24   8    931.8    307.2   0.5370   0.2685   2.0000   1.4114 -2911.040
 24   9    931.2    307.8   0.4884   0.2442   2.0000   1.2832 -2874.764
 24  10    930.7    308.3   0.5311   0.2656   2.0000   1.3951 -2906.061
 24  11    930.7    308.3   0.5312   0.2656   2.0000   1.3954 -2907.022
 24  12    929.8    309.2   0.4242   0.2121   2.0000   1.1137 -2803.247
 24  13    925.4    313.6   0.4533   0.2267   2.0000   1.1878 -2847.671
 24  14    927.1    311.9   0.4574   0.2287   2.0000   1.1995 -2844.289
 24  15    926.2    312.8   0.4506   0.2253   2.0000   1.1813 -2843.513
 24  16    926.0    313.0   0.4489   0.2244   2.0000   1.1765 -2842.141
 24  17    926.0    313.0   0.4489   0.2244   2.0000   1.1765 -2842.141
 24  18    928.8    310.2   0.4487   0.2243   2.0000   1.1775 -2825.435
 24  19    932.6    306.4   0.4389   0.2195   2.0000   1.1540 -2800.321
 24  20    931.9    307.1   0.3230   0.1615   2.0000   0.8489 -2660.847
 24  21    929.8    309.2   0.3623   0.1811   2.0000   0.9513 -2717.894
 24  22    932.6    306.4   0.2763   0.1381   2.0000   0.7264 -2577.742
 24  23    932.5    306.5   0.2823   0.1412   2.0000   0.7422 -2586.339
 25   1    932.3    306.7   0.5209   0.2604   2.0000   1.3692 -2892.489
 25   2    933.9    305.1   0.5353   0.2676   2.0000   1.4082 -2908.734
 25   3    928.3    310.7   0.5472   0.2736   2.0000   1.4358 -2931.145
 25   4    930.7    308.3   0.5450   0.2725   2.0000   1.4316 -2917.527
 25   5    931.9    307.1   0.5024   0.2512   2.0000   1.3204 -2881.345
 25   6    931.9    307.1   0.5024   0.2512   2.0000   1.3204 -2881.345
 25   7    931.3    307.7   0.5093   0.2546   2.0000   1.3381 -2886.340
 25   8    931.3    307.7   0.5093   0.2546   2.0000   1.3381 -2886.340
 25   9    930.5    308.5   0.4918   0.2459   2.0000   1.2917 -2877.370
 25  10    930.0    309.0   0.5094   0.2547   2.0000   1.3376 -2893.207
 25  11    930.0    309.0   0.5094   0.2547   2.0000   1.3378 -2894.127
 25  12    929.0    310.0   0.4956   0.2478   2.0000   1.3007 -2882.682
 25  13    924.5    314.5   0.4663   0.2332   2.0000   1.2214 -2856.878
 25  14    926.3    312.7   0.4550   0.2275   2.0000   1.1927 -2843.876
 25  15    925.3    313.7   0.4483   0.2241   2.0000   1.1746 -2840.861
 25  16    925.2    313.8   0.4465   0.2232   2.0000   1.1698 -2839.468
 25  17    925.2    313.8   0.4465   0.2232   2.0000   1.1698 -2839.468
 25  18    928.1    310.9   0.4539   0.2270   2.0000   1.1908 -2830.398
 25  19    931.8    307.2   0.4334   0.2167   2.0000   1.1391 -2806.824
 25  20    931.2    307.8   0.3409   0.1705   2.0000   0.8957 -2695.131
 25  21    928.9    310.1   0.3503   0.1752   2.0000   0.9195 -2702.094
 25  22    931.8    307.2   0.2793   0.1397   2.0000   0.7341 -2586.919
 25  23    931.7    307.3   0.2797   0.1399   2.0000   0.7351 -2589.167
 25  24    932.1    306.9   0.2053   0.1027   2.0000   0.5397 -2417.434
 26   1    931.3    307.7   0.5487   0.2743   2.0000   1.4416 -2919.371
 26   2    932.7    306.3   0.4964   0.2482   2.0000   1.3051 -2862.484
 26   3    927.2    311.8   0.5363   0.2682   2.0000   1.4066 -2918.811
 26   4    929.5    309.5   0.5575   0.2788   2.0000   1.4637 -2930.995
 26   5    930.6    308.4   0.4988   0.2494   2.0000   1.3101 -2887.165
 26   6    930.6    308.4   0.4988   0.2494   2.0000   1.3101 -2887.165
 26   7    929.9    309.1   0.5360   0.2680   2.0000   1.4073 -2922.704
 26   8    929.9    309.1   0.5360   0.2680   2.0000   1.4073 -2922.704
 26   9    929.3    309.7   0.4970   0.2485   2.0000   1.3046 -2883.155
 26  10    928.8    310.2   0.4968   0.2484   2.0000   1.3040 -2883.707
 26  11    928.8    310.2   0.4934   0.2467   2.0000   1.2949 -2880.802
 26  12    928.1    310.9   0.4514   0.2257   2.0000   1.1843 -2847.902
 26  13    923.7    315.3   0.4770   0.2385   2.0000   1.2489 -2871.416
 26  14    925.4    313.6   0.4705   0.2352   2.0000   1.2329 -2863.658
 26  15    924.5    314.5   0.4574   0.2287   2.0000   1.1981 -2852.130
 26  16    924.3    314.7   0.4557   0.2278   2.0000   1.1934 -2850.833
 26  17    924.3    314.7   0.4557   0.2278   2.0000   1.1934 -2850.833
 26  18    927.0    312.0   0.4652   0.2326   2.0000   1.2197 -2854.207
 26  19    930.8    308.2   0.4418   0.2209   2.0000   1.1606 -2816.866
 26  20    930.1    308.9   0.3398   0.1699   2.0000   0.8923 -2698.274
 26  21    928.1    310.9   0.3312   0.1656   2.0000   0.8690 -2683.702
 26  22    930.9    308.1   0.3293   0.1646   2.0000   0.8650 -2662.699
 26  23    930.8    308.2   0.3378   0.1689   2.0000   0.8874 -2675.445
 26  24    931.2    307.8   0.3271   0.1635   2.0000   0.8594 -2670.694
 26  25    930.4    308.6   0.3339   0.1670   2.0000   0.8770 -2686.572
 27   1    931.3    307.7   0.5487   0.2743   2.0000   1.4416 -2919.371
 27   2    932.7    306.3   0.4964   0.2482   2.0000   1.3051 -2862.484
 27   3    927.2    311.8   0.5363   0.2682   2.0000   1.4066 -2918.811
 27   4    929.5    309.5   0.5575   0.2788   2.0000   1.4637 -2930.995
 27   5    930.6    308.4   0.4988   0.2494   2.0000   1.3101 -2887.165
 27   6    930.6    308.4   0.4988   0.2494   2.0000   1.3101 -2887.165
 27   7    929.9    309.1   0.5360   0.2680   2.0000   1.4073 -2922.704
 27   8    929.9    309.1   0.5360   0.2680   2.0000   1.4073 -2922.704
 27   9    929.3    309.7   0.4970   0.2485   2.0000   1.3046 -2883.155
 27  10    928.8    310.2   0.4968   0.2484   2.0000   1.3040 -2883.707
 27  11    928.8    310.2   0.4934   0.2467   2.0000   1.2949 -2880.802
 27  12    928.1    310.9   0.4514   0.2257   2.0000   1.1843 -2847.902
 27  13    923.7    315.3   0.4770   0.2385   2.0000   1.2489 -2871.416
 27  14    925.4    313.6   0.4705   0.2352   2.0000   1.2329 -2863.658
 27  15    924.5    314.5   0.4574   0.2287   2.0000   1.1981 -2852.130
 27  16    924.3    314.7   0.4557   0.2278   2.0000   1.1934 -2850.833
 27  17    924.3    314.7   0.4557   0.2278   2.0000   1.1934 -2850.833
 27  18    927.0    312.0   0.4652   0.2326   2.0000   1.2197 -2854.207
 27  19    930.8    308.2   0.4418   0.2209   2.0000   1.1606 -2816.866
 27  20    930.1    308.9   0.3398   0.1699   2.0000   0.8923 -2698.274
 27  21    928.1    310.9   0.3312   0.1656   2.0000   0.8690 -2683.702
 27  22    930.9    308.1   0.3293   0.1646   2.0000   0.8650 -2662.699
 27  23    930.8    308.2   0.3378   0.1689   2.0000   0.8874 -2675.445
 27  24    931.2    307.8   0.3271   0.1635   2.0000   0.8594 -2670.694
 27  25    930.4    308.6   0.3339   0.1670   2.0000   0.8770 -2686.572
 27  26    929.6    309.4   0.0000   0.0000   2.0000   0.0000 -1662.232
 28   1    930.0    309.0   0.5460   0.2730   2.0000   1.4338 -2911.569
 28   2    931.5    307.5   0.5317   0.2658   2.0000   1.3971 -2902.034
 28   3    925.9    313.1   0.5521   0.2760   2.0000   1.4470 -2934.022
 28   4    928.3    310.7   0.5334   0.2667   2.0000   1.3996 -2915.838
 28   5    929.4    309.6   0.5395   0.2698   2.0000   1.4164 -2918.899
 28   6    929.4    309.6   0.5395   0.2698   2.0000   1.4164 -2918.899
 28   7    928.8    310.2   0.5302   0.2651   2.0000   1.3914 -2912.442
 28   8    928.8    310.2   0.5302   0.2651   2.0000   1.3914 -2912.442
 28   9    928.1    310.9   0.5256   0.2628   2.0000   1.3789 -2917.182
 28  10    927.6    311.4   0.5307   0.2654   2.0000   1.3921 -2913.375
 28  11    927.6    311.4   0.5308   0.2654   2.0000   1.3923 -2914.352
 28  12    926.9    312.1   0.4660   0.2330   2.0000   1.2219 -2849.350
 28  13    922.4    316.6   0.4845   0.2423   2.0000   1.2679 -2868.372
 28  14    924.2    314.8   0.4838   0.2419   2.0000   1.2671 -2863.855
 28  15    923.2    315.8   0.4722   0.2361   2.0000   1.2362 -2854.200
 28  16    923.1    315.9   0.4738   0.2369   2.0000   1.2401 -2856.202
 28  17    923.1    315.9   0.4738   0.2369   2.0000   1.2401 -2856.202
 28  18    925.8    313.2   0.4971   0.2485   2.0000   1.3027 -2875.922
 28  19    929.6    309.4   0.4866   0.2433   2.0000   1.2776 -2859.142
 28  20    928.9    310.1   0.3833   0.1916   2.0000   1.0059 -2745.891
 28  21    926.8    312.2   0.3867   0.1934   2.0000   1.0141 -2758.353
 28  22    929.8    309.2   0.3680   0.1840   2.0000   0.9662 -2722.794
 28  23    929.6    309.4   0.3753   0.1876   2.0000   0.9853 -2729.803
 28  24    930.0    309.0   0.3738   0.1869   2.0000   0.9817 -2731.775
 28  25    929.2    309.8   0.3916   0.1958   2.0000   1.0279 -2767.133
 28  26    928.3    310.7   0.3882   0.1941   2.0000   1.0185 -2760.271
 28  27    928.3    310.7   0.3882   0.1941   2.0000   1.0185 -2760.271
 29   1    930.9    308.1   0.5626   0.2813   2.0000   1.4779 -2925.456
 29   2    932.5    306.5   0.5447   0.2723   2.0000   1.4319 -2909.544
 29   3    926.9    312.1   0.5811   0.2906   2.0000   1.5238 -2959.558
 29   4    929.2    309.8   0.5883   0.2942   2.0000   1.5443 -2957.887
 29   5    930.4    308.6   0.5451   0.2725   2.0000   1.4315 -2922.676
 29   6    930.4    308.6   0.5451   0.2725   2.0000   1.4315 -2922.676
 29   7    929.7    309.3   0.5539   0.2769   2.0000   1.4542 -2930.369
 29   8    929.7    309.3   0.5539   0.2769   2.0000   1.4542 -2930.369
 29   9    929.0    310.0   0.5220   0.2610   2.0000   1.3700 -2910.374
 29  10    928.6    310.4   0.5263   0.2632   2.0000   1.3811 -2904.325
 29  11    928.6    310.4   0.5264   0.2632   2.0000   1.3814 -2905.298
 29  12    927.8    311.2   0.4970   0.2485   2.0000   1.3038 -2879.434
 29  13    923.3    315.7   0.5011   0.2505   2.0000   1.3118 -2890.846
 29  14    925.1    313.9   0.5050   0.2525   2.0000   1.3232 -2887.624
 29  15    924.1    314.9   0.5077   0.2539   2.0000   1.3297 -2892.358
 29  16    924.0    315.0   0.5059   0.2529   2.0000   1.3247 -2891.130
 29  17    924.0    315.0   0.5059   0.2529   2.0000   1.3247 -2891.130
 29  18    926.7    312.3   0.5274   0.2637   2.0000   1.3829 -2906.752
 29  19    930.5    308.5   0.4986   0.2493   2.0000   1.3096 -2865.948
 29  20    929.8    309.2   0.3858   0.1929   2.0000   1.0131 -2752.264
 29  21    927.7    311.3   0.3942   0.1971   2.0000   1.0340 -2769.807
 29  22    930.6    308.4   0.3393   0.1696   2.0000   0.8912 -2687.038
 29  23    930.5    308.5   0.3540   0.1770   2.0000   0.9298 -2707.860
 29  24    930.9    308.1   0.3831   0.1915   2.0000   1.0064 -2750.846
 29  25    930.1    308.9   0.3785   0.1892   2.0000   0.9939 -2752.443
 29  26    929.2    309.8   0.3614   0.1807   2.0000   0.9486 -2722.076
 29  27    929.2    309.8   0.3614   0.1807   2.0000   0.9486 -2722.076
 29  28    927.9    311.1   0.2854   0.1427   2.0000   0.7488 -2588.698
 30   1    930.9    308.1   0.5626   0.2813   2.0000   1.4779 -2925.456
 30   2    932.5    306.5   0.5447   0.2723   2.0000   1.4319 -2909.544
 30   3    926.9    312.1   0.5811   0.2906   2.0000   1.5238 -2959.558
 30   4    929.2    309.8   0.5883   0.2942   2.0000   1.5443 -2957.887
 30   5    930.4    308.6   0.5451   0.2725   2.0000   1.4315 -2922.676
 30   6    930.4    308.6   0.5451   0.2725   2.0000   1.4315 -2922.676
 30   7    929.7    309.3   0.5539   0.2769   2.0000   1.4542 -2930.369
 30   8    929.7    309.3   0.5539   0.2769   2.0000   1.4542 -2930.369
 30   9    929.0    310.0   0.5220   0.2610   2.0000   1.3700 -2910.374
 30  10    928.6    310.4   0.5263   0.2632   2.0000   1.3811 -2904.325
 30  11    928.6    310.4   0.5264   0.2632   2.0000   1.3814 -2905.298
 30  12    927.8    311.2   0.4970   0.2485   2.0000   1.3038 -2879.434
 30  13    923.3    315.7   0.5011   0.2505   2.0000   1.3118 -2890.846
 30  14    925.1    313.9   0.5050   0.2525   2.0000   1.3232 -2887.624
 30  15    924.1    314.9   0.5077   0.2539   2.0000   1.3297 -2892.358
 30  16    924.0    315.0   0.5059   0.2529   2.0000   1.3247 -2891.130
 30  17    924.0    315.0   0.5059   0.2529   2.0000   1.3247 -2891.130
 30  18    926.7    312.3   0.5274   0.2637   2.0000   1.3829 -2906.752
 30  19    930.5    308.5   0.4986   0.2493   2.0000   1.3096 -2865.948
 30  20    929.8    309.2   0.3858   0.1929   2.0000   1.0131 -2752.264
 30  21    927.7    311.3   0.3942   0.1971   2.0000   1.0340 -2769.807
 30  22    930.6    308.4   0.3393   0.1696   2.0000   0.8912 -2687.038
 30  23    930.5    308.5   0.3540   0.1770   2.0000   0.9298 -2707.860
 30  24    930.9    308.1   0.3831   0.1915   2.0000   1.0064 -2750.846
 30  25    930.1    308.9   0.3785   0.1892   2.0000   0.9939 -2752.443
 30  26    929.2    309.8   0.3614   0.1807   2.0000   0.9486 -2722.076
 30  27    929.2    309.8   0.3614   0.1807   2.0000   0.9486 -2722.076
 30  28    927.9    311.1   0.2854   0.1427   2.0000   0.7488 -2588.698
 30  29    928.9    310.1   0.0000   0.0000   2.0000   0.0000 -1663.439
 31   1    931.2    307.8   0.5854   0.2927   2.0000   1.5380 -2933.655
 31   2    932.7    306.3   0.5812   0.2906   2.0000   1.5282 -2940.647
 31   3    927.2    311.8   0.6112   0.3056   2.0000   1.6030 -2979.187
 31   4    929.5    309.5   0.5988   0.2994   2.0000   1.5721 -2958.599
 31   5    930.6    308.4   0.6039   0.3019   2.0000   1.5862 -2962.118
 31   6    930.6    308.4   0.6039   0.3019   2.0000   1.5862 -2962.118
 31   7    930.0    309.0   0.6051   0.3025   2.0000   1.5889 -2963.155
 31   8    930.0    309.0   0.6051   0.3025   2.0000   1.5889 -2963.155
 31   9    929.3    309.7   0.5813   0.2906   2.0000   1.5259 -2957.331
 31  10    928.8    310.2   0.6229   0.3114   2.0000   1.6348 -2979.133
 31  11    928.8    310.2   0.6231   0.3115   2.0000   1.6352 -2980.084
 31  12    928.0    311.0   0.4824   0.2412   2.0000   1.2655 -2857.894
 31  13    923.6    315.4   0.4859   0.2429   2.0000   1.2721 -2869.537
 31  14    925.3    313.7   0.4726   0.2363   2.0000   1.2383 -2853.384
 31  15    924.4    314.6   0.4700   0.2350   2.0000   1.2309 -2849.157
 31  16    924.2    314.8   0.4682   0.2341   2.0000   1.2261 -2847.847
 31  17    924.2    314.8   0.4682   0.2341   2.0000   1.2261 -2847.847
 31  18    927.0    312.0   0.4974   0.2487   2.0000   1.3044 -2881.256
 31  19    930.8    308.2   0.4699   0.2349   2.0000   1.2343 -2843.604
 31  20    930.1    308.9   0.4043   0.2021   2.0000   1.0616 -2774.796
 31  21    928.0    311.0   0.3959   0.1979   2.0000   1.0386 -2764.195
 31  22    930.8    308.2   0.4044   0.2022   2.0000   1.0624 -2766.882
 31  23    930.7    308.3   0.4051   0.2025   2.0000   1.0641 -2766.882
 31  24    931.1    307.9   0.4095   0.2047   2.0000   1.0758 -2775.044
 31  25    930.4    308.6   0.4195   0.2097   2.0000   1.1017 -2796.459
 31  26    929.4    309.6   0.3711   0.1855   2.0000   0.9742 -2739.466
 31  27    929.4    309.6   0.3711   0.1855   2.0000   0.9742 -2739.466
 31  28    928.2    310.8   0.2915   0.1458   2.0000   0.7649 -2589.239
 31  29    929.1    309.9   0.3074   0.1537   2.0000   0.8070 -2621.009
 31  30    929.1    309.9   0.3074   0.1537   2.0000   0.8070 -2621.009
 32   1    933.8    305.2   0.5631   0.2815   2.0000   1.4812 -2915.285
 32   2    935.4    303.6   0.5489   0.2745   2.0000   1.4451 -2906.927
 32   3    929.8    309.2   0.5906   0.2953   2.0000   1.5508 -2959.258
 32   4    932.2    306.8   0.5815   0.2907   2.0000   1.5285 -2943.192
 32   5    933.4    305.6   0.5959   0.2980   2.0000   1.5673 -2952.373
 32   6    933.4    305.6   0.5959   0.2980   2.0000   1.5673 -2952.373
 32   7    932.8    306.2   0.5951   0.2976   2.0000   1.5647 -2952.432
 32   8    932.8    306.2   0.5951   0.2976   2.0000   1.5647 -2952.432
 32   9    932.1    306.9   0.5817   0.2909   2.0000   1.5291 -2957.807
 32  10    931.6    307.4   0.5958   0.2979   2.0000   1.5655 -2959.569
 32  11    931.6    307.4   0.5959   0.2979   2.0000   1.5659 -2960.495
 32  12    930.5    308.5   0.4916   0.2458   2.0000   1.2912 -2872.918
 32  13    926.0    313.0   0.4840   0.2420   2.0000   1.2687 -2872.048
 32  14    927.8    311.2   0.4668   0.2334   2.0000   1.2246 -2848.775
 32  15    926.9    312.1   0.4759   0.2380   2.0000   1.2480 -2859.920
 32  16    926.7    312.3   0.4741   0.2370   2.0000   1.2430 -2858.562
 32  17    926.7    312.3   0.4741   0.2370   2.0000   1.2430 -2858.562
 32  18    929.6    309.4   0.4948   0.2474   2.0000   1.2990 -2868.325
 32  19    933.3    305.7   0.4809   0.2405   2.0000   1.2648 -2850.069
 32  20    932.7    306.3   0.3950   0.1975   2.0000   1.0386 -2753.066
 32  21    930.5    308.5   0.4182   0.2091   2.0000   1.0983 -2789.097
 32  22    933.3    305.7   0.3540   0.1770   2.0000   0.9311 -2700.862
 32  23    933.2    305.8   0.3584   0.1792   2.0000   0.9426 -2707.486
 32  24    933.6    305.4   0.3701   0.1851   2.0000   0.9735 -2719.909
 32  25    933.0    306.0   0.3750   0.1875   2.0000   0.9861 -2735.222
 32  26    931.9    307.1   0.3690   0.1845   2.0000   0.9698 -2734.629
 32  27    931.9    307.1   0.3690   0.1845   2.0000   0.9698 -2734.629
 32  28    930.8    308.2   0.2737   0.1369   2.0000   0.7190 -2557.100
 32  29    931.7    307.3   0.2757   0.1378   2.0000   0.7245 -2562.612
 32  30    931.7    307.3   0.2757   0.1378   2.0000   0.7245 -2562.612
 32  31    931.9    307.1   0.2433   0.1216   2.0000   0.6393 -2490.247
 33   1    930.9    308.1   0.5037   0.2519   2.0000   1.3233 -2881.598
 33   2    932.3    306.7   0.5211   0.2606   2.0000   1.3699 -2892.309
 33   3    926.8    312.2   0.5329   0.2664   2.0000   1.3971 -2922.092
 33   4    929.1    309.9   0.5356   0.2678   2.0000   1.4059 -2924.899
 33   5    930.2    308.8   0.5060   0.2530   2.0000   1.3288 -2881.779
 33   6    930.2    308.8   0.5060   0.2530   2.0000   1.3288 -2881.779
 33   7    929.5    309.5   0.5022   0.2511   2.0000   1.3184 -2875.909
 33   8    929.5    309.5   0.5022   0.2511   2.0000   1.3184 -2875.909
 33   9    928.9    310.1   0.4981   0.2490   2.0000   1.3072 -2881.271
 33  10    928.4    310.6   0.5191   0.2596   2.0000   1.3621 -2901.015
 33  11    928.4    310.6   0.5192   0.2596   2.0000   1.3624 -2902.019
 33  12    927.7    311.3   0.4809   0.2404   2.0000   1.2614 -2866.606
 33  13    923.4    315.6   0.4689   0.2345   2.0000   1.2277 -2856.057
 33  14    925.1    313.9   0.4637   0.2318   2.0000   1.2148 -2844.331
 33  15    924.1    314.9   0.4606   0.2303   2.0000   1.2063 -2843.851
 33  16    924.0    315.0   0.4588   0.2294   2.0000   1.2016 -2842.548
 33  17    924.0    315.0   0.4588   0.2294   2.0000   1.2016 -2842.548
 33  18    926.6    312.4   0.4787   0.2393   2.0000   1.2550 -2866.053
 33  19    930.5    308.5   0.4540   0.2270   2.0000   1.1924 -2826.682
 33  20    929.8    309.2   0.3372   0.1686   2.0000   0.8853 -2679.372
 33  21    927.7    311.3   0.3523   0.1762   2.0000   0.9242 -2696.459
 33  22    930.6    308.4   0.3323   0.1661   2.0000   0.8728 -2668.146
 33  23    930.5    308.5   0.3393   0.1697   2.0000   0.8913 -2679.713
 33  24    930.9    308.1   0.3090   0.1545   2.0000   0.8117 -2639.603
 33  25    930.0    309.0   0.3263   0.1632   2.0000   0.8570 -2671.761
 33  26    929.2    309.8   0.3200   0.1600   2.0000   0.8399 -2663.158
 33  27    929.2    309.8   0.3200   0.1600   2.0000   0.8399 -2663.158
 33  28    927.9    311.1   0.3589   0.1795   2.0000   0.9416 -2708.361
 33  29    928.8    310.2   0.3828   0.1914   2.0000   1.0047 -2743.847
 33  30    928.8    310.2   0.3828   0.1914   2.0000   1.0047 -2743.847
 33  31    929.1    309.9   0.3578   0.1789   2.0000   0.9392 -2707.846
 33  32    931.6    307.4   0.3720   0.1860   2.0000   0.9776 -2730.420
 34   1    930.9    308.1   0.5037   0.2519   2.0000   1.3233 -2881.598
 34   2    932.3    306.7   0.5211   0.2606   2.0000   1.3699 -2892.309
 34   3    926.8    312.2   0.5329   0.2664   2.0000   1.3971 -2922.092
 34   4    929.1    309.9   0.5356   0.2678   2.0000   1.4059 -2924.899
 34   5    930.2    308.8   0.5060   0.2530   2.0000   1.3288 -2881.779
 34   6    930.2    308.8   0.5060   0.2530   2.0000   1.3288 -2881.779
 34   7    929.5    309.5   0.5022   0.2511   2.0000   1.3184 -2875.909
 34   8    929.5    309.5   0.5022   0.2511   2.0000   1.3184 -2875.909
 34   9    928.9    310.1   0.4981   0.2490   2.0000   1.3072 -2881.271
 34  10    928.4    310.6   0.5191   0.2596   2.0000   1.3621 -2901.015
 34  11    928.4    310.6   0.5192   0.2596   2.0000   1.3624 -2902.019
 34  12    927.7    311.3   0.4809   0.2404   2.0000   1.2614 -2866.606
 34  13    923.4    315.6   0.4689   0.2345   2.0000   1.2277 -2856.057
 34  14    925.1    313.9   0.4637   0.2318   2.0000   1.2148 -2844.331
 34  15    924.1    314.9   0.4606   0.2303   2.0000   1.2063 -2843.851
 34  16    924.0    315.0   0.4588   0.2294   2.0000   1.2016 -2842.548
 34  17    924.0    315.0   0.4588   0.2294   2.0000   1.2016 -2842.548
 34  18    926.6    312.4   0.4787   0.2393   2.0000   1.2550 -2866.053
 34  19    930.5    308.5   0.4540   0.2270   2.0000   1.1924 -2826.682
 34  20    929.8    309.2   0.3372   0.1686   2.0000   0.8853 -2679.372
 34  21    927.7    311.3   0.3523   0.1762   2.0000   0.9242 -2696.459
 34  22    930.6    308.4   0.3323   0.1661   2.0000   0.8728 -2668.146
 34  23    930.5    308.5   0.3393   0.1697   2.0000   0.8913 -2679.713
 34  24    930.9    308.1   0.3090   0.1545   2.0000   0.8117 -2639.603
 34  25    930.0    309.0   0.3263   0.1632   2.0000   0.8570 -2671.761
 34  26    929.2    309.8   0.3200   0.1600   2.0000   0.8399 -2663.158
 34  27    929.2    309.8   0.3200   0.1600   2.0000   0.8399 -2663.158
 34  28    927.9    311.1   0.3589   0.1795   2.0000   0.9416 -2708.361
 34  29    928.8    310.2   0.3828   0.1914   2.0000   1.0047 -2743.847
 34  30    928.8    310.2   0.3828   0.1914   2.0000   1.0047 -2743.847
 34  31    929.1    309.9   0.3578   0.1789   2.0000   0.9392 -2707.846
 34  32    931.6    307.4   0.3720   0.1860   2.0000   0.9776 -2730.420
 34  33    928.9    310.1   0.0000   0.0000   2.0000   0.0000 -1663.240
 35   1    931.5    307.5   0.5876   0.2938   2.0000   1.5441 -2951.228
 35   2    933.0    306.0   0.5369   0.2684   2.0000   1.4117 -2899.439
 35   3    927.4    311.6   0.5709   0.2855   2.0000   1.4974 -2948.772
 35   4    929.7    309.3   0.5813   0.2907   2.0000   1.5263 -2951.926
 35   5    930.9    308.1   0.5499   0.2750   2.0000   1.4447 -2925.084
 35   6    930.9    308.1   0.5499   0.2750   2.0000   1.4447 -2925.084
 35   7    930.2    308.8   0.5608   0.2804   2.0000   1.4727 -2934.954
 35   8    930.2    308.8   0.5608   0.2804   2.0000   1.4727 -2934.954
 35   9    929.5    309.5   0.5364   0.2682   2.0000   1.4084 -2915.032
 35  10    929.1    309.9   0.5562   0.2781   2.0000   1.4600 -2928.663
 35  11    929.1    309.9   0.5564   0.2782   2.0000   1.4603 -2929.648
 35  12    928.3    310.7   0.4673   0.2337   2.0000   1.2262 -2845.909
 35  13    923.9    315.1   0.4676   0.2338   2.0000   1.2245 -2849.383
 35  14    925.6    313.4   0.4824   0.2412   2.0000   1.2642 -2862.836
 35  15    924.7    314.3   0.4648   0.2324   2.0000   1.2177 -2844.567
 35  16    924.6    314.4   0.4630   0.2315   2.0000   1.2128 -2843.262
 35  17    924.6    314.4   0.4630   0.2315   2.0000   1.2128 -2843.262
 35  18    927.3    311.7   0.4704   0.2352   2.0000   1.2336 -2861.665
 35  19    931.1    307.9   0.4840   0.2420   2.0000   1.2716 -2857.136
 35  20    930.4    308.6   0.3449   0.1724   2.0000   0.9058 -2698.374
 35  21    928.3    310.7   0.3657   0.1829   2.0000   0.9595 -2716.525
 35  22    931.2    307.8   0.3296   0.1648   2.0000   0.8660 -2666.177
 35  23    931.0    308.0   0.3410   0.1705   2.0000   0.8959 -2681.839
 35  24    931.5    307.5   0.3287   0.1643   2.0000   0.8637 -2677.453
 35  25    930.7    308.3   0.3324   0.1662   2.0000   0.8731 -2682.207
 35  26    929.8    309.2   0.3424   0.1712   2.0000   0.8990 -2698.087
 35  27    929.8    309.2   0.3424   0.1712   2.0000   0.8990 -2698.087
 35  28    928.5    310.5   0.3904   0.1952   2.0000   1.0245 -2754.518
 35  29    929.4    309.6   0.3905   0.1953   2.0000   1.0252 -2754.500
 35  30    929.4    309.6   0.3905   0.1953   2.0000   1.0252 -2754.500
 35  31    929.7    309.3   0.3904   0.1952   2.0000   1.0249 -2747.882
 35  32    932.2    306.8   0.3919   0.1960   2.0000   1.0302 -2762.400
 35  33    929.4    309.6   0.2680   0.1340   2.0000   0.7035 -2550.451
 35  34    929.4    309.6   0.2680   0.1340   2.0000   0.7035 -2550.451
 36   1    931.8    307.2   0.5311   0.2655   2.0000   1.3958 -2907.696
 36   2    933.3    305.7   0.5367   0.2684   2.0000   1.4116 -2907.352
 36   3    927.7    311.3   0.5608   0.2804   2.0000   1.4710 -2950.030
 36   4    930.1    308.9   0.5622   0.2811   2.0000   1.4764 -2949.600
 36   5    931.2    307.8   0.5314   0.2657   2.0000   1.3963 -2916.218
 36   6    931.2    307.8   0.5314   0.2657   2.0000   1.3963 -2916.218
 36   7    930.5    308.5   0.5392   0.2696   2.0000   1.4162 -2923.671
 36   8    930.5    308.5   0.5392   0.2696   2.0000   1.4162 -2923.671
 36   9    929.9    309.1   0.5172   0.2586   2.0000   1.3582 -2909.364
 36  10    929.4    309.6   0.5469   0.2735   2.0000   1.4358 -2934.306
 36  11    929.4    309.6   0.5471   0.2735   2.0000   1.4361 -2935.307
 36  12    928.7    310.3   0.4629   0.2315   2.0000   1.2149 -2850.199
 36  13    924.3    314.7   0.4750   0.2375   2.0000   1.2441 -2873.111
 36  14    926.0    313.0   0.4832   0.2416   2.0000   1.2665 -2878.916
 36  15    925.1    313.9   0.4806   0.2403   2.0000   1.2590 -2877.495
 36  16    924.9    314.1   0.4787   0.2393   2.0000   1.2541 -2876.193
 36  17    924.9    314.1   0.4787   0.2393   2.0000   1.2541 -2876.193
 36  18    927.6    311.4   0.4578   0.2289   2.0000   1.2009 -2844.373
 36  19    931.4    307.6   0.4540   0.2270   2.0000   1.1930 -2826.097
 36  20    930.7    308.3   0.3387   0.1693   2.0000   0.8896 -2698.365
 36  21    928.6    310.4   0.3458   0.1729   2.0000   0.9075 -2703.098
 36  22    931.5    307.5   0.3396   0.1698   2.0000   0.8923 -2682.647
 36  23    931.4    307.6   0.3485   0.1742   2.0000   0.9157 -2697.826
 36  24    931.8    307.2   0.3189   0.1595   2.0000   0.8382 -2652.713
 36  25    931.0    308.0   0.3116   0.1558   2.0000   0.8186 -2646.313
 36  26    930.1    308.9   0.3431   0.1716   2.0000   0.9010 -2704.063
 36  27    930.1    308.9   0.3431   0.1716   2.0000   0.9010 -2704.063
 36  28    928.8    310.2   0.3864   0.1932   2.0000   1.0141 -2765.035
 36  29    929.8    309.2   0.3755   0.1878   2.0000   0.9860 -2742.450
 36  30    929.8    309.2   0.3755   0.1878   2.0000   0.9860 -2742.450
 36  31    930.0    309.0   0.3702   0.1851   2.0000   0.9721 -2732.102
 36  32    932.5    306.5   0.3628   0.1814   2.0000   0.9539 -2728.179
 36  33    929.8    309.2   0.2718   0.1359   2.0000   0.7137 -2563.121
 36  34    929.8    309.2   0.2718   0.1359   2.0000   0.7137 -2563.121
 36  35    930.3    308.7   0.2641   0.1320   2.0000   0.6936 -2559.544
 37   1    928.7    310.3   0.5482   0.2741   2.0000   1.4386 -2936.876
 37   2    930.2    308.8   0.5499   0.2749   2.0000   1.4440 -2925.091
 37   3    924.6    314.4   0.5361   0.2680   2.0000   1.4042 -2934.998
 37   4    926.9    312.1   0.5414   0.2707   2.0000   1.4197 -2938.854
 37   5    928.1    310.9   0.5367   0.2683   2.0000   1.4079 -2925.407
 37   6    928.1    310.9   0.5367   0.2683   2.0000   1.4079 -2925.407
 37   7    927.4    311.6   0.5445   0.2723   2.0000   1.4282 -2930.729
 37   8    927.4    311.6   0.5445   0.2723   2.0000   1.4282 -2930.729
 37   9    926.7    312.3   0.5136   0.2568   2.0000   1.3467 -2910.645
 37  10    926.3    312.7   0.5677   0.2838   2.0000   1.4881 -2956.638
 37  11    926.3    312.7   0.5678   0.2839   2.0000   1.4884 -2957.568
 37  12    925.4    313.6   0.4467   0.2233   2.0000   1.1705 -2837.510
 37  13    921.0    318.0   0.4755   0.2378   2.0000   1.2434 -2873.332
 37  14    922.7    316.3   0.4738   0.2369   2.0000   1.2401 -2868.546
 37  15    921.8    317.2   0.4531   0.2265   2.0000   1.1852 -2849.587
 37  16    921.6    317.4   0.4513   0.2256   2.0000   1.1804 -2848.211
 37  17    921.6    317.4   0.4513   0.2256   2.0000   1.1804 -2848.211
 37  18    924.4    314.6   0.4478   0.2239   2.0000   1.1729 -2837.848
 37  19    928.2    310.8   0.4574   0.2287   2.0000   1.2002 -2837.261
 37  20    927.5    311.5   0.3602   0.1801   2.0000   0.9449 -2728.862
 37  21    925.4    313.6   0.3491   0.1746   2.0000   0.9148 -2705.946
 37  22    928.3    310.7   0.3500   0.1750   2.0000   0.9183 -2710.017
 37  23    928.2    310.8   0.3616   0.1808   2.0000   0.9488 -2722.819
 37  24    928.6    310.4   0.3027   0.1513   2.0000   0.7943 -2631.423
 37  25    927.8    311.2   0.3307   0.1653   2.0000   0.8675 -2681.149
 37  26    926.9    312.1   0.3565   0.1782   2.0000   0.9347 -2723.512
 37  27    926.9    312.1   0.3565   0.1782   2.0000   0.9347 -2723.512
 37  28    925.6    313.4   0.3938   0.1969   2.0000   1.0320 -2772.086
 37  29    926.6    312.4   0.3823   0.1912   2.0000   1.0024 -2764.564
 37  30    926.6    312.4   0.3823   0.1912   2.0000   1.0024 -2764.564
 37  31    926.8    312.2   0.3800   0.1900   2.0000   0.9963 -2755.205
 37  32    929.3    309.7   0.3850   0.1925   2.0000   1.0106 -2760.123
 37  33    926.6    312.4   0.2468   0.1234   2.0000   0.6469 -2527.075
 37  34    926.6    312.4   0.2468   0.1234   2.0000   0.6469 -2527.075
 37  35    927.1    311.9   0.2714   0.1357   2.0000   0.7117 -2565.938
 37  36    927.5    311.5   0.1592   0.0796   2.0000   0.4175 -2310.890
 38   1    928.5    310.5   0.5605   0.2803   2.0000   1.4708 -2939.235
 38   2    930.0    309.0   0.5506   0.2753   2.0000   1.4459 -2927.700
 38   3    924.4    314.6   0.5321   0.2660   2.0000   1.3936 -2929.762
 38   4    926.7    312.3   0.5638   0.2819   2.0000   1.4781 -2954.808
 38   5    927.9    311.1   0.5583   0.2792   2.0000   1.4647 -2938.905
 38   6    927.9    311.1   0.5583   0.2792   2.0000   1.4647 -2938.905
 38   7    927.2    311.8   0.5374   0.2687   2.0000   1.4093 -2920.337
 38   8    927.2    311.8   0.5374   0.2687   2.0000   1.4093 -2920.337
 38   9    926.6    312.4   0.5205   0.2603   2.0000   1.3646 -2916.034
 38  10    926.1    312.9   0.5731   0.2865   2.0000   1.5021 -2957.533
 38  11    926.1    312.9   0.5693   0.2846   2.0000   1.4921 -2954.859
 38  12    925.3    313.7   0.4517   0.2259   2.0000   1.1836 -2836.861
 38  13    920.9    318.1   0.4814   0.2407   2.0000   1.2589 -2879.744
 38  14    922.6    316.4   0.4730   0.2365   2.0000   1.2379 -2869.690
 38  15    921.7    317.3   0.4724   0.2362   2.0000   1.2356 -2867.699
 38  16    921.5    317.5   0.4706   0.2353   2.0000   1.2308 -2866.408
 38  17    921.5    317.5   0.4706   0.2353   2.0000   1.2308 -2866.408
 38  18    924.2    314.8   0.4462   0.2231   2.0000   1.1685 -2834.491
 38  19    928.1    310.9   0.4465   0.2232   2.0000   1.1714 -2822.145
 38  20    927.4    311.6   0.3722   0.1861   2.0000   0.9763 -2742.875
 38  21    925.3    313.7   0.3655   0.1828   2.0000   0.9577 -2734.950
 38  22    928.2    310.8   0.3338   0.1669   2.0000   0.8757 -2683.918
 38  23    928.0    311.0   0.3470   0.1735   2.0000   0.9103 -2701.174
 38  24    928.5    310.5   0.3479   0.1739   2.0000   0.9128 -2698.456
 38  25    927.6    311.4   0.3299   0.1649   2.0000   0.8653 -2676.938
 38  26    926.8    312.2   0.3637   0.1818   2.0000   0.9535 -2735.864
 38  27    926.8    312.2   0.3637   0.1818   2.0000   0.9535 -2735.864
 38  28    925.5    313.5   0.4007   0.2003   2.0000   1.0500 -2776.156
 38  29    926.4    312.6   0.3797   0.1898   2.0000   0.9953 -2754.288
 38  30    926.4    312.6   0.3797   0.1898   2.0000   0.9953 -2754.288
 38  31    926.7    312.3   0.3718   0.1859   2.0000   0.9747 -2740.020
 38  32    929.2    309.8   0.3633   0.1817   2.0000   0.9537 -2731.602
 38  33    926.4    312.6   0.2716   0.1358   2.0000   0.7121 -2564.265
 38  34    926.4    312.6   0.2716   0.1358   2.0000   0.7121 -2564.265
 38  35    927.0    312.0   0.2727   0.1363   2.0000   0.7150 -2577.267
 38  36    927.4    311.6   0.1814   0.0907   2.0000   0.4758 -2362.170
 38  37    924.1    314.9   0.1476   0.0738   2.0000   0.3865 -2280.344

