Supplemental results for CODEML (seqf: /gpfs/scratch/cltucker/EBH381-Group-Project/SIV_aligned_GAG.fas  treef: )


pairwise comparison (Goldman & Yang 1994)
seq seq        N       S       dN       dS     dN/dS   Paras.
  2   1    570.7    230.3   0.2389   0.5972   0.4000   1.0258 -1721.746
  3   1    571.0    230.0   0.2730   0.6825   0.4000   1.1718 -1760.794
  3   2    571.2    229.8   0.2265   0.5662   0.4000   0.9719 -1705.426
  4   1    570.3    230.7   0.2687   0.6716   0.4000   1.1542 -1755.776
  4   2    570.5    230.5   0.2071   0.5177   0.4000   0.8894 -1683.622
  4   3    570.8    230.2   0.1471   0.3678   0.4000   0.6316 -1569.977
  5   1    571.6    229.4   0.2576   0.6440   0.4000   1.1048 -1741.974
  5   2    571.9    229.1   0.2257   0.5642   0.4000   0.9676 -1713.030
  5   3    572.2    228.8   0.1590   0.3975   0.4000   0.6813 -1595.982
  5   4    571.5    229.5   0.1394   0.3485   0.4000   0.5980 -1551.249
  6   1    571.6    229.4   0.2576   0.6440   0.4000   1.1048 -1741.974
  6   2    571.9    229.1   0.2257   0.5642   0.4000   0.9676 -1713.030
  6   3    572.2    228.8   0.1590   0.3975   0.4000   0.6813 -1595.982
  6   4    571.5    229.5   0.1394   0.3485   0.4000   0.5980 -1551.249
  6   5    572.9    228.1   0.0000   0.0000   0.4000   0.0000 -1069.542
  7   1    571.8    229.2   0.2307   0.5768   0.4000   0.9892 -1713.948
  7   2    572.0    229.0   0.2183   0.5457   0.4000   0.9356 -1704.075
  7   3    572.3    228.7   0.1439   0.3597   0.4000   0.6165 -1572.684
  7   4    571.6    229.4   0.1373   0.3432   0.4000   0.5888 -1548.355
  7   5    573.1    227.9   0.0349   0.0872   0.4000   0.1493 -1263.295
  7   6    573.1    227.9   0.0349   0.0872   0.4000   0.1493 -1263.295
  8   1    571.8    229.2   0.2307   0.5768   0.4000   0.9892 -1713.948
  8   2    572.0    229.0   0.2183   0.5457   0.4000   0.9356 -1704.075
  8   3    572.3    228.7   0.1439   0.3597   0.4000   0.6165 -1572.684
  8   4    571.6    229.4   0.1373   0.3432   0.4000   0.5888 -1548.355
  8   5    573.1    227.9   0.0349   0.0872   0.4000   0.1493 -1263.295
  8   6    573.1    227.9   0.0349   0.0872   0.4000   0.1493 -1263.295
  8   7    573.2    227.8   0.0000   0.0000   0.4000   0.0000 -1069.482
  9   1    571.7    229.3   0.2669   0.6671   0.4000   1.1444 -1753.860
  9   2    571.9    229.1   0.2267   0.5668   0.4000   0.9720 -1711.570
  9   3    572.2    228.8   0.1338   0.3346   0.4000   0.5735 -1544.145
  9   4    571.5    229.5   0.1321   0.3303   0.4000   0.5667 -1540.915
  9   5    572.9    228.1   0.0901   0.2252   0.4000   0.3857 -1432.098
  9   6    572.9    228.1   0.0901   0.2252   0.4000   0.3857 -1432.098
  9   7    573.0    228.0   0.0914   0.2286   0.4000   0.3914 -1434.973
  9   8    573.0    228.0   0.0914   0.2286   0.4000   0.3914 -1434.973
 10   1    571.2    229.8   0.2661   0.6652   0.4000   1.1418 -1751.422
 10   2    571.4    229.6   0.2106   0.5264   0.4000   0.9032 -1695.396
 10   3    571.7    229.3   0.1279   0.3197   0.4000   0.5485 -1523.859
 10   4    571.0    230.0   0.1189   0.2972   0.4000   0.5102 -1513.417
 10   5    572.4    228.6   0.0752   0.1879   0.4000   0.3220 -1389.715
 10   6    572.4    228.6   0.0752   0.1879   0.4000   0.3220 -1389.715
 10   7    572.6    228.4   0.0733   0.1832   0.4000   0.3138 -1383.767
 10   8    572.6    228.4   0.0733   0.1832   0.4000   0.3138 -1383.767
 10   9    572.4    228.6   0.0708   0.1769   0.4000   0.3031 -1375.493
 11   1    571.1    229.9   0.2608   0.6520   0.4000   1.1191 -1747.969
 11   2    571.4    229.6   0.2086   0.5216   0.4000   0.8951 -1692.752
 11   3    571.7    229.3   0.1280   0.3199   0.4000   0.5488 -1523.435
 11   4    571.0    230.0   0.1165   0.2913   0.4000   0.5001 -1509.674
 11   5    572.4    228.6   0.0774   0.1935   0.4000   0.3316 -1394.483
 11   6    572.4    228.6   0.0774   0.1935   0.4000   0.3316 -1394.483
 11   7    572.5    228.5   0.0733   0.1833   0.4000   0.3140 -1383.209
 11   8    572.5    228.5   0.0733   0.1833   0.4000   0.3140 -1383.209
 11   9    572.4    228.6   0.0708   0.1770   0.4000   0.3033 -1374.404
 11  10    571.9    229.1   0.0035   0.0087   0.4000   0.0149 -1093.674
 12   1    570.5    230.5   0.3596   0.8990   0.4000   1.5444 -1832.227
 12   2    570.8    230.2   0.3326   0.8315   0.4000   1.4280 -1808.870
 12   3    571.0    230.0   0.3875   0.9688   0.4000   1.6631 -1868.512
 12   4    570.4    230.6   0.3513   0.8783   0.4000   1.5091 -1837.952
 12   5    571.7    229.3   0.3803   0.9507   0.4000   1.6307 -1857.647
 12   6    571.7    229.3   0.3803   0.9507   0.4000   1.6307 -1857.647
 12   7    571.9    229.1   0.4000   1.0001   0.4000   1.7150 -1872.387
 12   8    571.9    229.1   0.4000   1.0001   0.4000   1.7150 -1872.387
 12   9    571.7    229.3   0.3829   0.9572   0.4000   1.6418 -1860.096
 12  10    571.2    229.8   0.3544   0.8861   0.4000   1.5208 -1841.856
 12  11    571.2    229.8   0.3579   0.8947   0.4000   1.5356 -1844.312
 13   1    570.0    231.0   0.3486   0.8714   0.4000   1.4981 -1823.529
 13   2    570.2    230.8   0.3727   0.9317   0.4000   1.6012 -1842.560
 13   3    570.5    230.5   0.3682   0.9206   0.4000   1.5816 -1853.482
 13   4    569.8    231.2   0.3645   0.9113   0.4000   1.5671 -1850.630
 13   5    571.2    229.8   0.3772   0.9430   0.4000   1.6186 -1854.604
 13   6    571.2    229.8   0.3772   0.9430   0.4000   1.6186 -1854.604
 13   7    571.3    229.7   0.3774   0.9434   0.4000   1.6191 -1853.996
 13   8    571.3    229.7   0.3774   0.9434   0.4000   1.6191 -1853.996
 13   9    571.2    229.8   0.3496   0.8739   0.4000   1.5000 -1842.370
 13  10    570.7    230.3   0.3383   0.8458   0.4000   1.4527 -1830.244
 13  11    570.7    230.3   0.3418   0.8545   0.4000   1.4677 -1833.241
 13  12    570.0    231.0   0.1805   0.4513   0.4000   0.7757 -1645.064
 14   1    569.7    231.3   0.3460   0.8651   0.4000   1.4877 -1821.334
 14   2    570.0    231.0   0.3666   0.9165   0.4000   1.5756 -1837.340
 14   3    570.3    230.7   0.3624   0.9060   0.4000   1.5569 -1849.637
 14   4    569.6    231.4   0.3617   0.9041   0.4000   1.5552 -1848.452
 14   5    571.0    230.0   0.3701   0.9252   0.4000   1.5885 -1852.924
 14   6    571.0    230.0   0.3701   0.9252   0.4000   1.5885 -1852.924
 14   7    571.1    229.9   0.3653   0.9131   0.4000   1.5674 -1850.576
 14   8    571.1    229.9   0.3653   0.9131   0.4000   1.5674 -1850.576
 14   9    571.0    230.0   0.3376   0.8441   0.4000   1.4492 -1836.827
 14  10    570.5    230.5   0.3312   0.8280   0.4000   1.4226 -1826.871
 14  11    570.5    230.5   0.3346   0.8364   0.4000   1.4371 -1829.844
 14  12    569.8    231.2   0.1969   0.4924   0.4000   0.8466 -1667.610
 14  13    569.3    231.7   0.0207   0.0516   0.4000   0.0889 -1200.015
 15   1    569.8    231.2   0.3502   0.8754   0.4000   1.5053 -1827.179
 15   2    570.0    231.0   0.3621   0.9053   0.4000   1.5562 -1837.033
 15   3    570.3    230.7   0.3686   0.9216   0.4000   1.5836 -1854.057
 15   4    569.6    231.4   0.3662   0.9154   0.4000   1.5745 -1852.126
 15   5    571.0    230.0   0.3734   0.9336   0.4000   1.6027 -1855.240
 15   6    571.0    230.0   0.3734   0.9336   0.4000   1.6027 -1855.240
 15   7    571.2    229.8   0.3762   0.9405   0.4000   1.6143 -1857.000
 15   8    571.2    229.8   0.3762   0.9405   0.4000   1.6143 -1857.000
 15   9    571.0    230.0   0.3533   0.8832   0.4000   1.5163 -1846.538
 15  10    570.5    230.5   0.3446   0.8614   0.4000   1.4798 -1835.179
 15  11    570.5    230.5   0.3481   0.8701   0.4000   1.4949 -1838.094
 15  12    569.9    231.1   0.1983   0.4957   0.4000   0.8522 -1669.852
 15  13    569.3    231.7   0.0216   0.0540   0.4000   0.0929 -1202.687
 15  14    569.1    231.9   0.0133   0.0333   0.4000   0.0574 -1162.525
 16   1    569.8    231.2   0.3451   0.8628   0.4000   1.4836 -1822.358
 16   2    570.1    230.9   0.3569   0.8922   0.4000   1.5337 -1832.338
 16   3    570.4    230.6   0.3683   0.9206   0.4000   1.5819 -1852.158
 16   4    569.7    231.3   0.3608   0.9020   0.4000   1.5513 -1847.550
 16   5    571.1    229.9   0.3730   0.9326   0.4000   1.6010 -1853.317
 16   6    571.1    229.9   0.3730   0.9326   0.4000   1.6010 -1853.317
 16   7    571.2    229.8   0.3758   0.9395   0.4000   1.6126 -1855.092
 16   8    571.2    229.8   0.3758   0.9395   0.4000   1.6126 -1855.092
 16   9    571.1    229.9   0.3480   0.8699   0.4000   1.4934 -1841.762
 16  10    570.6    230.4   0.3394   0.8486   0.4000   1.4577 -1830.333
 16  11    570.5    230.5   0.3429   0.8572   0.4000   1.4725 -1833.283
 16  12    569.9    231.1   0.1949   0.4874   0.4000   0.8379 -1663.849
 16  13    569.4    231.6   0.0197   0.0494   0.4000   0.0849 -1191.881
 16  14    569.1    231.9   0.0115   0.0288   0.4000   0.0496 -1150.735
 16  15    569.2    231.8   0.0017   0.0044   0.4000   0.0075 -1089.196
 17   1    569.8    231.2   0.3451   0.8628   0.4000   1.4836 -1822.358
 17   2    570.1    230.9   0.3569   0.8922   0.4000   1.5337 -1832.338
 17   3    570.4    230.6   0.3683   0.9206   0.4000   1.5819 -1852.158
 17   4    569.7    231.3   0.3608   0.9020   0.4000   1.5513 -1847.550
 17   5    571.1    229.9   0.3730   0.9326   0.4000   1.6010 -1853.317
 17   6    571.1    229.9   0.3730   0.9326   0.4000   1.6010 -1853.317
 17   7    571.2    229.8   0.3758   0.9395   0.4000   1.6126 -1855.092
 17   8    571.2    229.8   0.3758   0.9395   0.4000   1.6126 -1855.092
 17   9    571.1    229.9   0.3480   0.8699   0.4000   1.4934 -1841.762
 17  10    570.6    230.4   0.3394   0.8486   0.4000   1.4577 -1830.333
 17  11    570.5    230.5   0.3429   0.8572   0.4000   1.4725 -1833.283
 17  12    569.9    231.1   0.1949   0.4874   0.4000   0.8379 -1663.849
 17  13    569.4    231.6   0.0197   0.0494   0.4000   0.0849 -1191.881
 17  14    569.1    231.9   0.0115   0.0288   0.4000   0.0496 -1150.735
 17  15    569.2    231.8   0.0017   0.0044   0.4000   0.0075 -1089.196
 17  16    569.2    231.8   0.0000   0.0000   0.4000   0.0000 -1071.450
 18   1    570.4    230.6   0.3215   0.8038   0.4000   1.3811 -1813.804
 18   2    570.7    230.3   0.3666   0.9165   0.4000   1.5742 -1839.112
 18   3    570.9    230.1   0.3937   0.9841   0.4000   1.6897 -1875.581
 18   4    570.3    230.7   0.3904   0.9759   0.4000   1.6771 -1871.484
 18   5    571.6    229.4   0.3610   0.9025   0.4000   1.5482 -1861.464
 18   6    571.6    229.4   0.3610   0.9025   0.4000   1.5482 -1861.464
 18   7    571.8    229.2   0.3702   0.9256   0.4000   1.5875 -1869.870
 18   8    571.8    229.2   0.3702   0.9256   0.4000   1.5875 -1869.870
 18   9    571.6    229.4   0.3761   0.9403   0.4000   1.6130 -1868.122
 18  10    571.2    229.8   0.3573   0.8931   0.4000   1.5330 -1856.251
 18  11    571.1    229.9   0.3590   0.8975   0.4000   1.5406 -1857.415
 18  12    570.5    230.5   0.1809   0.4522   0.4000   0.7768 -1638.534
 18  13    570.0    231.0   0.1521   0.3802   0.4000   0.6536 -1593.672
 18  14    569.7    231.3   0.1619   0.4047   0.4000   0.6960 -1601.229
 18  15    569.8    231.2   0.1578   0.3946   0.4000   0.6785 -1598.999
 18  16    569.8    231.2   0.1549   0.3873   0.4000   0.6660 -1592.348
 18  17    569.8    231.2   0.1549   0.3873   0.4000   0.6660 -1592.348
 19   1    569.5    231.5   0.3212   0.8031   0.4000   1.3815 -1806.274
 19   2    569.7    231.3   0.3207   0.8018   0.4000   1.3788 -1807.205
 19   3    570.0    231.0   0.3506   0.8765   0.4000   1.5069 -1851.175
 19   4    569.3    231.7   0.3743   0.9356   0.4000   1.6099 -1856.277
 19   5    570.7    230.3   0.3761   0.9402   0.4000   1.6149 -1862.317
 19   6    570.7    230.3   0.3761   0.9402   0.4000   1.6149 -1862.317
 19   7    570.8    230.2   0.3715   0.9286   0.4000   1.5947 -1863.804
 19   8    570.8    230.2   0.3715   0.9286   0.4000   1.5947 -1863.804
 19   9    570.7    230.3   0.3602   0.9005   0.4000   1.5467 -1855.870
 19  10    570.2    230.8   0.3665   0.9162   0.4000   1.5747 -1857.304
 19  11    570.2    230.8   0.3683   0.9207   0.4000   1.5825 -1858.438
 19  12    569.6    231.4   0.1811   0.4528   0.4000   0.7788 -1640.010
 19  13    569.0    232.0   0.1640   0.4101   0.4000   0.7059 -1609.454
 19  14    568.8    232.2   0.1671   0.4177   0.4000   0.7193 -1608.190
 19  15    568.8    232.2   0.1678   0.4195   0.4000   0.7224 -1612.752
 19  16    568.9    232.1   0.1648   0.4121   0.4000   0.7095 -1606.178
 19  17    568.9    232.1   0.1648   0.4121   0.4000   0.7095 -1606.178
 19  18    569.5    231.5   0.0927   0.2319   0.4000   0.3989 -1451.329
 20   1    570.0    231.0   0.3392   0.8479   0.4000   1.4578 -1819.572
 20   2    570.2    230.8   0.3422   0.8556   0.4000   1.4704 -1831.343
 20   3    570.5    230.5   0.3910   0.9776   0.4000   1.6796 -1881.317
 20   4    569.8    231.2   0.3871   0.9677   0.4000   1.6641 -1863.860
 20   5    571.2    229.8   0.3494   0.8734   0.4000   1.4992 -1853.127
 20   6    571.2    229.8   0.3494   0.8734   0.4000   1.4992 -1853.127
 20   7    571.3    229.7   0.3457   0.8641   0.4000   1.4830 -1850.956
 20   8    571.3    229.7   0.3457   0.8641   0.4000   1.4830 -1850.956
 20   9    571.2    229.8   0.3770   0.9424   0.4000   1.6176 -1859.826
 20  10    570.7    230.3   0.3704   0.9261   0.4000   1.5906 -1860.227
 20  11    570.7    230.3   0.3770   0.9426   0.4000   1.6190 -1863.184
 20  12    570.1    230.9   0.2717   0.6792   0.4000   1.1675 -1751.637
 20  13    569.5    231.5   0.2671   0.6678   0.4000   1.1487 -1758.402
 20  14    569.3    231.7   0.2648   0.6620   0.4000   1.1391 -1757.711
 20  15    569.3    231.7   0.2695   0.6737   0.4000   1.1592 -1762.840
 20  16    569.4    231.6   0.2693   0.6732   0.4000   1.1582 -1760.781
 20  17    569.4    231.6   0.2693   0.6732   0.4000   1.1582 -1760.781
 20  18    569.9    231.1   0.2438   0.6094   0.4000   1.0477 -1741.490
 20  19    569.0    232.0   0.2445   0.6113   0.4000   1.0523 -1737.278
 21   1    570.3    230.7   0.3142   0.7856   0.4000   1.3499 -1799.380
 21   2    570.6    230.4   0.3482   0.8706   0.4000   1.4955 -1822.713
 21   3    570.9    230.1   0.3719   0.9299   0.4000   1.5967 -1848.376
 21   4    570.2    230.8   0.3562   0.8906   0.4000   1.5306 -1846.743
 21   5    571.6    229.4   0.3776   0.9439   0.4000   1.6193 -1855.909
 21   6    571.6    229.4   0.3776   0.9439   0.4000   1.6193 -1855.909
 21   7    571.7    229.3   0.3899   0.9746   0.4000   1.6717 -1863.907
 21   8    571.7    229.3   0.3899   0.9746   0.4000   1.6717 -1863.907
 21   9    571.6    229.4   0.3929   0.9823   0.4000   1.6853 -1861.951
 21  10    571.1    229.9   0.3686   0.9216   0.4000   1.5821 -1850.170
 21  11    571.0    230.0   0.3665   0.9163   0.4000   1.5731 -1849.359
 21  12    570.4    230.6   0.2418   0.6046   0.4000   1.0388 -1722.023
 21  13    569.9    231.1   0.2617   0.6542   0.4000   1.1249 -1749.137
 21  14    569.6    231.4   0.2692   0.6730   0.4000   1.1574 -1756.492
 21  15    569.7    231.3   0.2736   0.6841   0.4000   1.1765 -1761.266
 21  16    569.7    231.3   0.2734   0.6836   0.4000   1.1756 -1759.249
 21  17    569.7    231.3   0.2734   0.6836   0.4000   1.1756 -1759.249
 21  18    570.3    230.7   0.2711   0.6778   0.4000   1.1646 -1751.022
 21  19    569.4    231.6   0.2752   0.6880   0.4000   1.1837 -1757.397
 21  20    569.9    231.1   0.2115   0.5288   0.4000   0.9092 -1688.851
 22   1    569.9    231.1   0.3495   0.8737   0.4000   1.5022 -1824.667
 22   2    570.1    230.9   0.3286   0.8216   0.4000   1.4122 -1814.243
 22   3    570.4    230.6   0.3768   0.9420   0.4000   1.6185 -1852.748
 22   4    569.7    231.3   0.3563   0.8907   0.4000   1.5318 -1838.171
 22   5    571.1    229.9   0.3857   0.9644   0.4000   1.6555 -1863.076
 22   6    571.1    229.9   0.3857   0.9644   0.4000   1.6555 -1863.076
 22   7    571.3    229.7   0.3554   0.8886   0.4000   1.5251 -1848.358
 22   8    571.3    229.7   0.3554   0.8886   0.4000   1.5251 -1848.358
 22   9    571.1    229.9   0.3724   0.9311   0.4000   1.5983 -1858.202
 22  10    570.6    230.4   0.3715   0.9287   0.4000   1.5952 -1853.192
 22  11    570.6    230.4   0.3649   0.9122   0.4000   1.5670 -1851.233
 22  12    570.0    231.0   0.2403   0.6008   0.4000   1.0329 -1725.102
 22  13    569.4    231.6   0.2472   0.6180   0.4000   1.0633 -1737.746
 22  14    569.2    231.8   0.2478   0.6194   0.4000   1.0660 -1733.130
 22  15    569.2    231.8   0.2541   0.6353   0.4000   1.0932 -1739.926
 22  16    569.3    231.7   0.2502   0.6255   0.4000   1.0763 -1734.505
 22  17    569.3    231.7   0.2502   0.6255   0.4000   1.0763 -1734.505
 22  18    569.9    231.1   0.2359   0.5898   0.4000   1.0142 -1720.620
 22  19    568.9    232.1   0.2344   0.5860   0.4000   1.0089 -1719.338
 22  20    569.4    231.6   0.2512   0.6280   0.4000   1.0805 -1741.981
 22  21    569.8    231.2   0.1920   0.4801   0.4000   0.8256 -1668.008
 23   1    569.8    231.2   0.3597   0.8992   0.4000   1.5461 -1828.709
 23   2    570.1    230.9   0.3269   0.8171   0.4000   1.4046 -1810.257
 23   3    570.3    230.7   0.3567   0.8918   0.4000   1.5324 -1842.759
 23   4    569.7    231.3   0.3591   0.8977   0.4000   1.5439 -1838.500
 23   5    571.0    230.0   0.3885   0.9712   0.4000   1.6674 -1864.881
 23   6    571.0    230.0   0.3885   0.9712   0.4000   1.6674 -1864.881
 23   7    571.2    229.8   0.3675   0.9186   0.4000   1.5767 -1855.941
 23   8    571.2    229.8   0.3675   0.9186   0.4000   1.5767 -1855.941
 23   9    571.0    230.0   0.3617   0.9042   0.4000   1.5524 -1853.958
 23  10    570.6    230.4   0.3680   0.9200   0.4000   1.5804 -1851.326
 23  11    570.5    230.5   0.3614   0.9036   0.4000   1.5523 -1849.340
 23  12    569.9    231.1   0.2323   0.5806   0.4000   0.9983 -1717.173
 23  13    569.3    231.7   0.2432   0.6081   0.4000   1.0462 -1736.137
 23  14    569.1    231.9   0.2475   0.6188   0.4000   1.0650 -1734.099
 23  15    569.2    231.8   0.2555   0.6388   0.4000   1.0994 -1741.722
 23  16    569.2    231.8   0.2516   0.6290   0.4000   1.0824 -1736.314
 23  17    569.2    231.8   0.2516   0.6290   0.4000   1.0824 -1736.314
 23  18    569.8    231.2   0.2356   0.5891   0.4000   1.0129 -1720.455
 23  19    568.8    232.2   0.2345   0.5862   0.4000   1.0092 -1719.466
 23  20    569.3    231.7   0.2511   0.6278   0.4000   1.0802 -1741.561
 23  21    569.7    231.3   0.1984   0.4959   0.4000   0.8528 -1672.958
 23  22    569.3    231.7   0.0105   0.0262   0.4000   0.0450 -1143.657
 24   1    569.4    231.6   0.3097   0.7744   0.4000   1.3322 -1808.645
 24   2    569.7    231.3   0.3631   0.9078   0.4000   1.5613 -1850.794
 24   3    569.9    231.1   0.3674   0.9184   0.4000   1.5790 -1855.977
 24   4    569.3    231.7   0.3784   0.9461   0.4000   1.6279 -1849.471
 24   5    570.6    230.4   0.3654   0.9136   0.4000   1.5692 -1849.983
 24   6    570.6    230.4   0.3654   0.9136   0.4000   1.5692 -1849.983
 24   7    570.8    230.2   0.3703   0.9256   0.4000   1.5896 -1854.407
 24   8    570.8    230.2   0.3703   0.9256   0.4000   1.5896 -1854.407
 24   9    570.7    230.3   0.3664   0.9159   0.4000   1.5732 -1846.486
 24  10    570.2    230.8   0.3726   0.9316   0.4000   1.6010 -1849.090
 24  11    570.2    230.8   0.3717   0.9292   0.4000   1.5970 -1848.506
 24  12    569.6    231.4   0.2738   0.6845   0.4000   1.1774 -1768.576
 24  13    569.0    232.0   0.2731   0.6827   0.4000   1.1752 -1774.893
 24  14    568.7    232.3   0.2639   0.6597   0.4000   1.1359 -1770.013
 24  15    568.8    232.2   0.2748   0.6869   0.4000   1.1828 -1777.135
 24  16    568.8    232.2   0.2706   0.6766   0.4000   1.1648 -1771.965
 24  17    568.8    232.2   0.2706   0.6766   0.4000   1.1648 -1771.965
 24  18    569.4    231.6   0.2494   0.6235   0.4000   1.0727 -1752.801
 24  19    568.5    232.5   0.2586   0.6465   0.4000   1.1136 -1757.827
 24  20    568.9    232.1   0.2288   0.5721   0.4000   0.9849 -1726.922
 24  21    569.3    231.7   0.2496   0.6241   0.4000   1.0738 -1736.674
 24  22    568.9    232.1   0.1923   0.4809   0.4000   0.8279 -1659.546
 24  23    568.8    232.2   0.1972   0.4931   0.4000   0.8489 -1667.214
 25   1    568.6    232.4   0.3187   0.7966   0.4000   1.3720 -1809.463
 25   2    568.9    232.1   0.3426   0.8565   0.4000   1.4746 -1834.197
 25   3    569.1    231.9   0.3459   0.8647   0.4000   1.4881 -1844.038
 25   4    568.5    232.5   0.3499   0.8747   0.4000   1.5068 -1835.390
 25   5    569.8    231.2   0.3512   0.8779   0.4000   1.5096 -1837.514
 25   6    569.8    231.2   0.3512   0.8779   0.4000   1.5096 -1837.514
 25   7    570.0    231.0   0.3458   0.8644   0.4000   1.4861 -1841.334
 25   8    570.0    231.0   0.3458   0.8644   0.4000   1.4861 -1841.334
 25   9    569.9    231.1   0.3404   0.8510   0.4000   1.4633 -1835.259
 25  10    569.4    231.6   0.3249   0.8122   0.4000   1.3974 -1828.061
 25  11    569.3    231.7   0.3202   0.8004   0.4000   1.3772 -1825.191
 25  12    568.8    232.2   0.2988   0.7470   0.4000   1.2862 -1783.194
 25  13    568.2    232.8   0.2983   0.7456   0.4000   1.2849 -1801.234
 25  14    567.9    233.1   0.2891   0.7226   0.4000   1.2457 -1793.164
 25  15    568.0    233.0   0.2917   0.7294   0.4000   1.2572 -1795.779
 25  16    568.0    233.0   0.2916   0.7289   0.4000   1.2563 -1793.881
 25  17    568.0    233.0   0.2916   0.7289   0.4000   1.2563 -1793.881
 25  18    568.6    232.4   0.2966   0.7414   0.4000   1.2769 -1791.478
 25  19    567.6    233.4   0.2863   0.7158   0.4000   1.2343 -1779.970
 25  20    568.1    232.9   0.2711   0.6777   0.4000   1.1680 -1760.297
 25  21    568.5    232.5   0.2268   0.5671   0.4000   0.9768 -1707.363
 25  22    568.0    233.0   0.1727   0.4317   0.4000   0.7440 -1635.138
 25  23    568.0    233.0   0.1804   0.4509   0.4000   0.7772 -1647.727
 25  24    567.6    233.4   0.1413   0.3532   0.4000   0.6091 -1567.589
 26   1    571.0    230.0   0.3173   0.7932   0.4000   1.3619 -1801.820
 26   2    571.2    229.8   0.3140   0.7849   0.4000   1.3472 -1800.922
 26   3    571.5    229.5   0.3669   0.9172   0.4000   1.5738 -1859.276
 26   4    570.8    230.2   0.3142   0.7855   0.4000   1.3489 -1811.161
 26   5    572.2    228.8   0.3422   0.8554   0.4000   1.4663 -1831.909
 26   6    572.2    228.8   0.3422   0.8554   0.4000   1.4663 -1831.909
 26   7    572.3    228.7   0.3248   0.8119   0.4000   1.3915 -1820.513
 26   8    572.3    228.7   0.3248   0.8119   0.4000   1.3915 -1820.513
 26   9    572.2    228.8   0.3480   0.8699   0.4000   1.4912 -1836.207
 26  10    571.7    229.3   0.3213   0.8031   0.4000   1.3776 -1815.173
 26  11    571.7    229.3   0.3153   0.7883   0.4000   1.3521 -1813.005
 26  12    571.1    229.9   0.2305   0.5764   0.4000   0.9895 -1729.259
 26  13    570.5    230.5   0.2715   0.6787   0.4000   1.1659 -1762.263
 26  14    570.3    230.7   0.2751   0.6878   0.4000   1.1820 -1763.200
 26  15    570.3    230.7   0.2709   0.6772   0.4000   1.1637 -1760.977
 26  16    570.4    230.6   0.2668   0.6670   0.4000   1.1460 -1755.640
 26  17    570.4    230.6   0.2668   0.6670   0.4000   1.1460 -1755.640
 26  18    570.9    230.1   0.2662   0.6655   0.4000   1.1427 -1750.157
 26  19    570.0    231.0   0.2546   0.6365   0.4000   1.0942 -1745.413
 26  20    570.5    230.5   0.2166   0.5416   0.4000   0.9304 -1686.600
 26  21    570.9    230.1   0.2124   0.5311   0.4000   0.9119 -1677.719
 26  22    570.4    230.6   0.2316   0.5791   0.4000   0.9950 -1705.574
 26  23    570.3    230.7   0.2437   0.6093   0.4000   1.0470 -1719.546
 26  24    569.9    231.1   0.2439   0.6098   0.4000   1.0484 -1727.260
 26  25    569.1    231.9   0.2448   0.6120   0.4000   1.0533 -1723.634
 27   1    571.0    230.0   0.3173   0.7932   0.4000   1.3619 -1801.820
 27   2    571.2    229.8   0.3140   0.7849   0.4000   1.3472 -1800.922
 27   3    571.5    229.5   0.3669   0.9172   0.4000   1.5738 -1859.276
 27   4    570.8    230.2   0.3142   0.7855   0.4000   1.3489 -1811.161
 27   5    572.2    228.8   0.3422   0.8554   0.4000   1.4663 -1831.909
 27   6    572.2    228.8   0.3422   0.8554   0.4000   1.4663 -1831.909
 27   7    572.3    228.7   0.3248   0.8119   0.4000   1.3915 -1820.513
 27   8    572.3    228.7   0.3248   0.8119   0.4000   1.3915 -1820.513
 27   9    572.2    228.8   0.3480   0.8699   0.4000   1.4912 -1836.207
 27  10    571.7    229.3   0.3213   0.8031   0.4000   1.3776 -1815.173
 27  11    571.7    229.3   0.3153   0.7883   0.4000   1.3521 -1813.005
 27  12    571.1    229.9   0.2305   0.5764   0.4000   0.9895 -1729.259
 27  13    570.5    230.5   0.2715   0.6787   0.4000   1.1659 -1762.263
 27  14    570.3    230.7   0.2751   0.6878   0.4000   1.1820 -1763.200
 27  15    570.3    230.7   0.2709   0.6772   0.4000   1.1637 -1760.977
 27  16    570.4    230.6   0.2668   0.6670   0.4000   1.1460 -1755.640
 27  17    570.4    230.6   0.2668   0.6670   0.4000   1.1460 -1755.640
 27  18    570.9    230.1   0.2662   0.6655   0.4000   1.1427 -1750.157
 27  19    570.0    231.0   0.2546   0.6365   0.4000   1.0942 -1745.413
 27  20    570.5    230.5   0.2166   0.5416   0.4000   0.9304 -1686.600
 27  21    570.9    230.1   0.2124   0.5311   0.4000   0.9119 -1677.719
 27  22    570.4    230.6   0.2316   0.5791   0.4000   0.9950 -1705.574
 27  23    570.3    230.7   0.2437   0.6093   0.4000   1.0470 -1719.546
 27  24    569.9    231.1   0.2439   0.6098   0.4000   1.0484 -1727.260
 27  25    569.1    231.9   0.2448   0.6120   0.4000   1.0533 -1723.634
 27  26    571.5    229.5   0.0000   0.0000   0.4000   0.0000 -1069.894
 28   1    570.9    230.1   0.3017   0.7543   0.4000   1.2953 -1787.127
 28   2    571.1    229.9   0.2988   0.7471   0.4000   1.2825 -1780.178
 28   3    571.4    229.6   0.3404   0.8510   0.4000   1.4604 -1821.852
 28   4    570.7    230.3   0.3305   0.8263   0.4000   1.4192 -1804.832
 28   5    572.0    229.0   0.3396   0.8490   0.4000   1.4557 -1823.156
 28   6    572.0    229.0   0.3396   0.8490   0.4000   1.4557 -1823.156
 28   7    572.2    228.8   0.3233   0.8082   0.4000   1.3854 -1809.838
 28   8    572.2    228.8   0.3233   0.8082   0.4000   1.3854 -1809.838
 28   9    572.0    229.0   0.3561   0.8903   0.4000   1.5264 -1828.045
 28  10    571.6    229.4   0.3275   0.8188   0.4000   1.4047 -1812.436
 28  11    571.5    229.5   0.3263   0.8157   0.4000   1.3995 -1813.085
 28  12    571.0    230.0   0.2682   0.6705   0.4000   1.1513 -1752.818
 28  13    570.4    230.6   0.2709   0.6772   0.4000   1.1636 -1759.263
 28  14    570.2    230.8   0.2761   0.6903   0.4000   1.1864 -1762.040
 28  15    570.2    230.8   0.2805   0.7013   0.4000   1.2052 -1766.509
 28  16    570.3    230.7   0.2803   0.7007   0.4000   1.2042 -1764.454
 28  17    570.3    230.7   0.2803   0.7007   0.4000   1.2042 -1764.454
 28  18    570.8    230.2   0.2886   0.7214   0.4000   1.2389 -1760.096
 28  19    569.9    231.1   0.2740   0.6850   0.4000   1.1777 -1754.338
 28  20    570.4    230.6   0.2660   0.6651   0.4000   1.1428 -1763.032
 28  21    570.7    230.3   0.2201   0.5503   0.4000   0.9450 -1692.802
 28  22    570.3    230.7   0.2461   0.6153   0.4000   1.0574 -1734.164
 28  23    570.2    230.8   0.2417   0.6043   0.4000   1.0385 -1733.389
 28  24    569.8    231.2   0.2621   0.6553   0.4000   1.1268 -1751.892
 28  25    569.0    232.0   0.2339   0.5847   0.4000   1.0063 -1713.900
 28  26    571.4    229.6   0.2175   0.5438   0.4000   0.9332 -1692.590
 28  27    571.4    229.6   0.2175   0.5438   0.4000   0.9332 -1692.590
 29   1    571.1    229.9   0.3028   0.7571   0.4000   1.2996 -1784.913
 29   2    571.4    229.6   0.3155   0.7887   0.4000   1.3534 -1799.650
 29   3    571.6    229.4   0.3252   0.8130   0.4000   1.3947 -1821.695
 29   4    571.0    230.0   0.3214   0.8035   0.4000   1.3796 -1804.314
 29   5    572.2    228.8   0.3141   0.7852   0.4000   1.3460 -1803.654
 29   6    572.2    228.8   0.3141   0.7852   0.4000   1.3460 -1803.654
 29   7    572.3    228.7   0.3294   0.8236   0.4000   1.4116 -1818.706
 29   8    572.3    228.7   0.3294   0.8236   0.4000   1.4116 -1818.706
 29   9    572.3    228.7   0.3263   0.8158   0.4000   1.3983 -1809.269
 29  10    571.8    229.2   0.3063   0.7656   0.4000   1.3131 -1795.859
 29  11    571.8    229.2   0.3078   0.7696   0.4000   1.3199 -1797.119
 29  12    571.3    229.7   0.2596   0.6489   0.4000   1.1137 -1735.849
 29  13    570.7    230.3   0.2545   0.6362   0.4000   1.0928 -1737.513
 29  14    570.4    230.6   0.2665   0.6663   0.4000   1.1449 -1753.605
 29  15    570.4    230.6   0.2617   0.6543   0.4000   1.1241 -1748.740
 29  16    570.5    230.5   0.2577   0.6442   0.4000   1.1068 -1743.225
 29  17    570.5    230.5   0.2577   0.6442   0.4000   1.1068 -1743.225
 29  18    571.1    229.9   0.2552   0.6381   0.4000   1.0954 -1739.456
 29  19    570.2    230.8   0.2552   0.6381   0.4000   1.0967 -1746.702
 29  20    570.6    230.4   0.2718   0.6795   0.4000   1.1672 -1761.862
 29  21    571.0    230.0   0.2174   0.5434   0.4000   0.9331 -1689.551
 29  22    570.5    230.5   0.2474   0.6185   0.4000   1.0626 -1737.160
 29  23    570.5    230.5   0.2448   0.6120   0.4000   1.0514 -1735.019
 29  24    570.1    230.9   0.2501   0.6252   0.4000   1.0748 -1741.621
 29  25    569.3    231.7   0.2285   0.5711   0.4000   0.9828 -1716.677
 29  26    571.6    229.4   0.2146   0.5365   0.4000   0.9204 -1676.987
 29  27    571.6    229.4   0.2146   0.5365   0.4000   0.9204 -1676.987
 29  28    571.5    229.5   0.1493   0.3731   0.4000   0.6402 -1572.268
 30   1    571.1    229.9   0.3028   0.7571   0.4000   1.2996 -1784.913
 30   2    571.4    229.6   0.3155   0.7887   0.4000   1.3534 -1799.650
 30   3    571.6    229.4   0.3252   0.8130   0.4000   1.3947 -1821.695
 30   4    571.0    230.0   0.3214   0.8035   0.4000   1.3796 -1804.314
 30   5    572.2    228.8   0.3141   0.7852   0.4000   1.3460 -1803.654
 30   6    572.2    228.8   0.3141   0.7852   0.4000   1.3460 -1803.654
 30   7    572.3    228.7   0.3294   0.8236   0.4000   1.4116 -1818.706
 30   8    572.3    228.7   0.3294   0.8236   0.4000   1.4116 -1818.706
 30   9    572.3    228.7   0.3263   0.8158   0.4000   1.3983 -1809.269
 30  10    571.8    229.2   0.3063   0.7656   0.4000   1.3131 -1795.859
 30  11    571.8    229.2   0.3078   0.7696   0.4000   1.3199 -1797.119
 30  12    571.3    229.7   0.2596   0.6489   0.4000   1.1137 -1735.849
 30  13    570.7    230.3   0.2545   0.6362   0.4000   1.0928 -1737.513
 30  14    570.4    230.6   0.2665   0.6663   0.4000   1.1449 -1753.605
 30  15    570.4    230.6   0.2617   0.6543   0.4000   1.1241 -1748.740
 30  16    570.5    230.5   0.2577   0.6442   0.4000   1.1068 -1743.225
 30  17    570.5    230.5   0.2577   0.6442   0.4000   1.1068 -1743.225
 30  18    571.1    229.9   0.2552   0.6381   0.4000   1.0954 -1739.456
 30  19    570.2    230.8   0.2552   0.6381   0.4000   1.0967 -1746.702
 30  20    570.6    230.4   0.2718   0.6795   0.4000   1.1672 -1761.862
 30  21    571.0    230.0   0.2174   0.5434   0.4000   0.9331 -1689.551
 30  22    570.5    230.5   0.2474   0.6185   0.4000   1.0626 -1737.160
 30  23    570.5    230.5   0.2448   0.6120   0.4000   1.0514 -1735.019
 30  24    570.1    230.9   0.2501   0.6252   0.4000   1.0748 -1741.621
 30  25    569.3    231.7   0.2285   0.5711   0.4000   0.9828 -1716.677
 30  26    571.6    229.4   0.2146   0.5365   0.4000   0.9204 -1676.987
 30  27    571.6    229.4   0.2146   0.5365   0.4000   0.9204 -1676.987
 30  28    571.5    229.5   0.1493   0.3731   0.4000   0.6402 -1572.268
 30  29    571.9    229.1   0.0000   0.0000   0.4000   0.0000 -1062.111
 31   1    570.4    230.6   0.3192   0.7981   0.4000   1.3713 -1801.672
 31   2    570.6    230.4   0.3150   0.7876   0.4000   1.3529 -1789.336
 31   3    570.9    230.1   0.3549   0.8874   0.4000   1.5238 -1834.098
 31   4    570.2    230.8   0.3503   0.8758   0.4000   1.5052 -1824.618
 31   5    571.5    229.5   0.3408   0.8520   0.4000   1.4618 -1825.523
 31   6    571.5    229.5   0.3408   0.8520   0.4000   1.4618 -1825.523
 31   7    571.6    229.4   0.3218   0.8046   0.4000   1.3802 -1815.310
 31   8    571.6    229.4   0.3218   0.8046   0.4000   1.3802 -1815.310
 31   9    571.5    229.5   0.3223   0.8058   0.4000   1.3824 -1807.450
 31  10    571.1    229.9   0.3436   0.8591   0.4000   1.4748 -1819.802
 31  11    571.0    230.0   0.3377   0.8442   0.4000   1.4494 -1818.372
 31  12    570.5    230.5   0.2922   0.7305   0.4000   1.2549 -1776.348
 31  13    569.9    231.1   0.2923   0.7307   0.4000   1.2563 -1769.685
 31  14    569.6    231.4   0.2991   0.7478   0.4000   1.2861 -1781.704
 31  15    569.7    231.3   0.2965   0.7412   0.4000   1.2746 -1779.011
 31  16    569.8    231.2   0.2962   0.7405   0.4000   1.2734 -1776.856
 31  17    569.8    231.2   0.2962   0.7405   0.4000   1.2734 -1776.856
 31  18    570.4    230.6   0.2575   0.6438   0.4000   1.1062 -1745.880
 31  19    569.4    231.6   0.2507   0.6268   0.4000   1.0784 -1732.951
 31  20    569.9    231.1   0.2586   0.6464   0.4000   1.1114 -1749.310
 31  21    570.2    230.8   0.2397   0.5991   0.4000   1.0297 -1709.087
 31  22    569.8    231.2   0.2644   0.6609   0.4000   1.1365 -1760.392
 31  23    569.7    231.3   0.2688   0.6720   0.4000   1.1555 -1765.704
 31  24    569.4    231.6   0.2712   0.6779   0.4000   1.1663 -1766.350
 31  25    568.6    232.4   0.2572   0.6429   0.4000   1.1072 -1754.894
 31  26    570.9    230.1   0.2394   0.5985   0.4000   1.0277 -1714.728
 31  27    570.9    230.1   0.2394   0.5985   0.4000   1.0277 -1714.728
 31  28    570.8    230.2   0.1730   0.4324   0.4000   0.7426 -1609.759
 31  29    571.2    229.8   0.1752   0.4379   0.4000   0.7516 -1614.415
 31  30    571.2    229.8   0.1752   0.4379   0.4000   0.7516 -1614.415
 32   1    570.7    230.3   0.3019   0.7547   0.4000   1.2962 -1779.854
 32   2    570.9    230.1   0.3094   0.7736   0.4000   1.3283 -1794.915
 32   3    571.2    229.8   0.3617   0.9042   0.4000   1.5521 -1838.977
 32   4    570.5    230.5   0.3283   0.8207   0.4000   1.4099 -1806.742
 32   5    571.8    229.2   0.3471   0.8677   0.4000   1.4881 -1826.945
 32   6    571.8    229.2   0.3471   0.8677   0.4000   1.4881 -1826.945
 32   7    572.0    229.0   0.3434   0.8585   0.4000   1.4720 -1824.878
 32   8    572.0    229.0   0.3434   0.8585   0.4000   1.4720 -1824.878
 32   9    571.8    229.2   0.3331   0.8328   0.4000   1.4283 -1818.063
 32  10    571.4    229.6   0.3275   0.8187   0.4000   1.4048 -1808.501
 32  11    571.3    229.7   0.3217   0.8042   0.4000   1.3802 -1806.937
 32  12    570.8    230.2   0.2843   0.7108   0.4000   1.2208 -1761.560
 32  13    570.2    230.8   0.2772   0.6930   0.4000   1.1911 -1759.618
 32  14    569.9    231.1   0.2756   0.6890   0.4000   1.1846 -1761.708
 32  15    570.0    231.0   0.2667   0.6667   0.4000   1.1462 -1754.009
 32  16    570.0    231.0   0.2626   0.6565   0.4000   1.1285 -1748.525
 32  17    570.0    231.0   0.2626   0.6565   0.4000   1.1285 -1748.525
 32  18    570.7    230.3   0.2611   0.6528   0.4000   1.1212 -1740.250
 32  19    569.7    231.3   0.2651   0.6627   0.4000   1.1396 -1747.656
 32  20    570.2    230.8   0.2534   0.6334   0.4000   1.0887 -1746.909
 32  21    570.5    230.5   0.2085   0.5212   0.4000   0.8953 -1676.969
 32  22    570.1    230.9   0.2369   0.5923   0.4000   1.0181 -1734.098
 32  23    570.0    231.0   0.2467   0.6168   0.4000   1.0602 -1743.764
 32  24    569.7    231.3   0.2585   0.6464   0.4000   1.1116 -1753.312
 32  25    568.9    232.1   0.2490   0.6224   0.4000   1.0716 -1747.441
 32  26    571.2    229.8   0.1823   0.4558   0.4000   0.7823 -1641.873
 32  27    571.2    229.8   0.1823   0.4558   0.4000   0.7823 -1641.873
 32  28    571.1    229.9   0.1545   0.3864   0.4000   0.6632 -1576.139
 32  29    571.4    229.6   0.1594   0.3986   0.4000   0.6839 -1581.619
 32  30    571.4    229.6   0.1594   0.3986   0.4000   0.6839 -1581.619
 32  31    570.6    230.4   0.1324   0.3310   0.4000   0.5685 -1526.587
 33   1    572.1    228.9   0.3219   0.8048   0.4000   1.3797 -1803.089
 33   2    572.3    228.7   0.3364   0.8411   0.4000   1.4416 -1806.578
 33   3    572.6    228.4   0.3606   0.9015   0.4000   1.5445 -1846.129
 33   4    571.9    229.1   0.3407   0.8518   0.4000   1.4608 -1824.611
 33   5    573.3    227.7   0.3448   0.8620   0.4000   1.4755 -1832.404
 33   6    573.3    227.7   0.3448   0.8620   0.4000   1.4755 -1832.404
 33   7    573.5    227.5   0.3414   0.8536   0.4000   1.4608 -1832.423
 33   8    573.5    227.5   0.3414   0.8536   0.4000   1.4608 -1832.423
 33   9    573.3    227.7   0.3473   0.8684   0.4000   1.4864 -1839.834
 33  10    572.8    228.2   0.3395   0.8487   0.4000   1.4536 -1833.130
 33  11    572.8    228.2   0.3337   0.8343   0.4000   1.4291 -1831.395
 33  12    572.1    228.9   0.2448   0.6119   0.4000   1.0490 -1728.199
 33  13    571.6    229.4   0.2574   0.6434   0.4000   1.1039 -1750.079
 33  14    571.4    229.6   0.2585   0.6463   0.4000   1.1091 -1749.636
 33  15    571.4    229.6   0.2616   0.6540   0.4000   1.1221 -1751.972
 33  16    571.5    229.5   0.2576   0.6439   0.4000   1.1048 -1746.532
 33  17    571.5    229.5   0.2576   0.6439   0.4000   1.1048 -1746.532
 33  18    572.1    228.9   0.2399   0.5998   0.4000   1.0284 -1722.115
 33  19    571.1    229.9   0.2338   0.5845   0.4000   1.0034 -1711.512
 33  20    571.6    229.4   0.2460   0.6151   0.4000   1.0551 -1722.690
 33  21    572.0    229.0   0.2140   0.5351   0.4000   0.9175 -1681.716
 33  22    571.5    229.5   0.2092   0.5230   0.4000   0.8973 -1673.305
 33  23    571.5    229.5   0.2155   0.5387   0.4000   0.9244 -1678.345
 33  24    571.1    229.9   0.2343   0.5858   0.4000   1.0057 -1724.209
 33  25    570.3    230.7   0.2258   0.5646   0.4000   0.9702 -1715.187
 33  26    572.6    228.4   0.1985   0.4963   0.4000   0.8502 -1653.440
 33  27    572.6    228.4   0.1985   0.4963   0.4000   0.8502 -1653.440
 33  28    572.4    228.6   0.2184   0.5459   0.4000   0.9355 -1685.306
 33  29    572.6    228.4   0.1982   0.4955   0.4000   0.8490 -1648.588
 33  30    572.6    228.4   0.1982   0.4955   0.4000   0.8490 -1648.588
 33  31    571.9    229.1   0.2172   0.5429   0.4000   0.9310 -1683.660
 33  32    572.2    228.8   0.1889   0.4722   0.4000   0.8094 -1639.717
 34   1    572.1    228.9   0.3219   0.8048   0.4000   1.3797 -1803.089
 34   2    572.3    228.7   0.3364   0.8411   0.4000   1.4416 -1806.578
 34   3    572.6    228.4   0.3606   0.9015   0.4000   1.5445 -1846.129
 34   4    571.9    229.1   0.3407   0.8518   0.4000   1.4608 -1824.611
 34   5    573.3    227.7   0.3448   0.8620   0.4000   1.4755 -1832.404
 34   6    573.3    227.7   0.3448   0.8620   0.4000   1.4755 -1832.404
 34   7    573.5    227.5   0.3414   0.8536   0.4000   1.4608 -1832.423
 34   8    573.5    227.5   0.3414   0.8536   0.4000   1.4608 -1832.423
 34   9    573.3    227.7   0.3473   0.8684   0.4000   1.4864 -1839.834
 34  10    572.8    228.2   0.3395   0.8487   0.4000   1.4536 -1833.130
 34  11    572.8    228.2   0.3337   0.8343   0.4000   1.4291 -1831.395
 34  12    572.1    228.9   0.2448   0.6119   0.4000   1.0490 -1728.199
 34  13    571.6    229.4   0.2574   0.6434   0.4000   1.1039 -1750.079
 34  14    571.4    229.6   0.2585   0.6463   0.4000   1.1091 -1749.636
 34  15    571.4    229.6   0.2616   0.6540   0.4000   1.1221 -1751.972
 34  16    571.5    229.5   0.2576   0.6439   0.4000   1.1048 -1746.532
 34  17    571.5    229.5   0.2576   0.6439   0.4000   1.1048 -1746.532
 34  18    572.1    228.9   0.2399   0.5998   0.4000   1.0284 -1722.115
 34  19    571.1    229.9   0.2338   0.5845   0.4000   1.0034 -1711.512
 34  20    571.6    229.4   0.2460   0.6151   0.4000   1.0551 -1722.690
 34  21    572.0    229.0   0.2140   0.5351   0.4000   0.9175 -1681.716
 34  22    571.5    229.5   0.2092   0.5230   0.4000   0.8973 -1673.305
 34  23    571.5    229.5   0.2155   0.5387   0.4000   0.9244 -1678.345
 34  24    571.1    229.9   0.2343   0.5858   0.4000   1.0057 -1724.209
 34  25    570.3    230.7   0.2258   0.5646   0.4000   0.9702 -1715.187
 34  26    572.6    228.4   0.1985   0.4963   0.4000   0.8502 -1653.440
 34  27    572.6    228.4   0.1985   0.4963   0.4000   0.8502 -1653.440
 34  28    572.4    228.6   0.2184   0.5459   0.4000   0.9355 -1685.306
 34  29    572.6    228.4   0.1982   0.4955   0.4000   0.8490 -1648.588
 34  30    572.6    228.4   0.1982   0.4955   0.4000   0.8490 -1648.588
 34  31    571.9    229.1   0.2172   0.5429   0.4000   0.9310 -1683.660
 34  32    572.2    228.8   0.1889   0.4722   0.4000   0.8094 -1639.717
 34  33    573.7    227.3   0.0000   0.0000   0.4000   0.0000 -1065.968
 35   1    569.2    231.8   0.3091   0.7727   0.4000   1.3297 -1799.369
 35   2    569.5    231.5   0.3119   0.7796   0.4000   1.3412 -1807.312
 35   3    569.7    231.3   0.3547   0.8867   0.4000   1.5248 -1847.090
 35   4    569.1    231.9   0.3332   0.8330   0.4000   1.4339 -1830.762
 35   5    570.4    230.6   0.3327   0.8318   0.4000   1.4292 -1831.707
 35   6    570.4    230.6   0.3327   0.8318   0.4000   1.4292 -1831.707
 35   7    570.5    230.5   0.3180   0.7949   0.4000   1.3656 -1813.888
 35   8    570.5    230.5   0.3180   0.7949   0.4000   1.3656 -1813.888
 35   9    570.4    230.6   0.3322   0.8305   0.4000   1.4270 -1835.104
 35  10    570.0    231.0   0.3048   0.7620   0.4000   1.3101 -1810.247
 35  11    569.9    231.1   0.3079   0.7698   0.4000   1.3235 -1813.029
 35  12    569.3    231.7   0.2571   0.6429   0.4000   1.1061 -1746.975
 35  13    568.7    232.3   0.2332   0.5829   0.4000   1.0037 -1721.661
 35  14    568.5    232.5   0.2335   0.5837   0.4000   1.0054 -1721.238
 35  15    568.5    232.5   0.2382   0.5955   0.4000   1.0257 -1725.903
 35  16    568.6    232.4   0.2345   0.5862   0.4000   1.0096 -1720.296
 35  17    568.6    232.4   0.2345   0.5862   0.4000   1.0096 -1720.296
 35  18    569.2    231.8   0.2266   0.5666   0.4000   0.9750 -1723.787
 35  19    568.2    232.8   0.2523   0.6307   0.4000   1.0867 -1741.877
 35  20    568.7    232.3   0.2233   0.5584   0.4000   0.9615 -1717.079
 35  21    569.1    231.9   0.2052   0.5131   0.4000   0.8831 -1687.995
 35  22    568.6    232.4   0.2026   0.5064   0.4000   0.8721 -1694.284
 35  23    568.6    232.4   0.2022   0.5055   0.4000   0.8706 -1692.599
 35  24    568.2    232.8   0.2117   0.5292   0.4000   0.9119 -1710.253
 35  25    567.4    233.6   0.2341   0.5854   0.4000   1.0098 -1738.555
 35  26    569.7    231.3   0.2135   0.5337   0.4000   0.9178 -1700.584
 35  27    569.7    231.3   0.2135   0.5337   0.4000   0.9178 -1700.584
 35  28    569.6    231.4   0.2268   0.5670   0.4000   0.9751 -1715.317
 35  29    569.9    231.1   0.2494   0.6234   0.4000   1.0717 -1749.228
 35  30    569.9    231.1   0.2494   0.6234   0.4000   1.0717 -1749.228
 35  31    569.2    231.8   0.2423   0.6058   0.4000   1.0425 -1730.912
 35  32    569.5    231.5   0.2357   0.5892   0.4000   1.0137 -1726.306
 35  33    570.8    230.2   0.2168   0.5421   0.4000   0.9309 -1691.061
 35  34    570.8    230.2   0.2168   0.5421   0.4000   0.9309 -1691.061
 36   1    570.0    231.0   0.3177   0.7943   0.4000   1.3655 -1804.513
 36   2    570.3    230.7   0.3152   0.7879   0.4000   1.3541 -1806.319
 36   3    570.5    230.5   0.3841   0.9603   0.4000   1.6497 -1858.332
 36   4    569.8    231.2   0.3600   0.8999   0.4000   1.5474 -1836.100
 36   5    571.2    229.8   0.3702   0.9254   0.4000   1.5883 -1847.513
 36   6    571.2    229.8   0.3702   0.9254   0.4000   1.5883 -1847.513
 36   7    571.4    229.6   0.3629   0.9073   0.4000   1.5568 -1847.759
 36   8    571.4    229.6   0.3629   0.9073   0.4000   1.5568 -1847.759
 36   9    571.2    229.8   0.3553   0.8882   0.4000   1.5245 -1839.859
 36  10    570.7    230.3   0.3718   0.9295   0.4000   1.5963 -1844.929
 36  11    570.7    230.3   0.3660   0.9149   0.4000   1.5714 -1843.302
 36  12    570.1    230.9   0.2511   0.6277   0.4000   1.0790 -1726.089
 36  13    569.5    231.5   0.2630   0.6574   0.4000   1.1309 -1746.941
 36  14    569.3    231.7   0.2724   0.6811   0.4000   1.1719 -1756.786
 36  15    569.3    231.7   0.2728   0.6821   0.4000   1.1735 -1758.435
 36  16    569.4    231.6   0.2687   0.6717   0.4000   1.1557 -1753.116
 36  17    569.4    231.6   0.2687   0.6717   0.4000   1.1557 -1753.116
 36  18    570.0    231.0   0.2505   0.6263   0.4000   1.0766 -1744.584
 36  19    569.0    232.0   0.2437   0.6094   0.4000   1.0489 -1723.683
 36  20    569.5    231.5   0.2201   0.5503   0.4000   0.9466 -1701.340
 36  21    569.9    231.1   0.2055   0.5139   0.4000   0.8835 -1671.033
 36  22    569.4    231.6   0.2370   0.5925   0.4000   1.0194 -1727.459
 36  23    569.4    231.6   0.2432   0.6080   0.4000   1.0460 -1735.327
 36  24    569.0    232.0   0.2360   0.5899   0.4000   1.0154 -1721.465
 36  25    568.2    232.8   0.2478   0.6195   0.4000   1.0675 -1734.065
 36  26    570.5    230.5   0.2190   0.5475   0.4000   0.9406 -1690.727
 36  27    570.5    230.5   0.2190   0.5475   0.4000   0.9406 -1690.727
 36  28    570.4    230.6   0.2348   0.5869   0.4000   1.0084 -1708.718
 36  29    570.7    230.3   0.2510   0.6276   0.4000   1.0779 -1722.279
 36  30    570.7    230.3   0.2510   0.6276   0.4000   1.0779 -1722.279
 36  31    569.9    231.1   0.2257   0.5643   0.4000   0.9702 -1697.381
 36  32    570.2    230.8   0.2167   0.5418   0.4000   0.9311 -1690.271
 36  33    571.6    229.4   0.2085   0.5212   0.4000   0.8942 -1685.858
 36  34    571.6    229.4   0.2085   0.5212   0.4000   0.8942 -1685.858
 36  35    568.8    232.2   0.1734   0.4336   0.4000   0.7465 -1633.985
 37   1    569.0    232.0   0.3223   0.8058   0.4000   1.3871 -1809.506
 37   2    569.2    231.8   0.3394   0.8486   0.4000   1.4603 -1825.994
 37   3    569.5    231.5   0.3811   0.9528   0.4000   1.6391 -1862.834
 37   4    568.8    232.2   0.3428   0.8570   0.4000   1.4756 -1829.631
 37   5    570.2    230.8   0.3558   0.8896   0.4000   1.5290 -1844.708
 37   6    570.2    230.8   0.3558   0.8896   0.4000   1.5290 -1844.708
 37   7    570.3    230.7   0.3476   0.8690   0.4000   1.4932 -1844.894
 37   8    570.3    230.7   0.3476   0.8690   0.4000   1.4932 -1844.894
 37   9    570.2    230.8   0.3337   0.8343   0.4000   1.4338 -1830.360
 37  10    569.7    231.3   0.3480   0.8701   0.4000   1.4964 -1836.243
 37  11    569.6    231.4   0.3467   0.8668   0.4000   1.4908 -1836.318
 37  12    569.0    232.0   0.2405   0.6011   0.4000   1.0347 -1717.035
 37  13    568.5    232.5   0.2369   0.5924   0.4000   1.0204 -1728.222
 37  14    568.2    232.8   0.2402   0.6006   0.4000   1.0349 -1736.382
 37  15    568.3    232.7   0.2397   0.5993   0.4000   1.0326 -1736.739
 37  16    568.3    232.7   0.2360   0.5899   0.4000   1.0163 -1731.197
 37  17    568.3    232.7   0.2360   0.5899   0.4000   1.0163 -1731.197
 37  18    568.9    232.1   0.2458   0.6145   0.4000   1.0579 -1746.436
 37  19    568.0    233.0   0.2389   0.5973   0.4000   1.0296 -1731.783
 37  20    568.5    232.5   0.2439   0.6098   0.4000   1.0505 -1721.031
 37  21    568.8    232.2   0.1934   0.4835   0.4000   0.8324 -1660.932
 37  22    568.4    232.6   0.2017   0.5042   0.4000   0.8686 -1694.722
 37  23    568.3    232.7   0.2073   0.5182   0.4000   0.8928 -1704.295
 37  24    568.0    233.0   0.2433   0.6081   0.4000   1.0483 -1731.326
 37  25    567.1    233.9   0.2268   0.5671   0.4000   0.9785 -1714.560
 37  26    569.5    231.5   0.2029   0.5073   0.4000   0.8727 -1672.475
 37  27    569.5    231.5   0.2029   0.5073   0.4000   0.8727 -1672.475
 37  28    569.4    231.6   0.2445   0.6113   0.4000   1.0517 -1728.768
 37  29    569.7    231.3   0.2273   0.5684   0.4000   0.9775 -1712.341
 37  30    569.7    231.3   0.2273   0.5684   0.4000   0.9775 -1712.341
 37  31    568.9    232.1   0.2435   0.6088   0.4000   1.0481 -1725.553
 37  32    569.2    231.8   0.2199   0.5497   0.4000   0.9461 -1698.655
 37  33    570.6    230.4   0.2223   0.5557   0.4000   0.9547 -1700.413
 37  34    570.6    230.4   0.2223   0.5557   0.4000   0.9547 -1700.413
 37  35    567.7    233.3   0.1726   0.4316   0.4000   0.7442 -1619.593
 37  36    568.5    232.5   0.1096   0.2740   0.4000   0.4719 -1482.215
 38   1    569.0    232.0   0.2871   0.7176   0.4000   1.2353 -1781.435
 38   2    569.2    231.8   0.3465   0.8663   0.4000   1.4907 -1838.603
 38   3    569.5    231.5   0.3765   0.9412   0.4000   1.6191 -1854.507
 38   4    568.8    232.2   0.3521   0.8802   0.4000   1.5155 -1836.231
 38   5    570.2    230.8   0.3472   0.8679   0.4000   1.4915 -1837.659
 38   6    570.2    230.8   0.3472   0.8679   0.4000   1.4915 -1837.659
 38   7    570.4    230.6   0.3454   0.8636   0.4000   1.4839 -1839.628
 38   8    570.4    230.6   0.3454   0.8636   0.4000   1.4839 -1839.628
 38   9    570.2    230.8   0.3437   0.8594   0.4000   1.4769 -1836.530
 38  10    569.7    231.3   0.3372   0.8429   0.4000   1.4496 -1826.391
 38  11    569.7    231.3   0.3312   0.8281   0.4000   1.4241 -1824.210
 38  12    569.1    231.9   0.2611   0.6527   0.4000   1.1233 -1737.743
 38  13    568.5    232.5   0.2663   0.6657   0.4000   1.1467 -1762.551
 38  14    568.3    232.7   0.2672   0.6681   0.4000   1.1511 -1764.013
 38  15    568.3    232.7   0.2650   0.6624   0.4000   1.1412 -1763.335
 38  16    568.4    232.6   0.2609   0.6523   0.4000   1.1237 -1758.043
 38  17    568.4    232.6   0.2609   0.6523   0.4000   1.1237 -1758.043
 38  18    569.0    232.0   0.2439   0.6097   0.4000   1.0496 -1744.745
 38  19    568.0    233.0   0.2351   0.5879   0.4000   1.0132 -1726.352
 38  20    568.5    232.5   0.2432   0.6080   0.4000   1.0472 -1724.950
 38  21    568.9    232.1   0.2107   0.5267   0.4000   0.9067 -1682.189
 38  22    568.4    232.6   0.2194   0.5485   0.4000   0.9448 -1709.287
 38  23    568.4    232.6   0.2214   0.5536   0.4000   0.9537 -1711.529
 38  24    568.0    233.0   0.2386   0.5965   0.4000   1.0281 -1731.210
 38  25    567.2    233.8   0.2281   0.5702   0.4000   0.9838 -1721.619
 38  26    569.5    231.5   0.2039   0.5097   0.4000   0.8767 -1678.785
 38  27    569.5    231.5   0.2039   0.5097   0.4000   0.8767 -1678.785
 38  28    569.4    231.6   0.2340   0.5850   0.4000   1.0065 -1717.316
 38  29    569.7    231.3   0.2531   0.6328   0.4000   1.0883 -1743.223
 38  30    569.7    231.3   0.2531   0.6328   0.4000   1.0883 -1743.223
 38  31    568.9    232.1   0.2254   0.5636   0.4000   0.9702 -1709.140
 38  32    569.2    231.8   0.2256   0.5640   0.4000   0.9706 -1706.929
 38  33    570.6    230.4   0.2141   0.5353   0.4000   0.9195 -1694.537
 38  34    570.6    230.4   0.2141   0.5353   0.4000   0.9195 -1694.537
 38  35    567.7    233.3   0.1650   0.4125   0.4000   0.7113 -1612.272
 38  36    568.5    232.5   0.1009   0.2522   0.4000   0.4343 -1472.347
 38  37    567.5    233.5   0.0793   0.1983   0.4000   0.3420 -1403.305

