Supplemental results for CODEML (seqf: /gpfs/scratch/cltucker/EBH381-Group-Project/SIV_aligned_VPX.fas  treef: )


pairwise comparison (Goldman & Yang 1994)
seq seq        N       S       dN       dS     dN/dS   Paras.
  2   1    163.3     64.7   0.3369  33.6851   0.0100  29.4056  -522.506
  3   1    163.4     64.6   0.3224  32.2368   0.0100  28.0962  -516.716
  3   2    164.1     63.9   0.3699  36.9853   0.0100  31.8986  -519.811
  4   1    163.2     64.8   0.3312  33.1169   0.0100  28.9431  -521.039
  4   2    163.9     64.1   0.3514  35.1413   0.0100  30.4148  -515.858
  4   3    164.0     64.0   0.1110  11.1001   0.0100   9.5884  -459.972
  5   1    163.5     64.5   0.3135  31.3483   0.0100  27.2913  -514.754
  5   2    164.2     63.8   0.2535  25.3538   0.0100  21.8455  -499.509
  5   3    164.3     63.7   0.1628  16.2803   0.0100  13.9919  -466.011
  5   4    164.1     63.9   0.1343  13.4321   0.0100  11.5888  -466.454
  6   1    163.5     64.5   0.3135  31.3483   0.0100  27.2913  -514.754
  6   2    164.2     63.8   0.2535  25.3538   0.0100  21.8455  -499.509
  6   3    164.3     63.7   0.1628  16.2803   0.0100  13.9919  -466.011
  6   4    164.1     63.9   0.1343  13.4321   0.0100  11.5888  -466.454
  6   5    164.4     63.6   0.0000   0.0000   0.0100   0.0000  -304.678
  7   1    163.1     64.9   0.2759  27.5908   0.0100  24.1363  -507.279
  7   2    163.8     64.2   0.2681  26.8072   0.0100  23.2359  -503.241
  7   3    163.9     64.1   0.1453  14.5343   0.0100  12.5792  -461.477
  7   4    163.7     64.3   0.1177  11.7695   0.0100  10.2174  -463.545
  7   5    164.0     64.0   0.0021   0.2149   0.0100   0.1857  -359.500
  7   6    164.0     64.0   0.0021   0.2149   0.0100   0.1857  -359.500
  8   1    163.1     64.9   0.2759  27.5908   0.0100  24.1363  -507.279
  8   2    163.8     64.2   0.2681  26.8072   0.0100  23.2359  -503.241
  8   3    163.9     64.1   0.1453  14.5343   0.0100  12.5792  -461.477
  8   4    163.7     64.3   0.1177  11.7695   0.0100  10.2174  -463.545
  8   5    164.0     64.0   0.0021   0.2149   0.0100   0.1857  -359.500
  8   6    164.0     64.0   0.0021   0.2149   0.0100   0.1857  -359.500
  8   7    163.6     64.4   0.0000   0.0000   0.0100   0.0000  -304.842
  9   1    162.5     65.5   0.3671  36.7098   0.0100  32.4155  -531.918
  9   2    163.1     64.9   0.3153  31.5308   0.0100  27.5901  -518.565
  9   3    163.2     64.8   0.1579  15.7857   0.0100  13.7972  -476.282
  9   4    163.0     65.0   0.1931  19.3072   0.0100  16.9199  -487.182
  9   5    163.3     64.7   0.0078   0.7817   0.0100   0.6822  -446.309
  9   6    163.3     64.7   0.0078   0.7817   0.0100   0.6822  -446.309
  9   7    163.0     65.0   0.0070   0.7037   0.0100   0.6172  -441.627
  9   8    163.0     65.0   0.0070   0.7037   0.0100   0.6172  -441.627
 10   1    162.9     65.1   0.2649  26.4924   0.0100  23.2649  -506.850
 10   2    163.5     64.5   0.3569  35.6859   0.0100  31.0470  -520.892
 10   3    163.6     64.4   0.1547  15.4705   0.0100  13.4396  -467.378
 10   4    163.4     64.6   0.1586  15.8611   0.0100  13.8186  -473.961
 10   5    163.7     64.3   0.0085   0.8525   0.0100   0.7396  -437.680
 10   6    163.7     64.3   0.0085   0.8525   0.0100   0.7396  -437.680
 10   7    163.4     64.6   0.0062   0.6159   0.0100   0.5371  -414.888
 10   8    163.4     64.6   0.0062   0.6159   0.0100   0.5371  -414.888
 10   9    162.7     65.3   0.0087   0.8689   0.0100   0.7648  -469.865
 11   1    162.9     65.1   0.2649  26.4924   0.0100  23.2649  -506.850
 11   2    163.5     64.5   0.3569  35.6859   0.0100  31.0470  -520.892
 11   3    163.6     64.4   0.1547  15.4705   0.0100  13.4396  -467.378
 11   4    163.4     64.6   0.1586  15.8611   0.0100  13.8186  -473.961
 11   5    163.7     64.3   0.0085   0.8525   0.0100   0.7396  -437.680
 11   6    163.7     64.3   0.0085   0.8525   0.0100   0.7396  -437.680
 11   7    163.4     64.6   0.0062   0.6159   0.0100   0.5371  -414.888
 11   8    163.4     64.6   0.0062   0.6159   0.0100   0.5371  -414.888
 11   9    162.7     65.3   0.0087   0.8689   0.0100   0.7648  -469.865
 11  10    163.1     64.9   0.0000   0.0000   0.0100   0.0000  -306.211
 12   1    162.3     65.7   0.4546  45.4617   0.0100  40.2636  -551.956
 12   2    163.0     65.0   0.4354  43.5405   0.0100  38.1597  -544.511
 12   3    163.2     64.8   0.3436  34.3601   0.0100  30.0466  -526.013
 12   4    163.0     65.0   0.4275  42.7452   0.0100  37.4997  -541.945
 12   5    163.2     64.8   0.3801  38.0127   0.0100  33.2163  -532.541
 12   6    163.2     64.8   0.3801  38.0127   0.0100  33.2163  -532.541
 12   7    162.9     65.1   0.3621  36.2073   0.0100  31.8049  -530.989
 12   8    162.9     65.1   0.3621  36.2072   0.0100  31.8049  -530.989
 12   9    162.2     65.8   0.4103  41.0262   0.0100  36.3941  -547.194
 12  10    162.6     65.4   0.3686  36.8649   0.0100  32.5191  -535.052
 12  11    162.6     65.4   0.3686  36.8649   0.0100  32.5191  -535.052
 13   1    162.5     65.5   0.3870  38.7035   0.0100  34.1986  -540.826
 13   2    163.2     64.8   0.5719  57.1875   0.0100  50.0000  -564.954
 13   3    163.3     64.7   0.3688  36.8764   0.0100  32.1675  -528.402
 13   4    163.1     64.9   0.4462  44.6245   0.0100  39.0662  -546.008
 13   5    163.4     64.6   0.4316  43.1566   0.0100  37.6110  -540.141
 13   6    163.4     64.6   0.4316  43.1566   0.0100  37.6110  -540.141
 13   7    163.0     65.0   0.4045  40.4459   0.0100  35.4623  -536.466
 13   8    163.0     65.0   0.4045  40.4459   0.0100  35.4623  -536.466
 13   9    162.3     65.7   0.4815  48.1454   0.0100  42.6361  -552.021
 13  10    162.7     65.3   0.3436  34.3589   0.0100  30.2475  -531.656
 13  11    162.7     65.3   0.3436  34.3589   0.0100  30.2475  -531.656
 13  12    162.2     65.8   0.2761  27.6065   0.0100  24.4952  -518.275
 14   1    162.6     65.4   0.3961  39.6058   0.0100  34.9448  -540.909
 14   2    163.3     64.7   0.5727  57.2731   0.0100  50.0000  -564.455
 14   3    163.4     64.6   0.3569  35.6873   0.0100  31.0816  -524.977
 14   4    163.2     64.8   0.4532  45.3159   0.0100  39.6107  -545.930
 14   5    163.5     64.5   0.4512  45.1213   0.0100  39.2644  -541.224
 14   6    163.5     64.5   0.4512  45.1213   0.0100  39.2644  -541.224
 14   7    163.1     64.9   0.4239  42.3935   0.0100  37.1140  -537.750
 14   8    163.1     64.9   0.4239  42.3935   0.0100  37.1140  -537.750
 14   9    162.4     65.6   0.5029  50.2937   0.0100  44.4711  -552.898
 14  10    162.8     65.2   0.3617  36.1739   0.0100  31.7979  -533.165
 14  11    162.8     65.2   0.3617  36.1739   0.0100  31.7979  -533.165
 14  12    162.3     65.7   0.2830  28.3020   0.0100  25.0755  -518.409
 14  13    162.5     65.5   0.0013   0.1347   0.0100   0.1190  -352.494
 15   1    163.1     64.9   0.3745  37.4456   0.0100  32.8038  -536.344
 15   2    163.8     64.2   0.5771  57.7128   0.0100  50.0000  -560.601
 15   3    164.0     64.0   0.3554  35.5423   0.0100  30.7011  -522.909
 15   4    163.7     64.3   0.4394  43.9438   0.0100  38.1128  -542.426
 15   5    164.0     64.0   0.4286  42.8550   0.0100  37.0014  -536.687
 15   6    164.0     64.0   0.4286  42.8550   0.0100  37.0014  -536.687
 15   7    163.6     64.4   0.4016  40.1631   0.0100  34.8995  -533.201
 15   8    163.6     64.4   0.4016  40.1631   0.0100  34.8995  -533.201
 15   9    162.9     65.1   0.4781  47.8131   0.0100  41.9688  -549.238
 15  10    163.3     64.7   0.3484  34.8450   0.0100  30.4063  -529.171
 15  11    163.3     64.7   0.3484  34.8450   0.0100  30.4063  -529.171
 15  12    162.8     65.2   0.2824  28.2423   0.0100  24.8378  -516.455
 15  13    163.0     65.0   0.0014   0.1380   0.0100   0.1210  -346.698
 15  14    163.1     64.9   0.0008   0.0835   0.0100   0.0731  -335.224
 16   1    163.1     64.9   0.3745  37.4456   0.0100  32.8038  -536.344
 16   2    163.8     64.2   0.5771  57.7128   0.0100  50.0000  -560.601
 16   3    164.0     64.0   0.3554  35.5423   0.0100  30.7011  -522.909
 16   4    163.7     64.3   0.4394  43.9438   0.0100  38.1128  -542.426
 16   5    164.0     64.0   0.4286  42.8550   0.0100  37.0014  -536.687
 16   6    164.0     64.0   0.4286  42.8550   0.0100  37.0014  -536.687
 16   7    163.6     64.4   0.4016  40.1631   0.0100  34.8995  -533.201
 16   8    163.6     64.4   0.4016  40.1631   0.0100  34.8995  -533.201
 16   9    162.9     65.1   0.4781  47.8131   0.0100  41.9688  -549.238
 16  10    163.3     64.7   0.3484  34.8450   0.0100  30.4063  -529.171
 16  11    163.3     64.7   0.3484  34.8450   0.0100  30.4063  -529.171
 16  12    162.8     65.2   0.2824  28.2423   0.0100  24.8378  -516.455
 16  13    163.0     65.0   0.0014   0.1380   0.0100   0.1210  -346.698
 16  14    163.1     64.9   0.0008   0.0835   0.0100   0.0731  -335.224
 16  15    163.6     64.4   0.0000   0.0000   0.0100   0.0000  -306.765
 17   1    163.1     64.9   0.3745  37.4456   0.0100  32.8038  -536.344
 17   2    163.8     64.2   0.5771  57.7128   0.0100  50.0000  -560.601
 17   3    164.0     64.0   0.3554  35.5423   0.0100  30.7011  -522.909
 17   4    163.7     64.3   0.4394  43.9438   0.0100  38.1128  -542.426
 17   5    164.0     64.0   0.4286  42.8550   0.0100  37.0014  -536.687
 17   6    164.0     64.0   0.4286  42.8550   0.0100  37.0014  -536.687
 17   7    163.6     64.4   0.4016  40.1631   0.0100  34.8995  -533.201
 17   8    163.6     64.4   0.4016  40.1631   0.0100  34.8995  -533.201
 17   9    162.9     65.1   0.4781  47.8131   0.0100  41.9688  -549.238
 17  10    163.3     64.7   0.3484  34.8450   0.0100  30.4063  -529.171
 17  11    163.3     64.7   0.3484  34.8450   0.0100  30.4063  -529.171
 17  12    162.8     65.2   0.2824  28.2423   0.0100  24.8378  -516.455
 17  13    163.0     65.0   0.0014   0.1380   0.0100   0.1210  -346.698
 17  14    163.1     64.9   0.0008   0.0835   0.0100   0.0731  -335.224
 17  15    163.6     64.4   0.0000   0.0000   0.0100   0.0000  -306.765
 17  16    163.6     64.4   0.0000   0.0000   0.0100   0.0000  -306.765
 18   1    162.1     65.9   0.3872  38.7242   0.0100  34.4255  -544.414
 18   2    162.7     65.3   0.4860  48.6040   0.0100  42.8017  -554.448
 18   3    162.8     65.2   0.3931  39.3085   0.0100  34.5720  -535.797
 18   4    162.6     65.4   0.4121  41.2120   0.0100  36.3417  -543.950
 18   5    162.9     65.1   0.3673  36.7267   0.0100  32.2541  -535.029
 18   6    162.9     65.1   0.3673  36.7267   0.0100  32.2541  -535.029
 18   7    162.6     65.4   0.3333  33.3280   0.0100  29.4143  -529.635
 18   8    162.6     65.4   0.3333  33.3280   0.0100  29.4143  -529.635
 18   9    161.9     66.1   0.3844  38.4441   0.0100  34.2512  -544.173
 18  10    162.3     65.7   0.3962  39.6221   0.0100  35.1012  -540.510
 18  11    162.3     65.7   0.3962  39.6221   0.0100  35.1012  -540.510
 18  12    161.7     66.3   0.2090  20.8960   0.0100  18.6664  -498.779
 18  13    161.9     66.1   0.2622  26.2180   0.0100  23.3750  -510.450
 18  14    162.0     66.0   0.2793  27.9262   0.0100  24.8602  -512.266
 18  15    162.5     65.5   0.2603  26.0340   0.0100  23.0067  -507.394
 18  16    162.5     65.5   0.2603  26.0340   0.0100  23.0067  -507.394
 18  17    162.5     65.5   0.2603  26.0340   0.0100  23.0067  -507.394
 19   1    161.9     66.1   0.3781  37.8067   0.0100  33.6988  -544.302
 19   2    162.5     65.5   0.5045  50.4504   0.0100  44.5413  -559.247
 19   3    162.6     65.4   0.4149  41.4904   0.0100  36.5834  -541.175
 19   4    162.4     65.6   0.4103  41.0325   0.0100  36.2697  -545.370
 19   5    162.7     65.3   0.3616  36.1598   0.0100  31.8406  -535.512
 19   6    162.7     65.3   0.3616  36.1598   0.0100  31.8406  -535.512
 19   7    162.4     65.6   0.3275  32.7477   0.0100  28.9682  -529.932
 19   8    162.4     65.6   0.3275  32.7477   0.0100  28.9682  -529.932
 19   9    161.8     66.2   0.4018  40.1805   0.0100  35.8808  -548.081
 19  10    162.1     65.9   0.3680  36.7959   0.0100  32.6767  -538.054
 19  11    162.1     65.9   0.3680  36.7959   0.0100  32.6767  -538.054
 19  12    161.5     66.5   0.2253  22.5342   0.0100  20.1885  -505.461
 19  13    161.7     66.3   0.2821  28.2150   0.0100  25.2243  -517.283
 19  14    161.8     66.2   0.2991  29.9074   0.0100  26.6976  -518.930
 19  15    162.3     65.7   0.2804  28.0393   0.0100  24.8523  -514.380
 19  16    162.3     65.7   0.2804  28.0393   0.0100  24.8523  -514.380
 19  17    162.3     65.7   0.2804  28.0393   0.0100  24.8523  -514.380
 19  18    161.3     66.7   0.0078   0.7824   0.0100   0.7035  -428.136
 20   1    162.0     66.0   0.4536  45.3620   0.0100  40.3868  -553.089
 20   2    162.6     65.4   0.4319  43.1877   0.0100  38.0900  -546.714
 20   3    162.7     65.3   0.4723  47.2322   0.0100  41.6061  -547.251
 20   4    162.5     65.5   0.4960  49.6019   0.0100  43.8146  -553.630
 20   5    162.8     65.2   0.3968  39.6780   0.0100  34.8950  -541.049
 20   6    162.8     65.2   0.3968  39.6780   0.0100  34.8950  -541.049
 20   7    162.4     65.6   0.3721  37.2141   0.0100  32.9030  -537.246
 20   8    162.4     65.6   0.3721  37.2141   0.0100  32.9030  -537.246
 20   9    161.8     66.2   0.4327  43.2747   0.0100  38.6262  -548.495
 20  10    162.2     65.8   0.4226  42.2584   0.0100  37.5000  -545.561
 20  11    162.2     65.8   0.4226  42.2584   0.0100  37.5000  -545.561
 20  12    161.6     66.4   0.3125  31.2523   0.0100  27.9523  -522.210
 20  13    161.8     66.2   0.3685  36.8486   0.0100  32.9001  -534.009
 20  14    161.9     66.1   0.3731  37.3124   0.0100  33.2625  -533.307
 20  15    162.4     65.6   0.3517  35.1665   0.0100  31.1135  -529.093
 20  16    162.4     65.6   0.3517  35.1665   0.0100  31.1135  -529.093
 20  17    162.4     65.6   0.3517  35.1665   0.0100  31.1135  -529.093
 20  18    161.3     66.7   0.2453  24.5292   0.0100  22.0387  -506.607
 20  19    161.2     66.8   0.2366  23.6572   0.0100  21.3054  -506.973
 21   1    163.3     64.7   0.4032  40.3189   0.0100  35.1965  -539.248
 21   2    164.0     64.0   0.4666  46.6555   0.0100  40.3251  -546.109
 21   3    164.1     63.9   0.4503  45.0290   0.0100  38.8360  -536.777
 21   4    163.9     64.1   0.5173  51.7314   0.0100  44.7735  -549.487
 21   5    164.2     63.8   0.4824  48.2354   0.0100  41.5608  -543.955
 21   6    164.2     63.8   0.4824  48.2354   0.0100  41.5608  -543.955
 21   7    163.8     64.2   0.4422  44.2211   0.0100  38.3300  -539.705
 21   8    163.8     64.2   0.4422  44.2211   0.0100  38.3300  -539.705
 21   9    163.1     64.9   0.4761  47.6119   0.0100  41.6615  -550.947
 21  10    163.5     64.5   0.4709  47.0946   0.0100  40.9726  -545.131
 21  11    163.5     64.5   0.4709  47.0946   0.0100  40.9726  -545.131
 21  12    163.0     65.0   0.2570  25.7047   0.0100  22.5281  -512.049
 21  13    163.2     64.8   0.4082  40.8211   0.0100  35.6906  -536.693
 21  14    163.3     64.7   0.4162  41.6231   0.0100  36.3374  -536.525
 21  15    163.8     64.2   0.4132  41.3164   0.0100  35.7949  -533.928
 21  16    163.8     64.2   0.4132  41.3164   0.0100  35.7949  -533.928
 21  17    163.8     64.2   0.4132  41.3164   0.0100  35.7949  -533.928
 21  18    162.7     65.3   0.2874  28.7415   0.0100  25.3104  -518.215
 21  19    162.5     65.5   0.2976  29.7607   0.0100  26.2749  -521.041
 21  20    162.6     65.4   0.3174  31.7398   0.0100  27.9934  -521.297
 22   1    163.1     64.9   0.4680  46.7975   0.0100  40.9385  -553.769
 22   2    163.9     64.1   0.3683  36.8267   0.0100  31.8591  -533.290
 22   3    164.1     63.9   0.3668  36.6805   0.0100  31.6361  -528.788
 22   4    163.8     64.2   0.3738  37.3823   0.0100  32.3737  -531.922
 22   5    164.1     63.9   0.3513  35.1341   0.0100  30.2912  -526.759
 22   6    164.1     63.9   0.3513  35.1341   0.0100  30.2912  -526.759
 22   7    163.7     64.3   0.3439  34.3922   0.0100  29.8412  -527.252
 22   8    163.7     64.3   0.3439  34.3922   0.0100  29.8412  -527.252
 22   9    163.0     65.0   0.3939  39.3851   0.0100  34.5198  -539.054
 22  10    163.4     64.6   0.3967  39.6661   0.0100  34.5632  -536.735
 22  11    163.4     64.6   0.3967  39.6661   0.0100  34.5632  -536.735
 22  12    162.9     65.1   0.2209  22.0943   0.0100  19.4032  -503.904
 22  13    163.1     64.9   0.3522  35.2243   0.0100  30.8351  -531.413
 22  14    163.2     64.8   0.3691  36.9085   0.0100  32.2613  -532.410
 22  15    163.7     64.3   0.3558  35.5828   0.0100  30.8573  -528.534
 22  16    163.7     64.3   0.3558  35.5828   0.0100  30.8573  -528.534
 22  17    163.7     64.3   0.3558  35.5828   0.0100  30.8573  -528.534
 22  18    162.6     65.4   0.2794  27.9376   0.0100  24.6524  -516.946
 22  19    162.4     65.6   0.3067  30.6730   0.0100  27.1473  -521.498
 22  20    162.5     65.5   0.2699  26.9878   0.0100  23.8409  -513.209
 22  21    163.9     64.1   0.2364  23.6360   0.0100  20.4477  -501.875
 23   1    163.1     64.9   0.4680  46.7975   0.0100  40.9385  -553.769
 23   2    163.9     64.1   0.3683  36.8267   0.0100  31.8591  -533.290
 23   3    164.1     63.9   0.3668  36.6805   0.0100  31.6361  -528.788
 23   4    163.8     64.2   0.3738  37.3823   0.0100  32.3737  -531.922
 23   5    164.1     63.9   0.3513  35.1341   0.0100  30.2912  -526.759
 23   6    164.1     63.9   0.3513  35.1341   0.0100  30.2912  -526.759
 23   7    163.7     64.3   0.3439  34.3922   0.0100  29.8412  -527.252
 23   8    163.7     64.3   0.3439  34.3922   0.0100  29.8412  -527.252
 23   9    163.0     65.0   0.3939  39.3851   0.0100  34.5198  -539.054
 23  10    163.4     64.6   0.3967  39.6661   0.0100  34.5632  -536.735
 23  11    163.4     64.6   0.3967  39.6661   0.0100  34.5632  -536.735
 23  12    162.9     65.1   0.2209  22.0943   0.0100  19.4032  -503.904
 23  13    163.1     64.9   0.3522  35.2243   0.0100  30.8351  -531.413
 23  14    163.2     64.8   0.3691  36.9085   0.0100  32.2613  -532.410
 23  15    163.7     64.3   0.3558  35.5828   0.0100  30.8573  -528.534
 23  16    163.7     64.3   0.3558  35.5828   0.0100  30.8573  -528.534
 23  17    163.7     64.3   0.3558  35.5828   0.0100  30.8573  -528.534
 23  18    162.6     65.4   0.2794  27.9376   0.0100  24.6524  -516.946
 23  19    162.4     65.6   0.3067  30.6730   0.0100  27.1473  -521.498
 23  20    162.5     65.5   0.2699  26.9878   0.0100  23.8409  -513.209
 23  21    163.9     64.1   0.2364  23.6360   0.0100  20.4477  -501.875
 23  22    163.8     64.2   0.0000   0.0000   0.0100   0.0000  -306.459
 24   1    162.7     65.3   0.4565  45.6525   0.0100  40.1869  -552.101
 24   2    163.4     64.6   0.3730  37.3041   0.0100  32.5066  -531.621
 24   3    163.5     64.5   0.3877  38.7745   0.0100  33.7178  -531.329
 24   4    163.3     64.7   0.4222  42.2216   0.0100  36.8308  -540.232
 24   5    163.6     64.4   0.3583  35.8256   0.0100  31.1278  -526.472
 24   6    163.6     64.4   0.3583  35.8256   0.0100  31.1278  -526.472
 24   7    163.3     64.7   0.3588  35.8832   0.0100  31.3400  -527.133
 24   8    163.3     64.7   0.3588  35.8832   0.0100  31.3400  -527.133
 24   9    162.6     65.4   0.3814  38.1352   0.0100  33.6279  -538.628
 24  10    163.0     65.0   0.3441  34.4116   0.0100  30.1759  -528.531
 24  11    163.0     65.0   0.3441  34.4116   0.0100  30.1759  -528.531
 24  12    162.4     65.6   0.1861  18.6140   0.0100  16.4614  -495.337
 24  13    162.6     65.4   0.3168  31.6764   0.0100  27.9384  -524.473
 24  14    162.7     65.3   0.3340  33.3955   0.0100  29.4117  -525.988
 24  15    163.2     64.8   0.3207  32.0687   0.0100  28.0374  -521.809
 24  16    163.2     64.8   0.3207  32.0687   0.0100  28.0374  -521.809
 24  17    163.2     64.8   0.3207  32.0687   0.0100  28.0374  -521.809
 24  18    162.1     65.9   0.2625  26.2489   0.0100  23.3046  -513.281
 24  19    162.0     66.0   0.2483  24.8304   0.0100  22.1070  -512.082
 24  20    162.1     65.9   0.2620  26.1959   0.0100  23.2883  -511.780
 24  21    163.4     64.6   0.2545  25.4491   0.0100  22.1762  -508.231
 24  22    163.3     64.7   0.1338  13.3771   0.0100  11.6790  -472.859
 24  23    163.3     64.7   0.1338  13.3771   0.0100  11.6790  -472.859
 25   1    163.1     64.9   0.4434  44.3413   0.0100  38.8453  -548.939
 25   2    163.8     64.2   0.3809  38.0919   0.0100  33.0076  -534.015
 25   3    164.0     64.0   0.3817  38.1682   0.0100  32.9799  -526.579
 25   4    163.7     64.3   0.3537  35.3734   0.0100  30.6849  -528.161
 25   5    164.0     64.0   0.3525  35.2461   0.0100  30.4404  -523.584
 25   6    164.0     64.0   0.3525  35.2461   0.0100  30.4404  -523.584
 25   7    163.6     64.4   0.3435  34.3506   0.0100  29.8507  -523.721
 25   8    163.6     64.4   0.3435  34.3506   0.0100  29.8507  -523.721
 25   9    162.9     65.1   0.4224  42.2367   0.0100  37.0723  -542.709
 25  10    163.3     64.7   0.3858  38.5816   0.0100  33.6678  -531.639
 25  11    163.3     64.7   0.3858  38.5816   0.0100  33.6678  -531.639
 25  12    162.8     65.2   0.2739  27.3911   0.0100  24.0924  -511.030
 25  13    163.0     65.0   0.3670  36.7033   0.0100  32.1840  -530.710
 25  14    163.1     64.9   0.3427  34.2651   0.0100  30.0013  -525.263
 25  15    163.6     64.4   0.3438  34.3767   0.0100  29.8646  -523.327
 25  16    163.6     64.4   0.3438  34.3767   0.0100  29.8646  -523.327
 25  17    163.6     64.4   0.3438  34.3767   0.0100  29.8646  -523.327
 25  18    162.5     65.5   0.2272  22.7234   0.0100  20.0801  -503.356
 25  19    162.3     65.7   0.2382  23.8197   0.0100  21.1108  -508.273
 25  20    162.4     65.6   0.2399  23.9869   0.0100  21.2215  -506.376
 25  21    163.8     64.2   0.2522  25.2159   0.0100  21.8502  -498.879
 25  22    163.7     64.3   0.1641  16.4101   0.0100  14.2357  -479.166
 25  23    163.7     64.3   0.1641  16.4101   0.0100  14.2357  -479.166
 25  24    163.2     64.8   0.1505  15.0493   0.0100  13.1590  -478.898
 26   1    162.5     65.5   0.5093  50.9277   0.0100  44.9505  -555.402
 26   2    163.2     64.8   0.4131  41.3069   0.0100  36.1106  -536.444
 26   3    163.3     64.7   0.3156  31.5627   0.0100  27.5496  -516.827
 26   4    163.1     64.9   0.3545  35.4519   0.0100  31.0293  -526.555
 26   5    163.4     64.6   0.3134  31.3369   0.0100  27.3203  -520.215
 26   6    163.4     64.6   0.3134  31.3369   0.0100  27.3203  -520.215
 26   7    163.0     65.0   0.2810  28.0966   0.0100  24.6145  -514.329
 26   8    163.0     65.0   0.2810  28.0966   0.0100  24.6145  -514.329
 26   9    162.4     65.6   0.3378  33.7839   0.0100  29.8756  -530.709
 26  10    162.8     65.2   0.3321  33.2134   0.0100  29.2091  -524.430
 26  11    162.8     65.2   0.3321  33.2134   0.0100  29.2091  -524.430
 26  12    162.2     65.8   0.2659  26.5948   0.0100  23.5871  -513.315
 26  13    162.4     65.6   0.3957  39.5718   0.0100  35.0173  -539.094
 26  14    162.5     65.5   0.3777  37.7733   0.0100  33.3766  -535.419
 26  15    163.0     65.0   0.3781  37.8130   0.0100  33.1730  -533.720
 26  16    163.0     65.0   0.3781  37.8130   0.0100  33.1730  -533.720
 26  17    163.0     65.0   0.3781  37.8130   0.0100  33.1730  -533.720
 26  18    162.0     66.0   0.2922  29.2157   0.0100  26.0106  -518.459
 26  19    161.8     66.2   0.3122  31.2194   0.0100  27.8672  -524.424
 26  20    161.9     66.1   0.3170  31.7001   0.0100  28.2657  -522.015
 26  21    163.2     64.8   0.2886  28.8570   0.0100  25.2269  -514.932
 26  22    163.1     64.9   0.3185  31.8492   0.0100  27.9011  -523.380
 26  23    163.1     64.9   0.3185  31.8492   0.0100  27.9011  -523.380
 26  24    162.6     65.4   0.3317  33.1662   0.0100  29.2363  -524.716
 26  25    163.0     65.0   0.2452  24.5154   0.0100  21.5072  -504.748
 27   1    162.5     65.5   0.5093  50.9277   0.0100  44.9505  -555.402
 27   2    163.2     64.8   0.4131  41.3069   0.0100  36.1106  -536.444
 27   3    163.3     64.7   0.3156  31.5627   0.0100  27.5496  -516.827
 27   4    163.1     64.9   0.3545  35.4519   0.0100  31.0293  -526.555
 27   5    163.4     64.6   0.3134  31.3369   0.0100  27.3203  -520.215
 27   6    163.4     64.6   0.3134  31.3369   0.0100  27.3203  -520.215
 27   7    163.0     65.0   0.2810  28.0966   0.0100  24.6145  -514.329
 27   8    163.0     65.0   0.2810  28.0966   0.0100  24.6145  -514.329
 27   9    162.4     65.6   0.3378  33.7839   0.0100  29.8756  -530.709
 27  10    162.8     65.2   0.3321  33.2134   0.0100  29.2091  -524.430
 27  11    162.8     65.2   0.3321  33.2134   0.0100  29.2091  -524.430
 27  12    162.2     65.8   0.2659  26.5948   0.0100  23.5871  -513.315
 27  13    162.4     65.6   0.3957  39.5718   0.0100  35.0173  -539.094
 27  14    162.5     65.5   0.3777  37.7733   0.0100  33.3766  -535.419
 27  15    163.0     65.0   0.3781  37.8130   0.0100  33.1730  -533.720
 27  16    163.0     65.0   0.3781  37.8130   0.0100  33.1730  -533.720
 27  17    163.0     65.0   0.3781  37.8130   0.0100  33.1730  -533.720
 27  18    162.0     66.0   0.2922  29.2157   0.0100  26.0106  -518.459
 27  19    161.8     66.2   0.3122  31.2194   0.0100  27.8672  -524.424
 27  20    161.9     66.1   0.3170  31.7001   0.0100  28.2657  -522.015
 27  21    163.2     64.8   0.2886  28.8570   0.0100  25.2269  -514.932
 27  22    163.1     64.9   0.3185  31.8492   0.0100  27.9011  -523.380
 27  23    163.1     64.9   0.3185  31.8492   0.0100  27.9011  -523.380
 27  24    162.6     65.4   0.3317  33.1662   0.0100  29.2363  -524.716
 27  25    163.0     65.0   0.2452  24.5154   0.0100  21.5072  -504.748
 27  26    162.4     65.6   0.0000   0.0000   0.0100   0.0000  -307.863
 28   1    162.9     65.1   0.4851  48.5070   0.0100  42.5972  -554.103
 28   2    163.5     64.5   0.4585  45.8510   0.0100  39.8700  -545.544
 28   3    163.7     64.3   0.3562  35.6211   0.0100  30.9159  -527.404
 28   4    163.5     64.5   0.3578  35.7838   0.0100  31.1576  -529.172
 28   5    163.7     64.3   0.3474  34.7424   0.0100  30.1201  -526.544
 28   6    163.7     64.3   0.3474  34.7424   0.0100  30.1201  -526.544
 28   7    163.4     64.6   0.3250  32.5017   0.0100  28.3360  -522.850
 28   8    163.4     64.6   0.3250  32.5017   0.0100  28.3360  -522.850
 28   9    162.7     65.3   0.4058  40.5753   0.0100  35.7123  -538.546
 28  10    163.1     64.9   0.3440  34.4048   0.0100  30.1086  -528.253
 28  11    163.1     64.9   0.3440  34.4048   0.0100  30.1086  -528.253
 28  12    162.6     65.4   0.2580  25.7960   0.0100  22.7505  -515.269
 28  13    162.8     65.2   0.2721  27.2052   0.0100  23.9380  -515.057
 28  14    162.9     65.1   0.2889  28.8946   0.0100  25.3864  -516.689
 28  15    163.4     64.6   0.2766  27.6579   0.0100  24.1174  -512.723
 28  16    163.4     64.6   0.2766  27.6579   0.0100  24.1174  -512.723
 28  17    163.4     64.6   0.2766  27.6579   0.0100  24.1174  -512.723
 28  18    162.3     65.7   0.2795  27.9529   0.0100  24.7640  -518.591
 28  19    162.1     65.9   0.2664  26.6417   0.0100  23.6629  -517.804
 28  20    162.2     65.8   0.2694  26.9375   0.0100  23.9016  -508.609
 28  21    163.5     64.5   0.2874  28.7358   0.0100  24.9874  -515.780
 28  22    163.5     64.5   0.2054  20.5426   0.0100  17.8868  -493.996
 28  23    163.5     64.5   0.2054  20.5426   0.0100  17.8868  -493.996
 28  24    163.0     65.0   0.1910  19.0970   0.0100  16.7432  -489.569
 28  25    163.4     64.6   0.2252  22.5161   0.0100  19.6360  -500.523
 28  26    162.8     65.2   0.2474  24.7416   0.0100  21.7585  -505.332
 28  27    162.8     65.2   0.2474  24.7416   0.0100  21.7585  -505.332
 29   1    163.1     64.9   0.4515  45.1482   0.0100  39.5193  -549.323
 29   2    163.8     64.2   0.4753  47.5313   0.0100  41.1880  -547.146
 29   3    163.9     64.1   0.3272  32.7226   0.0100  28.2940  -521.507
 29   4    163.7     64.3   0.3631  36.3118   0.0100  31.5027  -528.691
 29   5    164.0     64.0   0.3317  33.1663   0.0100  28.6538  -521.396
 29   6    164.0     64.0   0.3317  33.1663   0.0100  28.6538  -521.396
 29   7    163.6     64.4   0.2990  29.9024   0.0100  25.9777  -515.878
 29   8    163.6     64.4   0.2990  29.9024   0.0100  25.9777  -515.878
 29   9    163.0     65.0   0.3672  36.7163   0.0100  32.2024  -531.888
 29  10    163.4     64.6   0.3311  33.1094   0.0100  28.8760  -522.986
 29  11    163.4     64.6   0.3311  33.1094   0.0100  28.8760  -522.986
 29  12    162.8     65.2   0.2483  24.8322   0.0100  21.8299  -510.845
 29  13    163.0     65.0   0.3057  30.5659   0.0100  26.8002  -517.799
 29  14    163.1     64.9   0.3121  31.2137   0.0100  27.3281  -519.614
 29  15    163.6     64.4   0.3116  31.1609   0.0100  27.0795  -517.526
 29  16    163.6     64.4   0.3116  31.1609   0.0100  27.0795  -517.526
 29  17    163.6     64.4   0.3116  31.1609   0.0100  27.0795  -517.526
 29  18    162.5     65.5   0.2979  29.7931   0.0100  26.3035  -521.752
 29  19    162.3     65.7   0.2738  27.3780   0.0100  24.2369  -519.351
 29  20    162.4     65.6   0.2738  27.3793   0.0100  24.2058  -512.023
 29  21    163.8     64.2   0.2445  24.4466   0.0100  21.1841  -506.220
 29  22    163.7     64.3   0.2228  22.2816   0.0100  19.3358  -500.790
 29  23    163.7     64.3   0.2228  22.2816   0.0100  19.3358  -500.790
 29  24    163.2     64.8   0.2435  24.3475   0.0100  21.2778  -502.456
 29  25    163.6     64.4   0.2452  24.5150   0.0100  21.3076  -505.378
 29  26    163.0     65.0   0.2310  23.1026   0.0100  20.2507  -502.682
 29  27    163.0     65.0   0.2310  23.1026   0.0100  20.2507  -502.682
 29  28    163.4     64.6   0.1230  12.2961   0.0100  10.7200  -464.750
 30   1    163.1     64.9   0.4515  45.1482   0.0100  39.5193  -549.323
 30   2    163.8     64.2   0.4753  47.5313   0.0100  41.1880  -547.146
 30   3    163.9     64.1   0.3272  32.7226   0.0100  28.2940  -521.507
 30   4    163.7     64.3   0.3631  36.3118   0.0100  31.5027  -528.691
 30   5    164.0     64.0   0.3317  33.1663   0.0100  28.6538  -521.396
 30   6    164.0     64.0   0.3317  33.1663   0.0100  28.6538  -521.396
 30   7    163.6     64.4   0.2990  29.9024   0.0100  25.9777  -515.878
 30   8    163.6     64.4   0.2990  29.9024   0.0100  25.9777  -515.878
 30   9    163.0     65.0   0.3672  36.7163   0.0100  32.2024  -531.888
 30  10    163.4     64.6   0.3311  33.1094   0.0100  28.8760  -522.986
 30  11    163.4     64.6   0.3311  33.1094   0.0100  28.8760  -522.986
 30  12    162.8     65.2   0.2483  24.8322   0.0100  21.8299  -510.845
 30  13    163.0     65.0   0.3057  30.5659   0.0100  26.8002  -517.799
 30  14    163.1     64.9   0.3121  31.2137   0.0100  27.3281  -519.614
 30  15    163.6     64.4   0.3116  31.1609   0.0100  27.0795  -517.526
 30  16    163.6     64.4   0.3116  31.1609   0.0100  27.0795  -517.526
 30  17    163.6     64.4   0.3116  31.1609   0.0100  27.0795  -517.526
 30  18    162.5     65.5   0.2979  29.7931   0.0100  26.3035  -521.752
 30  19    162.3     65.7   0.2738  27.3780   0.0100  24.2369  -519.351
 30  20    162.4     65.6   0.2738  27.3793   0.0100  24.2058  -512.023
 30  21    163.8     64.2   0.2445  24.4466   0.0100  21.1841  -506.220
 30  22    163.7     64.3   0.2228  22.2816   0.0100  19.3358  -500.790
 30  23    163.7     64.3   0.2228  22.2816   0.0100  19.3358  -500.790
 30  24    163.2     64.8   0.2435  24.3475   0.0100  21.2778  -502.456
 30  25    163.6     64.4   0.2452  24.5150   0.0100  21.3076  -505.378
 30  26    163.0     65.0   0.2310  23.1026   0.0100  20.2507  -502.682
 30  27    163.0     65.0   0.2310  23.1026   0.0100  20.2507  -502.682
 30  28    163.4     64.6   0.1230  12.2961   0.0100  10.7200  -464.750
 30  29    163.6     64.4   0.0000   0.0000   0.0100   0.0000  -306.145
 31   1    162.7     65.3   0.4089  40.8945   0.0100  36.0147  -541.570
 31   2    163.3     64.7   0.4797  47.9695   0.0100  41.8403  -548.926
 31   3    163.5     64.5   0.3121  31.2053   0.0100  27.1736  -516.355
 31   4    163.3     64.7   0.3550  35.5015   0.0100  31.0034  -529.327
 31   5    163.5     64.5   0.3301  33.0055   0.0100  28.7083  -519.351
 31   6    163.5     64.5   0.3301  33.0055   0.0100  28.7083  -519.351
 31   7    163.2     64.8   0.3062  30.6223   0.0100  26.7695  -515.151
 31   8    163.2     64.8   0.3062  30.6223   0.0100  26.7695  -515.151
 31   9    162.6     65.4   0.3934  39.3358   0.0100  34.7107  -535.340
 31  10    162.9     65.1   0.2964  29.6444   0.0100  26.0136  -514.566
 31  11    162.9     65.1   0.2964  29.6444   0.0100  26.0136  -514.566
 31  12    162.4     65.6   0.2234  22.3444   0.0100  19.7706  -505.950
 31  13    162.5     65.5   0.2650  26.5046   0.0100  23.3983  -511.579
 31  14    162.6     65.4   0.2457  24.5650   0.0100  21.6541  -505.617
 31  15    163.1     64.9   0.2546  25.4574   0.0100  22.2787  -505.589
 31  16    163.1     64.9   0.2546  25.4573   0.0100  22.2787  -505.589
 31  17    163.1     64.9   0.2546  25.4574   0.0100  22.2787  -505.589
 31  18    162.1     65.9   0.2761  27.6092   0.0100  24.5261  -517.222
 31  19    161.9     66.1   0.2831  28.3059   0.0100  25.2104  -520.871
 31  20    162.0     66.0   0.2489  24.8909   0.0100  22.1452  -505.941
 31  21    163.3     64.7   0.2600  25.9950   0.0100  22.6736  -507.479
 31  22    163.2     64.8   0.2021  20.2138   0.0100  17.6646  -497.838
 31  23    163.2     64.8   0.2021  20.2138   0.0100  17.6646  -497.838
 31  24    162.8     65.2   0.2479  24.7863   0.0100  21.7991  -506.403
 31  25    163.1     64.9   0.2225  22.2484   0.0100  19.4711  -497.745
 31  26    162.6     65.4   0.2535  25.3530   0.0100  22.3594  -505.980
 31  27    162.6     65.4   0.2535  25.3530   0.0100  22.3594  -505.980
 31  28    162.9     65.1   0.1266  12.6627   0.0100  11.1109  -468.610
 31  29    163.2     64.8   0.0705   7.0474   0.0100   6.1633  -454.261
 31  30    163.2     64.8   0.0705   7.0474   0.0100   6.1633  -454.261
 32   1    162.6     65.4   0.4971  49.7097   0.0100  43.8440  -556.907
 32   2    163.2     64.8   0.4725  47.2492   0.0100  41.2888  -549.657
 32   3    163.3     64.7   0.3221  32.2099   0.0100  28.1102  -527.106
 32   4    163.1     64.9   0.3384  33.8426   0.0100  29.6131  -530.669
 32   5    163.4     64.6   0.3093  30.9338   0.0100  26.9591  -524.300
 32   6    163.4     64.6   0.3093  30.9338   0.0100  26.9591  -524.300
 32   7    163.1     64.9   0.2769  27.6905   0.0100  24.2504  -517.989
 32   8    163.1     64.9   0.2769  27.6905   0.0100  24.2504  -517.989
 32   9    162.4     65.6   0.3939  39.3942   0.0100  34.8202  -541.134
 32  10    162.8     65.2   0.2967  29.6655   0.0100  26.0756  -524.205
 32  11    162.8     65.2   0.2967  29.6655   0.0100  26.0756  -524.205
 32  12    162.3     65.7   0.2780  27.8044   0.0100  24.6409  -521.020
 32  13    162.4     65.6   0.3475  34.7543   0.0100  30.7389  -531.027
 32  14    162.5     65.5   0.3450  34.4965   0.0100  30.4655  -529.484
 32  15    163.0     65.0   0.3544  35.4352   0.0100  31.0705  -529.205
 32  16    163.0     65.0   0.3544  35.4352   0.0100  31.0705  -529.205
 32  17    163.0     65.0   0.3544  35.4352   0.0100  31.0705  -529.205
 32  18    162.0     66.0   0.2747  27.4679   0.0100  24.4395  -517.093
 32  19    161.8     66.2   0.2722  27.2247   0.0100  24.2828  -518.404
 32  20    161.9     66.1   0.2646  26.4558   0.0100  23.5785  -512.039
 32  21    163.2     64.8   0.3055  30.5546   0.0100  26.7003  -518.405
 32  22    163.1     64.9   0.2383  23.8346   0.0100  20.8687  -506.076
 32  23    163.1     64.9   0.2383  23.8346   0.0100  20.8687  -506.076
 32  24    162.7     65.3   0.2354  23.5370   0.0100  20.7332  -505.255
 32  25    163.0     65.0   0.2192  21.9237   0.0100  19.2227  -501.076
 32  26    162.5     65.5   0.2441  24.4139   0.0100  21.5640  -504.477
 32  27    162.5     65.5   0.2441  24.4139   0.0100  21.5640  -504.477
 32  28    162.8     65.2   0.1118  11.1811   0.0100   9.8281  -466.508
 32  29    163.1     64.9   0.1099  10.9920   0.0100   9.6295  -463.986
 32  30    163.1     64.9   0.1099  10.9920   0.0100   9.6295  -463.986
 32  31    162.6     65.4   0.1295  12.9484   0.0100  11.4121  -473.905
 33   1    162.0     66.0   0.4285  42.8509   0.0100  38.1510  -550.005
 33   2    162.6     65.4   0.4480  44.8012   0.0100  39.5130  -550.605
 33   3    162.7     65.3   0.3469  34.6886   0.0100  30.5566  -526.047
 33   4    162.5     65.5   0.3670  36.7048   0.0100  32.4223  -535.715
 33   5    162.8     65.2   0.3582  35.8155   0.0100  31.4981  -531.779
 33   6    162.8     65.2   0.3582  35.8155   0.0100  31.4981  -531.779
 33   7    162.4     65.6   0.3240  32.3981   0.0100  28.6449  -526.105
 33   8    162.4     65.6   0.3240  32.3981   0.0100  28.6449  -526.105
 33   9    161.8     66.2   0.3615  36.1464   0.0100  32.2636  -538.462
 33  10    162.2     65.8   0.3373  33.7303   0.0100  29.9322  -529.116
 33  11    162.2     65.8   0.3373  33.7303   0.0100  29.9322  -529.116
 33  12    161.6     66.4   0.2296  22.9644   0.0100  20.5395  -508.258
 33  13    161.8     66.2   0.3048  30.4821   0.0100  27.2158  -520.660
 33  14    161.9     66.1   0.3343  33.4283   0.0100  29.7999  -526.220
 33  15    162.4     65.6   0.3219  32.1861   0.0100  28.4766  -523.008
 33  16    162.4     65.6   0.3219  32.1861   0.0100  28.4766  -523.008
 33  17    162.4     65.6   0.3219  32.1861   0.0100  28.4766  -523.008
 33  18    161.3     66.7   0.2632  26.3201   0.0100  23.6479  -514.508
 33  19    161.2     66.8   0.2580  25.8024   0.0100  23.2373  -513.536
 33  20    161.2     66.8   0.2513  25.1286   0.0100  22.6191  -514.240
 33  21    162.6     65.4   0.2238  22.3844   0.0100  19.7422  -503.645
 33  22    162.5     65.5   0.1892  18.9208   0.0100  16.7145  -497.079
 33  23    162.5     65.5   0.1892  18.9208   0.0100  16.7145  -497.079
 33  24    162.1     65.9   0.1804  18.0394   0.0100  16.0371  -496.021
 33  25    162.4     65.6   0.2089  20.8944   0.0100  18.4856  -499.715
 33  26    161.9     66.1   0.2627  26.2696   0.0100  23.4235  -513.719
 33  27    161.9     66.1   0.2627  26.2696   0.0100  23.4235  -513.719
 33  28    162.2     65.8   0.2069  20.6909   0.0100  18.3590  -497.537
 33  29    162.4     65.6   0.1911  19.1118   0.0100  16.8965  -490.628
 33  30    162.4     65.6   0.1911  19.1118   0.0100  16.8965  -490.628
 33  31    162.0     66.0   0.1968  19.6826   0.0100  17.5115  -493.507
 33  32    161.9     66.1   0.1706  17.0604   0.0100  15.2050  -490.257
 34   1    162.0     66.0   0.4285  42.8509   0.0100  38.1510  -550.005
 34   2    162.6     65.4   0.4480  44.8012   0.0100  39.5130  -550.605
 34   3    162.7     65.3   0.3469  34.6886   0.0100  30.5566  -526.047
 34   4    162.5     65.5   0.3670  36.7048   0.0100  32.4223  -535.715
 34   5    162.8     65.2   0.3582  35.8155   0.0100  31.4981  -531.779
 34   6    162.8     65.2   0.3582  35.8155   0.0100  31.4981  -531.779
 34   7    162.4     65.6   0.3240  32.3981   0.0100  28.6449  -526.105
 34   8    162.4     65.6   0.3240  32.3981   0.0100  28.6449  -526.105
 34   9    161.8     66.2   0.3615  36.1464   0.0100  32.2636  -538.462
 34  10    162.2     65.8   0.3373  33.7303   0.0100  29.9322  -529.116
 34  11    162.2     65.8   0.3373  33.7303   0.0100  29.9322  -529.116
 34  12    161.6     66.4   0.2296  22.9644   0.0100  20.5395  -508.258
 34  13    161.8     66.2   0.3048  30.4821   0.0100  27.2158  -520.660
 34  14    161.9     66.1   0.3343  33.4283   0.0100  29.7999  -526.220
 34  15    162.4     65.6   0.3219  32.1861   0.0100  28.4766  -523.008
 34  16    162.4     65.6   0.3219  32.1861   0.0100  28.4766  -523.008
 34  17    162.4     65.6   0.3219  32.1861   0.0100  28.4766  -523.008
 34  18    161.3     66.7   0.2632  26.3201   0.0100  23.6479  -514.508
 34  19    161.2     66.8   0.2580  25.8024   0.0100  23.2373  -513.536
 34  20    161.2     66.8   0.2513  25.1286   0.0100  22.6191  -514.240
 34  21    162.6     65.4   0.2238  22.3844   0.0100  19.7422  -503.645
 34  22    162.5     65.5   0.1892  18.9208   0.0100  16.7145  -497.079
 34  23    162.5     65.5   0.1892  18.9208   0.0100  16.7145  -497.079
 34  24    162.1     65.9   0.1804  18.0394   0.0100  16.0371  -496.021
 34  25    162.4     65.6   0.2089  20.8944   0.0100  18.4856  -499.715
 34  26    161.9     66.1   0.2627  26.2696   0.0100  23.4235  -513.719
 34  27    161.9     66.1   0.2627  26.2696   0.0100  23.4235  -513.719
 34  28    162.2     65.8   0.2069  20.6909   0.0100  18.3590  -497.537
 34  29    162.4     65.6   0.1911  19.1118   0.0100  16.8965  -490.628
 34  30    162.4     65.6   0.1911  19.1118   0.0100  16.8965  -490.628
 34  31    162.0     66.0   0.1968  19.6826   0.0100  17.5115  -493.507
 34  32    161.9     66.1   0.1706  17.0604   0.0100  15.2050  -490.257
 34  33    161.2     66.8   0.0000   0.0000   0.0100   0.0000  -308.944
 35   1    162.5     65.5   0.4879  48.7930   0.0100  43.0771  -553.921
 35   2    163.3     64.7   0.4692  46.9176   0.0100  40.9717  -547.409
 35   3    163.4     64.6   0.3024  30.2436   0.0100  26.3418  -516.441
 35   4    163.2     64.8   0.3775  37.7538   0.0100  33.0060  -534.114
 35   5    163.5     64.5   0.3307  33.0661   0.0100  28.7813  -525.498
 35   6    163.5     64.5   0.3307  33.0661   0.0100  28.7813  -525.498
 35   7    163.1     64.9   0.2977  29.7666   0.0100  26.0661  -520.261
 35   8    163.1     64.9   0.2977  29.7666   0.0100  26.0661  -520.261
 35   9    162.4     65.6   0.3933  39.3317   0.0100  34.7917  -544.135
 35  10    162.8     65.2   0.3322  33.2217   0.0100  29.2149  -527.809
 35  11    162.8     65.2   0.3322  33.2217   0.0100  29.2149  -527.809
 35  12    162.2     65.8   0.2099  20.9881   0.0100  18.6073  -498.907
 35  13    162.4     65.6   0.3187  31.8675   0.0100  28.1702  -523.497
 35  14    162.5     65.5   0.3257  32.5690   0.0100  28.7468  -523.628
 35  15    163.1     64.9   0.3257  32.5723   0.0100  28.5248  -521.577
 35  16    163.1     64.9   0.3257  32.5723   0.0100  28.5248  -521.577
 35  17    163.1     64.9   0.3257  32.5723   0.0100  28.5248  -521.577
 35  18    161.9     66.1   0.2631  26.3077   0.0100  23.4314  -512.403
 35  19    161.7     66.3   0.2794  27.9433   0.0100  24.9607  -517.644
 35  20    161.8     66.2   0.2656  26.5648   0.0100  23.6901  -513.558
 35  21    163.3     64.7   0.2928  29.2787   0.0100  25.5682  -512.973
 35  22    163.2     64.8   0.2631  26.3124   0.0100  23.0089  -511.681
 35  23    163.2     64.8   0.2631  26.3124   0.0100  23.0089  -511.681
 35  24    162.7     65.3   0.2561  25.6141   0.0100  22.5721  -507.731
 35  25    163.1     64.9   0.2274  22.7358   0.0100  19.9154  -498.782
 35  26    162.4     65.6   0.2171  21.7084   0.0100  19.1930  -495.319
 35  27    162.4     65.6   0.2171  21.7084   0.0100  19.1930  -495.319
 35  28    162.8     65.2   0.2209  22.0939   0.0100  19.4190  -498.750
 35  29    163.1     64.9   0.2042  20.4188   0.0100  17.8854  -495.335
 35  30    163.1     64.9   0.2042  20.4188   0.0100  17.8854  -495.335
 35  31    162.6     65.4   0.2302  23.0160   0.0100  20.2996  -501.876
 35  32    162.5     65.5   0.1465  14.6538   0.0100  12.9481  -480.040
 35  33    161.8     66.2   0.1755  17.5475   0.0100  15.6486  -489.596
 35  34    161.8     66.2   0.1755  17.5474   0.0100  15.6486  -489.596
 36   1    163.4     64.6   0.4224  42.2351   0.0100  36.8198  -541.375
 36   2    164.1     63.9   0.4716  47.1553   0.0100  40.6869  -543.157
 36   3    164.2     63.8   0.3945  39.4483   0.0100  33.9522  -528.199
 36   4    164.0     64.0   0.4021  40.2105   0.0100  34.7320  -534.276
 36   5    164.3     63.7   0.4040  40.4006   0.0100  34.7514  -532.595
 36   6    164.3     63.7   0.4040  40.4006   0.0100  34.7514  -532.595
 36   7    163.9     64.1   0.3680  36.7970   0.0100  31.8323  -527.559
 36   8    163.9     64.1   0.3680  36.7970   0.0100  31.8323  -527.559
 36   9    163.3     64.7   0.4678  46.7809   0.0100  40.8579  -548.496
 36  10    163.6     64.4   0.3765  37.6540   0.0100  32.7032  -529.960
 36  11    163.6     64.4   0.3765  37.6540   0.0100  32.7032  -529.960
 36  12    163.1     64.9   0.2145  21.4546   0.0100  18.7819  -497.301
 36  13    163.3     64.7   0.2686  26.8593   0.0100  23.4455  -510.328
 36  14    163.4     64.6   0.2649  26.4873   0.0100  23.0874  -508.344
 36  15    163.9     64.1   0.2726  27.2634   0.0100  23.5875  -507.329
 36  16    163.9     64.1   0.2726  27.2634   0.0100  23.5875  -507.329
 36  17    163.9     64.1   0.2726  27.2634   0.0100  23.5875  -507.329
 36  18    162.8     65.2   0.2444  24.4425   0.0100  21.4892  -502.646
 36  19    162.6     65.4   0.2585  25.8508   0.0100  22.7916  -508.157
 36  20    162.7     65.3   0.2831  28.3051   0.0100  24.9157  -508.183
 36  21    164.1     63.9   0.2237  22.3712   0.0100  19.3026  -495.084
 36  22    164.0     64.0   0.2032  20.3246   0.0100  17.5599  -493.616
 36  23    164.0     64.0   0.2032  20.3246   0.0100  17.5599  -493.616
 36  24    163.5     64.5   0.2222  22.2215   0.0100  19.3399  -499.038
 36  25    163.9     64.1   0.2081  20.8061   0.0100  18.0051  -489.486
 36  26    163.3     64.7   0.2357  23.5707   0.0100  20.5769  -494.019
 36  27    163.3     64.7   0.2357  23.5707   0.0100  20.5769  -494.019
 36  28    163.7     64.3   0.1866  18.6609   0.0100  16.1999  -488.455
 36  29    163.9     64.1   0.2581  25.8134   0.0100  22.3368  -501.821
 36  30    163.9     64.1   0.2581  25.8134   0.0100  22.3368  -501.821
 36  31    163.4     64.6   0.1946  19.4611   0.0100  16.9499  -485.552
 36  32    163.3     64.7   0.2187  21.8661   0.0100  19.0773  -493.944
 36  33    162.7     65.3   0.1317  13.1743   0.0100  11.5968  -476.370
 36  34    162.7     65.3   0.1317  13.1743   0.0100  11.5968  -476.370
 36  35    163.4     64.6   0.1813  18.1309   0.0100  15.8113  -480.275
 37   1    163.1     64.9   0.4265  42.6505   0.0100  37.3226  -547.461
 37   2    163.9     64.1   0.4507  45.0685   0.0100  38.9949  -541.404
 37   3    164.1     63.9   0.3397  33.9738   0.0100  29.3035  -523.364
 37   4    163.8     64.2   0.3596  35.9616   0.0100  31.1522  -531.329
 37   5    164.1     63.9   0.3682  36.8179   0.0100  31.7427  -530.534
 37   6    164.1     63.9   0.3682  36.8179   0.0100  31.7427  -530.534
 37   7    163.7     64.3   0.3451  34.5133   0.0100  29.9593  -527.826
 37   8    163.7     64.3   0.3451  34.5133   0.0100  29.9593  -527.826
 37   9    163.0     65.0   0.4241  42.4130   0.0100  37.1959  -545.279
 37  10    163.4     64.6   0.3761  37.6071   0.0100  32.7827  -535.047
 37  11    163.4     64.6   0.3761  37.6071   0.0100  32.7827  -535.047
 37  12    162.9     65.1   0.2497  24.9672   0.0100  21.9280  -509.673
 37  13    163.1     64.9   0.2916  29.1627   0.0100  25.5327  -516.996
 37  14    163.2     64.8   0.2993  29.9271   0.0100  26.1618  -519.027
 37  15    163.7     64.3   0.3084  30.8364   0.0100  26.7365  -518.571
 37  16    163.7     64.3   0.3084  30.8364   0.0100  26.7365  -518.571
 37  17    163.7     64.3   0.3084  30.8364   0.0100  26.7365  -518.571
 37  18    162.5     65.5   0.2436  24.3619   0.0100  21.5088  -509.433
 37  19    162.3     65.7   0.2716  27.1560   0.0100  24.0462  -517.384
 37  20    162.4     65.6   0.2835  28.3527   0.0100  25.0622  -511.579
 37  21    163.9     64.1   0.2178  21.7796   0.0100  18.8445  -495.086
 37  22    163.8     64.2   0.2337  23.3719   0.0100  20.2343  -500.792
 37  23    163.8     64.2   0.2337  23.3719   0.0100  20.2343  -500.792
 37  24    163.3     64.7   0.2125  21.2491   0.0100  18.5539  -498.554
 37  25    163.7     64.3   0.1692  16.9209   0.0100  14.6767  -481.002
 37  26    163.0     65.0   0.2188  21.8760   0.0100  19.1711  -495.381
 37  27    163.0     65.0   0.2188  21.8760   0.0100  19.1711  -495.381
 37  28    163.4     64.6   0.2041  20.4088   0.0100  17.7749  -493.259
 37  29    163.7     64.3   0.2420  24.2014   0.0100  21.0037  -500.704
 37  30    163.7     64.3   0.2420  24.2014   0.0100  21.0037  -500.704
 37  31    163.2     64.8   0.2385  23.8528   0.0100  20.8514  -502.703
 37  32    163.1     64.9   0.1738  17.3812   0.0100  15.2256  -488.044
 37  33    162.4     65.6   0.0921   9.2098   0.0100   8.1410  -471.906
 37  34    162.4     65.6   0.0921   9.2098   0.0100   8.1410  -471.906
 37  35    163.2     64.8   0.1554  15.5436   0.0100  13.5919  -478.268
 37  36    164.0     64.0   0.0099   0.9940   0.0100   0.8587  -427.296
 38   1    163.2     64.8   0.4516  45.1579   0.0100  39.4505  -549.421
 38   2    163.9     64.1   0.4252  42.5199   0.0100  36.7598  -536.579
 38   3    164.1     63.9   0.3682  36.8169   0.0100  31.7498  -525.148
 38   4    163.8     64.2   0.4026  40.2650   0.0100  34.8632  -533.844
 38   5    164.2     63.8   0.3764  37.6404   0.0100  32.4292  -529.237
 38   6    164.2     63.8   0.3764  37.6404   0.0100  32.4292  -529.237
 38   7    163.7     64.3   0.3522  35.2198   0.0100  30.5511  -526.047
 38   8    163.7     64.3   0.3522  35.2198   0.0100  30.5511  -526.047
 38   9    163.1     64.9   0.4331  43.3115   0.0100  37.9412  -543.687
 38  10    163.5     64.5   0.3803  38.0250   0.0100  33.1092  -532.523
 38  11    163.5     64.5   0.3803  38.0250   0.0100  33.1092  -532.523
 38  12    163.0     65.0   0.1911  19.1119   0.0100  16.7548  -491.944
 38  13    163.2     64.8   0.2890  28.9039   0.0100  25.2771  -515.180
 38  14    163.3     64.7   0.3177  31.7692   0.0100  27.7395  -520.709
 38  15    163.8     64.2   0.3068  30.6824   0.0100  26.5726  -517.027
 38  16    163.8     64.2   0.3068  30.6824   0.0100  26.5726  -517.027
 38  17    163.8     64.2   0.3068  30.6824   0.0100  26.5726  -517.027
 38  18    162.6     65.4   0.2458  24.5821   0.0100  21.6707  -507.474
 38  19    162.5     65.5   0.2538  25.3794   0.0100  22.4308  -511.138
 38  20    162.5     65.5   0.2537  25.3738   0.0100  22.4037  -502.577
 38  21    163.9     64.1   0.2145  21.4493   0.0100  18.5436  -494.801
 38  22    163.9     64.1   0.1972  19.7175   0.0100  17.0505  -490.770
 38  23    163.9     64.1   0.1972  19.7175   0.0100  17.0505  -490.770
 38  24    163.4     64.6   0.1826  18.2610   0.0100  15.9184  -488.886
 38  25    163.8     64.2   0.2239  22.3931   0.0100  19.3992  -496.162
 38  26    163.1     64.9   0.2175  21.7512   0.0100  19.0304  -492.425
 38  27    163.1     64.9   0.2175  21.7512   0.0100  19.0304  -492.425
 38  28    163.5     64.5   0.1975  19.7495   0.0100  17.1817  -488.622
 38  29    163.8     64.2   0.2274  22.7436   0.0100  19.7132  -494.065
 38  30    163.8     64.2   0.2274  22.7436   0.0100  19.7132  -494.065
 38  31    163.3     64.7   0.2310  23.1034   0.0100  20.1659  -497.735
 38  32    163.2     64.8   0.2000  19.9977   0.0100  17.4924  -492.132
 38  33    162.5     65.5   0.0981   9.8111   0.0100   8.6627  -468.848
 38  34    162.5     65.5   0.0981   9.8111   0.0100   8.6627  -468.848
 38  35    163.3     64.7   0.1653  16.5321   0.0100  14.4367  -475.645
 38  36    164.1     63.9   0.0102   1.0200   0.0100   0.8800  -435.823
 38  37    163.9     64.1   0.0050   0.4953   0.0100   0.4283  -403.243

