Supplemental results for CODEML (seqf: /gpfs/scratch/cltucker/EBH381-Group-Project/SIV_aligned_VPX.fas  treef: )


pairwise comparison (Goldman & Yang 1994)
seq seq        N       S       dN       dS     dN/dS   Paras.
  2   1    163.3     64.7   0.4494   0.2247   2.0000   1.1568  -510.554
  3   1    163.4     64.6   0.4681   0.2341   2.0000   1.2055  -515.124
  3   2    164.1     63.9   0.4845   0.2423   2.0000   1.2499  -510.673
  4   1    163.2     64.8   0.5037   0.2518   2.0000   1.2963  -525.690
  4   2    163.9     64.1   0.5294   0.2647   2.0000   1.3648  -520.677
  4   3    164.0     64.0   0.2616   0.1308   2.0000   0.6747  -461.821
  5   1    163.5     64.5   0.4248   0.2124   2.0000   1.0942  -509.441
  5   2    164.2     63.8   0.3490   0.1745   2.0000   0.9005  -489.763
  5   3    164.3     63.7   0.2234   0.1117   2.0000   0.5765  -442.596
  5   4    164.1     63.9   0.2445   0.1222   2.0000   0.6305  -456.328
  6   1    163.5     64.5   0.4248   0.2124   2.0000   1.0942  -509.441
  6   2    164.2     63.8   0.3490   0.1745   2.0000   0.9005  -489.763
  6   3    164.3     63.7   0.2234   0.1117   2.0000   0.5765  -442.596
  6   4    164.1     63.9   0.2445   0.1222   2.0000   0.6305  -456.328
  6   5    164.4     63.6   0.0000   0.0000   2.0000   0.0000  -304.678
  7   1    163.1     64.9   0.4245   0.2122   2.0000   1.0923  -510.882
  7   2    163.8     64.2   0.3769   0.1884   2.0000   0.9713  -495.340
  7   3    163.9     64.1   0.2147   0.1074   2.0000   0.5535  -439.464
  7   4    163.7     64.3   0.2092   0.1046   2.0000   0.5392  -444.610
  7   5    164.0     64.0   0.0579   0.0290   2.0000   0.1494  -359.629
  7   6    164.0     64.0   0.0579   0.0290   2.0000   0.1494  -359.629
  8   1    163.1     64.9   0.4245   0.2122   2.0000   1.0923  -510.882
  8   2    163.8     64.2   0.3769   0.1884   2.0000   0.9713  -495.340
  8   3    163.9     64.1   0.2147   0.1074   2.0000   0.5535  -439.464
  8   4    163.7     64.3   0.2092   0.1046   2.0000   0.5392  -444.610
  8   5    164.0     64.0   0.0579   0.0290   2.0000   0.1494  -359.629
  8   6    164.0     64.0   0.0579   0.0290   2.0000   0.1494  -359.629
  8   7    163.6     64.4   0.0000   0.0000   2.0000   0.0000  -304.843
  9   1    162.5     65.5   0.4989   0.2495   2.0000   1.2818  -526.423
  9   2    163.1     64.9   0.4603   0.2301   2.0000   1.1844  -513.061
  9   3    163.2     64.8   0.2474   0.1237   2.0000   0.6367  -457.417
  9   4    163.0     65.0   0.2714   0.1357   2.0000   0.6982  -467.119
  9   5    163.3     64.7   0.1611   0.0805   2.0000   0.4147  -416.922
  9   6    163.3     64.7   0.1611   0.0805   2.0000   0.4147  -416.922
  9   7    163.0     65.0   0.1475   0.0738   2.0000   0.3794  -413.773
  9   8    163.0     65.0   0.1475   0.0738   2.0000   0.3794  -413.773
 10   1    162.9     65.1   0.3613   0.1806   2.0000   0.9290  -498.999
 10   2    163.5     64.5   0.5078   0.2539   2.0000   1.3079  -515.617
 10   3    163.6     64.4   0.2742   0.1371   2.0000   0.7063  -459.084
 10   4    163.4     64.6   0.2670   0.1335   2.0000   0.6876  -460.409
 10   5    163.7     64.3   0.1592   0.0796   2.0000   0.4104  -410.059
 10   6    163.7     64.3   0.1592   0.0796   2.0000   0.4104  -410.059
 10   7    163.4     64.6   0.1332   0.0666   2.0000   0.3430  -399.476
 10   8    163.4     64.6   0.1332   0.0666   2.0000   0.3430  -399.476
 10   9    162.7     65.3   0.1607   0.0804   2.0000   0.4132  -414.746
 11   1    162.9     65.1   0.3613   0.1806   2.0000   0.9290  -498.999
 11   2    163.5     64.5   0.5078   0.2539   2.0000   1.3079  -515.617
 11   3    163.6     64.4   0.2742   0.1371   2.0000   0.7063  -459.084
 11   4    163.4     64.6   0.2670   0.1335   2.0000   0.6876  -460.409
 11   5    163.7     64.3   0.1592   0.0796   2.0000   0.4104  -410.059
 11   6    163.7     64.3   0.1592   0.0796   2.0000   0.4104  -410.059
 11   7    163.4     64.6   0.1332   0.0666   2.0000   0.3430  -399.476
 11   8    163.4     64.6   0.1332   0.0666   2.0000   0.3430  -399.476
 11   9    162.7     65.3   0.1607   0.0804   2.0000   0.4132  -414.746
 11  10    163.1     64.9   0.0000   0.0000   2.0000   0.0000  -306.211
 12   1    162.3     65.7   0.6972   0.3486   2.0000   1.7904  -553.512
 12   2    163.0     65.0   0.6042   0.3021   2.0000   1.5544  -542.039
 12   3    163.2     64.8   0.5543   0.2771   2.0000   1.4264  -532.124
 12   4    163.0     65.0   0.6283   0.3141   2.0000   1.6160  -540.072
 12   5    163.2     64.8   0.5385   0.2692   2.0000   1.3860  -527.757
 12   6    163.2     64.8   0.5385   0.2692   2.0000   1.3860  -527.757
 12   7    162.9     65.1   0.4857   0.2428   2.0000   1.2489  -518.778
 12   8    162.9     65.1   0.4857   0.2428   2.0000   1.2489  -518.778
 12   9    162.2     65.8   0.6253   0.3127   2.0000   1.6053  -542.779
 12  10    162.6     65.4   0.5540   0.2770   2.0000   1.4236  -531.577
 12  11    162.6     65.4   0.5540   0.2770   2.0000   1.4236  -531.577
 13   1    162.5     65.5   0.5432   0.2716   2.0000   1.3955  -535.037
 13   2    163.2     64.8   0.8419   0.4209   2.0000   2.1666  -563.037
 13   3    163.3     64.7   0.5069   0.2535   2.0000   1.3051  -518.534
 13   4    163.1     64.9   0.6489   0.3245   2.0000   1.6697  -543.965
 13   5    163.4     64.6   0.5817   0.2908   2.0000   1.4978  -533.979
 13   6    163.4     64.6   0.5817   0.2908   2.0000   1.4978  -533.979
 13   7    163.0     65.0   0.5630   0.2815   2.0000   1.4481  -530.167
 13   8    163.0     65.0   0.5630   0.2815   2.0000   1.4481  -530.167
 13   9    162.3     65.7   0.6490   0.3245   2.0000   1.6667  -543.155
 13  10    162.7     65.3   0.5285   0.2642   2.0000   1.3585  -530.214
 13  11    162.7     65.3   0.5285   0.2642   2.0000   1.3585  -530.214
 13  12    162.2     65.8   0.3920   0.1960   2.0000   1.0062  -502.039
 14   1    162.6     65.4   0.5774   0.2887   2.0000   1.4836  -539.382
 14   2    163.3     64.7   0.8537   0.4269   2.0000   2.1977  -563.677
 14   3    163.4     64.6   0.5139   0.2569   2.0000   1.3234  -520.409
 14   4    163.2     64.8   0.6611   0.3306   2.0000   1.7015  -545.775
 14   5    163.5     64.5   0.6039   0.3020   2.0000   1.5555  -536.514
 14   6    163.5     64.5   0.6039   0.3020   2.0000   1.5555  -536.514
 14   7    163.1     64.9   0.5858   0.2929   2.0000   1.5072  -533.148
 14   8    163.1     64.9   0.5858   0.2929   2.0000   1.5072  -533.148
 14   9    162.4     65.6   0.6746   0.3373   2.0000   1.7327  -545.923
 14  10    162.8     65.2   0.5736   0.2868   2.0000   1.4750  -536.551
 14  11    162.8     65.2   0.5736   0.2868   2.0000   1.4750  -536.551
 14  12    162.3     65.7   0.4270   0.2135   2.0000   1.0965  -509.338
 14  13    162.5     65.5   0.0423   0.0211   2.0000   0.1086  -351.132
 15   1    163.1     64.9   0.5318   0.2659   2.0000   1.3681  -533.288
 15   2    163.8     64.2   0.7732   0.3866   2.0000   1.9931  -558.057
 15   3    164.0     64.0   0.4922   0.2461   2.0000   1.2693  -516.633
 15   4    163.7     64.3   0.6108   0.3054   2.0000   1.5742  -539.993
 15   5    164.0     64.0   0.5579   0.2790   2.0000   1.4389  -530.556
 15   6    164.0     64.0   0.5579   0.2790   2.0000   1.4389  -530.556
 15   7    163.6     64.4   0.5396   0.2698   2.0000   1.3901  -526.962
 15   8    163.6     64.4   0.5396   0.2698   2.0000   1.3901  -526.962
 15   9    162.9     65.1   0.6234   0.3117   2.0000   1.6032  -540.571
 15  10    163.3     64.7   0.5279   0.2640   2.0000   1.3592  -530.219
 15  11    163.3     64.7   0.5279   0.2640   2.0000   1.3592  -530.219
 15  12    162.8     65.2   0.4073   0.2037   2.0000   1.0472  -504.687
 15  13    163.0     65.0   0.0421   0.0210   2.0000   0.1082  -350.864
 15  14    163.1     64.9   0.0259   0.0129   2.0000   0.0666  -333.842
 16   1    163.1     64.9   0.5318   0.2659   2.0000   1.3681  -533.288
 16   2    163.8     64.2   0.7732   0.3866   2.0000   1.9931  -558.057
 16   3    164.0     64.0   0.4922   0.2461   2.0000   1.2693  -516.633
 16   4    163.7     64.3   0.6108   0.3054   2.0000   1.5742  -539.993
 16   5    164.0     64.0   0.5579   0.2790   2.0000   1.4389  -530.556
 16   6    164.0     64.0   0.5579   0.2790   2.0000   1.4389  -530.556
 16   7    163.6     64.4   0.5396   0.2698   2.0000   1.3901  -526.962
 16   8    163.6     64.4   0.5396   0.2698   2.0000   1.3901  -526.962
 16   9    162.9     65.1   0.6234   0.3117   2.0000   1.6032  -540.571
 16  10    163.3     64.7   0.5279   0.2640   2.0000   1.3592  -530.219
 16  11    163.3     64.7   0.5279   0.2640   2.0000   1.3592  -530.219
 16  12    162.8     65.2   0.4073   0.2037   2.0000   1.0472  -504.687
 16  13    163.0     65.0   0.0421   0.0210   2.0000   0.1082  -350.864
 16  14    163.1     64.9   0.0259   0.0129   2.0000   0.0666  -333.842
 16  15    163.6     64.4   0.0000   0.0000   2.0000   0.0000  -306.765
 17   1    163.1     64.9   0.5318   0.2659   2.0000   1.3681  -533.288
 17   2    163.8     64.2   0.7732   0.3866   2.0000   1.9931  -558.057
 17   3    164.0     64.0   0.4922   0.2461   2.0000   1.2693  -516.633
 17   4    163.7     64.3   0.6108   0.3054   2.0000   1.5742  -539.993
 17   5    164.0     64.0   0.5579   0.2790   2.0000   1.4389  -530.556
 17   6    164.0     64.0   0.5579   0.2790   2.0000   1.4389  -530.556
 17   7    163.6     64.4   0.5396   0.2698   2.0000   1.3901  -526.962
 17   8    163.6     64.4   0.5396   0.2698   2.0000   1.3901  -526.962
 17   9    162.9     65.1   0.6234   0.3117   2.0000   1.6032  -540.571
 17  10    163.3     64.7   0.5279   0.2640   2.0000   1.3592  -530.219
 17  11    163.3     64.7   0.5279   0.2640   2.0000   1.3592  -530.219
 17  12    162.8     65.2   0.4073   0.2037   2.0000   1.0472  -504.687
 17  13    163.0     65.0   0.0421   0.0210   2.0000   0.1082  -350.864
 17  14    163.1     64.9   0.0259   0.0129   2.0000   0.0666  -333.842
 17  15    163.6     64.4   0.0000   0.0000   2.0000   0.0000  -306.765
 17  16    163.6     64.4   0.0000   0.0000   2.0000   0.0000  -306.765
 18   1    162.1     65.9   0.6158   0.3079   2.0000   1.5803  -545.674
 18   2    162.7     65.3   0.7037   0.3519   2.0000   1.8089  -553.018
 18   3    162.8     65.2   0.5866   0.2933   2.0000   1.5082  -532.510
 18   4    162.6     65.4   0.6182   0.3091   2.0000   1.5887  -543.565
 18   5    162.9     65.1   0.5844   0.2922   2.0000   1.5029  -536.537
 18   6    162.9     65.1   0.5844   0.2922   2.0000   1.5029  -536.537
 18   7    162.6     65.4   0.5590   0.2795   2.0000   1.4364  -533.459
 18   8    162.6     65.4   0.5590   0.2795   2.0000   1.4364  -533.459
 18   9    161.9     66.1   0.5906   0.2953   2.0000   1.5150  -540.794
 18  10    162.3     65.7   0.6222   0.3111   2.0000   1.5976  -540.577
 18  11    162.3     65.7   0.6222   0.3111   2.0000   1.5976  -540.577
 18  12    161.7     66.3   0.4076   0.2038   2.0000   1.0450  -507.587
 18  13    161.9     66.1   0.3885   0.1943   2.0000   0.9965  -493.236
 18  14    162.0     66.0   0.4205   0.2103   2.0000   1.0788  -496.937
 18  15    162.5     65.5   0.3933   0.1967   2.0000   1.0104  -491.265
 18  16    162.5     65.5   0.3933   0.1967   2.0000   1.0104  -491.265
 18  17    162.5     65.5   0.3933   0.1967   2.0000   1.0104  -491.265
 19   1    161.9     66.1   0.5430   0.2715   2.0000   1.3928  -537.815
 19   2    162.5     65.5   0.7086   0.3543   2.0000   1.8206  -556.994
 19   3    162.6     65.4   0.5586   0.2793   2.0000   1.4356  -532.122
 19   4    162.4     65.6   0.5775   0.2887   2.0000   1.4834  -540.038
 19   5    162.7     65.3   0.5028   0.2514   2.0000   1.2924  -527.551
 19   6    162.7     65.3   0.5028   0.2514   2.0000   1.2924  -527.551
 19   7    162.4     65.6   0.5247   0.2623   2.0000   1.3476  -531.490
 19   8    162.4     65.6   0.5247   0.2623   2.0000   1.3476  -531.490
 19   9    161.8     66.2   0.5660   0.2830   2.0000   1.4513  -541.476
 19  10    162.1     65.9   0.5483   0.2742   2.0000   1.4073  -534.294
 19  11    162.1     65.9   0.5483   0.2742   2.0000   1.4073  -534.294
 19  12    161.5     66.5   0.4333   0.2166   2.0000   1.1103  -508.842
 19  13    161.7     66.3   0.4471   0.2235   2.0000   1.1461  -511.441
 19  14    161.8     66.2   0.4433   0.2217   2.0000   1.1368  -508.011
 19  15    162.3     65.7   0.4068   0.2034   2.0000   1.0445  -501.263
 19  16    162.3     65.7   0.4068   0.2034   2.0000   1.0445  -501.263
 19  17    162.3     65.7   0.4068   0.2034   2.0000   1.0445  -501.263
 19  18    161.3     66.7   0.1720   0.0860   2.0000   0.4405  -431.288
 20   1    162.0     66.0   0.5433   0.2716   2.0000   1.3938  -535.018
 20   2    162.6     65.4   0.5786   0.2893   2.0000   1.4869  -538.836
 20   3    162.7     65.3   0.6266   0.3133   2.0000   1.6106  -536.418
 20   4    162.5     65.5   0.6504   0.3252   2.0000   1.6708  -540.804
 20   5    162.8     65.2   0.4999   0.2499   2.0000   1.2852  -521.281
 20   6    162.8     65.2   0.4999   0.2499   2.0000   1.2852  -521.281
 20   7    162.4     65.6   0.4867   0.2433   2.0000   1.2501  -519.568
 20   8    162.4     65.6   0.4867   0.2433   2.0000   1.2501  -519.568
 20   9    161.8     66.2   0.5357   0.2679   2.0000   1.3738  -527.020
 20  10    162.2     65.8   0.5079   0.2539   2.0000   1.3037  -521.896
 20  11    162.2     65.8   0.5079   0.2539   2.0000   1.3037  -521.896
 20  12    161.6     66.4   0.5350   0.2675   2.0000   1.3713  -525.063
 20  13    161.8     66.2   0.5292   0.2646   2.0000   1.3569  -522.709
 20  14    161.9     66.1   0.5262   0.2631   2.0000   1.3496  -521.932
 20  15    162.4     65.6   0.4840   0.2420   2.0000   1.2430  -515.843
 20  16    162.4     65.6   0.4840   0.2420   2.0000   1.2430  -515.843
 20  17    162.4     65.6   0.4840   0.2420   2.0000   1.2430  -515.843
 20  18    161.3     66.7   0.4421   0.2211   2.0000   1.1324  -508.756
 20  19    161.2     66.8   0.4061   0.2030   2.0000   1.0396  -505.531
 21   1    163.3     64.7   0.5938   0.2969   2.0000   1.5285  -540.088
 21   2    164.0     64.0   0.5718   0.2859   2.0000   1.4744  -531.076
 21   3    164.1     63.9   0.6228   0.3114   2.0000   1.6066  -535.119
 21   4    163.9     64.1   0.6607   0.3303   2.0000   1.7032  -538.298
 21   5    164.2     63.8   0.6693   0.3346   2.0000   1.7267  -541.135
 21   6    164.2     63.8   0.6693   0.3346   2.0000   1.7267  -541.135
 21   7    163.8     64.2   0.5859   0.2929   2.0000   1.5101  -532.547
 21   8    163.8     64.2   0.5859   0.2929   2.0000   1.5101  -532.547
 21   9    163.1     64.9   0.6035   0.3017   2.0000   1.5528  -540.673
 21  10    163.5     64.5   0.6031   0.3015   2.0000   1.5534  -535.977
 21  11    163.5     64.5   0.6031   0.3015   2.0000   1.5534  -535.977
 21  12    163.0     65.0   0.4903   0.2451   2.0000   1.2613  -524.507
 21  13    163.2     64.8   0.6665   0.3332   2.0000   1.7152  -537.278
 21  14    163.3     64.7   0.6742   0.3371   2.0000   1.7354  -538.002
 21  15    163.8     64.2   0.6255   0.3127   2.0000   1.6122  -532.529
 21  16    163.8     64.2   0.6255   0.3127   2.0000   1.6122  -532.529
 21  17    163.8     64.2   0.6255   0.3127   2.0000   1.6122  -532.529
 21  18    162.7     65.3   0.5188   0.2594   2.0000   1.3336  -523.538
 21  19    162.5     65.5   0.4942   0.2471   2.0000   1.2697  -522.056
 21  20    162.6     65.4   0.4698   0.2349   2.0000   1.2072  -511.045
 22   1    163.1     64.9   0.5997   0.2998   2.0000   1.5431  -543.871
 22   2    163.9     64.1   0.5181   0.2591   2.0000   1.3358  -533.188
 22   3    164.1     63.9   0.5247   0.2623   2.0000   1.3535  -526.043
 22   4    163.8     64.2   0.5596   0.2798   2.0000   1.4425  -531.195
 22   5    164.1     63.9   0.5267   0.2634   2.0000   1.3588  -526.832
 22   6    164.1     63.9   0.5267   0.2634   2.0000   1.3588  -526.832
 22   7    163.7     64.3   0.4947   0.2474   2.0000   1.2749  -521.259
 22   8    163.7     64.3   0.4947   0.2474   2.0000   1.2749  -521.259
 22   9    163.0     65.0   0.5623   0.2811   2.0000   1.4464  -533.468
 22  10    163.4     64.6   0.5739   0.2869   2.0000   1.4778  -532.155
 22  11    163.4     64.6   0.5739   0.2869   2.0000   1.4778  -532.155
 22  12    162.9     65.1   0.3644   0.1822   2.0000   0.9370  -492.694
 22  13    163.1     64.9   0.5220   0.2610   2.0000   1.3431  -524.702
 22  14    163.2     64.8   0.5500   0.2750   2.0000   1.4156  -528.214
 22  15    163.7     64.3   0.5075   0.2537   2.0000   1.3079  -522.117
 22  16    163.7     64.3   0.5075   0.2537   2.0000   1.3079  -522.117
 22  17    163.7     64.3   0.5075   0.2537   2.0000   1.3079  -522.117
 22  18    162.6     65.4   0.4695   0.2348   2.0000   1.2064  -517.810
 22  19    162.4     65.6   0.4752   0.2376   2.0000   1.2205  -517.348
 22  20    162.5     65.5   0.4469   0.2234   2.0000   1.1480  -512.023
 22  21    163.9     64.1   0.3833   0.1917   2.0000   0.9883  -505.517
 23   1    163.1     64.9   0.5997   0.2998   2.0000   1.5431  -543.871
 23   2    163.9     64.1   0.5181   0.2591   2.0000   1.3358  -533.188
 23   3    164.1     63.9   0.5247   0.2623   2.0000   1.3535  -526.043
 23   4    163.8     64.2   0.5596   0.2798   2.0000   1.4425  -531.195
 23   5    164.1     63.9   0.5267   0.2634   2.0000   1.3588  -526.832
 23   6    164.1     63.9   0.5267   0.2634   2.0000   1.3588  -526.832
 23   7    163.7     64.3   0.4947   0.2474   2.0000   1.2749  -521.259
 23   8    163.7     64.3   0.4947   0.2474   2.0000   1.2749  -521.259
 23   9    163.0     65.0   0.5623   0.2811   2.0000   1.4464  -533.468
 23  10    163.4     64.6   0.5739   0.2869   2.0000   1.4778  -532.155
 23  11    163.4     64.6   0.5739   0.2869   2.0000   1.4778  -532.155
 23  12    162.9     65.1   0.3644   0.1822   2.0000   0.9370  -492.694
 23  13    163.1     64.9   0.5220   0.2610   2.0000   1.3431  -524.702
 23  14    163.2     64.8   0.5500   0.2750   2.0000   1.4156  -528.214
 23  15    163.7     64.3   0.5075   0.2537   2.0000   1.3079  -522.117
 23  16    163.7     64.3   0.5075   0.2537   2.0000   1.3079  -522.117
 23  17    163.7     64.3   0.5075   0.2537   2.0000   1.3079  -522.117
 23  18    162.6     65.4   0.4695   0.2348   2.0000   1.2064  -517.810
 23  19    162.4     65.6   0.4752   0.2376   2.0000   1.2205  -517.348
 23  20    162.5     65.5   0.4469   0.2234   2.0000   1.1480  -512.023
 23  21    163.9     64.1   0.3833   0.1917   2.0000   0.9883  -505.517
 23  22    163.8     64.2   0.0000   0.0000   2.0000   0.0000  -306.459
 24   1    162.7     65.3   0.6534   0.3267   2.0000   1.6796  -550.676
 24   2    163.4     64.6   0.4920   0.2460   2.0000   1.2670  -524.570
 24   3    163.5     64.5   0.5538   0.2769   2.0000   1.4266  -531.534
 24   4    163.3     64.7   0.6165   0.3083   2.0000   1.5872  -541.443
 24   5    163.6     64.4   0.5119   0.2559   2.0000   1.3187  -527.143
 24   6    163.6     64.4   0.5119   0.2559   2.0000   1.3187  -527.143
 24   7    163.3     64.7   0.4910   0.2455   2.0000   1.2637  -522.540
 24   8    163.3     64.7   0.4910   0.2455   2.0000   1.2637  -522.540
 24   9    162.6     65.4   0.5533   0.2766   2.0000   1.4218  -536.109
 24  10    163.0     65.0   0.5038   0.2519   2.0000   1.2958  -527.510
 24  11    163.0     65.0   0.5038   0.2519   2.0000   1.2958  -527.510
 24  12    162.4     65.6   0.3903   0.1952   2.0000   1.0026  -505.103
 24  13    162.6     65.4   0.4644   0.2322   2.0000   1.1933  -514.399
 24  14    162.7     65.3   0.4804   0.2402   2.0000   1.2347  -516.533
 24  15    163.2     64.8   0.4411   0.2205   2.0000   1.1351  -510.063
 24  16    163.2     64.8   0.4411   0.2205   2.0000   1.1351  -510.063
 24  17    163.2     64.8   0.4411   0.2205   2.0000   1.1351  -510.063
 24  18    162.1     65.9   0.4395   0.2198   2.0000   1.1282  -513.338
 24  19    162.0     66.0   0.4191   0.2095   2.0000   1.0751  -510.964
 24  20    162.1     65.9   0.4368   0.2184   2.0000   1.1208  -512.243
 24  21    163.4     64.6   0.4584   0.2292   2.0000   1.1804  -512.350
 24  22    163.3     64.7   0.3088   0.1544   2.0000   0.7950  -479.874
 24  23    163.3     64.7   0.3088   0.1544   2.0000   0.7950  -479.874
 25   1    163.1     64.9   0.6067   0.3033   2.0000   1.5608  -544.328
 25   2    163.8     64.2   0.4921   0.2461   2.0000   1.2685  -525.050
 25   3    164.0     64.0   0.5031   0.2516   2.0000   1.2975  -520.097
 25   4    163.7     64.3   0.5433   0.2717   2.0000   1.4001  -532.554
 25   5    164.0     64.0   0.4219   0.2109   2.0000   1.0879  -505.307
 25   6    164.0     64.0   0.4219   0.2109   2.0000   1.0879  -505.307
 25   7    163.6     64.4   0.4043   0.2021   2.0000   1.0415  -502.148
 25   8    163.6     64.4   0.4043   0.2021   2.0000   1.0415  -502.148
 25   9    162.9     65.1   0.5323   0.2661   2.0000   1.3690  -528.408
 25  10    163.3     64.7   0.4962   0.2481   2.0000   1.2773  -519.455
 25  11    163.3     64.7   0.4962   0.2481   2.0000   1.2773  -519.455
 25  12    162.8     65.2   0.4249   0.2125   2.0000   1.0925  -505.129
 25  13    163.0     65.0   0.5240   0.2620   2.0000   1.3479  -524.321
 25  14    163.1     64.9   0.5007   0.2503   2.0000   1.2882  -521.811
 25  15    163.6     64.4   0.4892   0.2446   2.0000   1.2603  -519.082
 25  16    163.6     64.4   0.4892   0.2446   2.0000   1.2603  -519.082
 25  17    163.6     64.4   0.4892   0.2446   2.0000   1.2603  -519.082
 25  18    162.5     65.5   0.4270   0.2135   2.0000   1.0970  -509.896
 25  19    162.3     65.7   0.4448   0.2224   2.0000   1.1421  -514.547
 25  20    162.4     65.6   0.3534   0.1767   2.0000   0.9077  -491.949
 25  21    163.8     64.2   0.3786   0.1893   2.0000   0.9758  -488.065
 25  22    163.7     64.3   0.3219   0.1609   2.0000   0.8295  -481.674
 25  23    163.7     64.3   0.3219   0.1609   2.0000   0.8295  -481.674
 25  24    163.2     64.8   0.3098   0.1549   2.0000   0.7972  -484.886
 26   1    162.5     65.5   0.7328   0.3664   2.0000   1.8828  -557.645
 26   2    163.2     64.8   0.5819   0.2909   2.0000   1.4976  -535.438
 26   3    163.3     64.7   0.4970   0.2485   2.0000   1.2794  -519.941
 26   4    163.1     64.9   0.5555   0.2777   2.0000   1.4293  -529.845
 26   5    163.4     64.6   0.4316   0.2158   2.0000   1.1113  -511.488
 26   6    163.4     64.6   0.4316   0.2158   2.0000   1.1113  -511.488
 26   7    163.0     65.0   0.4299   0.2149   2.0000   1.1060  -512.477
 26   8    163.0     65.0   0.4299   0.2149   2.0000   1.1060  -512.477
 26   9    162.4     65.6   0.5148   0.2574   2.0000   1.3223  -529.366
 26  10    162.8     65.2   0.4921   0.2461   2.0000   1.2652  -522.260
 26  11    162.8     65.2   0.4921   0.2461   2.0000   1.2652  -522.260
 26  12    162.2     65.8   0.4706   0.2353   2.0000   1.2081  -521.966
 26  13    162.4     65.6   0.5925   0.2963   2.0000   1.5217  -534.487
 26  14    162.5     65.5   0.5406   0.2703   2.0000   1.3888  -525.563
 26  15    163.0     65.0   0.5280   0.2640   2.0000   1.3581  -523.079
 26  16    163.0     65.0   0.5280   0.2640   2.0000   1.3581  -523.079
 26  17    163.0     65.0   0.5280   0.2640   2.0000   1.3581  -523.079
 26  18    162.0     66.0   0.4577   0.2288   2.0000   1.1742  -513.422
 26  19    161.8     66.2   0.4812   0.2406   2.0000   1.2339  -519.669
 26  20    161.9     66.1   0.4330   0.2165   2.0000   1.1105  -505.929
 26  21    163.2     64.8   0.4451   0.2226   2.0000   1.1456  -511.831
 26  22    163.1     64.9   0.6123   0.3062   2.0000   1.5753  -541.215
 26  23    163.1     64.9   0.6123   0.3062   2.0000   1.5753  -541.215
 26  24    162.6     65.4   0.5014   0.2507   2.0000   1.2887  -524.833
 26  25    163.0     65.0   0.3875   0.1937   2.0000   0.9966  -501.936
 27   1    162.5     65.5   0.7328   0.3664   2.0000   1.8828  -557.645
 27   2    163.2     64.8   0.5819   0.2909   2.0000   1.4976  -535.438
 27   3    163.3     64.7   0.4970   0.2485   2.0000   1.2794  -519.941
 27   4    163.1     64.9   0.5555   0.2777   2.0000   1.4293  -529.845
 27   5    163.4     64.6   0.4316   0.2158   2.0000   1.1113  -511.488
 27   6    163.4     64.6   0.4316   0.2158   2.0000   1.1113  -511.488
 27   7    163.0     65.0   0.4299   0.2149   2.0000   1.1060  -512.477
 27   8    163.0     65.0   0.4299   0.2149   2.0000   1.1060  -512.477
 27   9    162.4     65.6   0.5148   0.2574   2.0000   1.3223  -529.366
 27  10    162.8     65.2   0.4921   0.2461   2.0000   1.2652  -522.260
 27  11    162.8     65.2   0.4921   0.2461   2.0000   1.2652  -522.260
 27  12    162.2     65.8   0.4706   0.2353   2.0000   1.2081  -521.966
 27  13    162.4     65.6   0.5925   0.2963   2.0000   1.5217  -534.487
 27  14    162.5     65.5   0.5406   0.2703   2.0000   1.3888  -525.563
 27  15    163.0     65.0   0.5280   0.2640   2.0000   1.3581  -523.079
 27  16    163.0     65.0   0.5280   0.2640   2.0000   1.3581  -523.079
 27  17    163.0     65.0   0.5280   0.2640   2.0000   1.3581  -523.079
 27  18    162.0     66.0   0.4577   0.2288   2.0000   1.1742  -513.422
 27  19    161.8     66.2   0.4812   0.2406   2.0000   1.2339  -519.669
 27  20    161.9     66.1   0.4330   0.2165   2.0000   1.1105  -505.929
 27  21    163.2     64.8   0.4451   0.2226   2.0000   1.1456  -511.831
 27  22    163.1     64.9   0.6123   0.3062   2.0000   1.5753  -541.215
 27  23    163.1     64.9   0.6123   0.3062   2.0000   1.5753  -541.215
 27  24    162.6     65.4   0.5014   0.2507   2.0000   1.2887  -524.833
 27  25    163.0     65.0   0.3875   0.1937   2.0000   0.9966  -501.936
 27  26    162.4     65.6   0.0000   0.0000   2.0000   0.0000  -307.863
 28   1    162.9     65.1   0.6305   0.3152   2.0000   1.6214  -544.346
 28   2    163.5     64.5   0.6470   0.3235   2.0000   1.6666  -544.710
 28   3    163.7     64.3   0.5089   0.2544   2.0000   1.3112  -522.606
 28   4    163.5     64.5   0.5826   0.2913   2.0000   1.5003  -539.148
 28   5    163.7     64.3   0.5361   0.2680   2.0000   1.3817  -527.944
 28   6    163.7     64.3   0.5361   0.2680   2.0000   1.3817  -527.944
 28   7    163.4     64.6   0.4851   0.2426   2.0000   1.2491  -520.662
 28   8    163.4     64.6   0.4851   0.2426   2.0000   1.2491  -520.662
 28   9    162.7     65.3   0.5592   0.2796   2.0000   1.4376  -531.915
 28  10    163.1     64.9   0.5318   0.2659   2.0000   1.3685  -527.315
 28  11    163.1     64.9   0.5318   0.2659   2.0000   1.3685  -527.315
 28  12    162.6     65.4   0.4885   0.2442   2.0000   1.2553  -523.556
 28  13    162.8     65.2   0.4849   0.2424   2.0000   1.2465  -516.396
 28  14    162.9     65.1   0.4693   0.2347   2.0000   1.2068  -510.734
 28  15    163.4     64.6   0.4301   0.2151   2.0000   1.1074  -504.436
 28  16    163.4     64.6   0.4301   0.2151   2.0000   1.1074  -504.436
 28  17    163.4     64.6   0.4301   0.2151   2.0000   1.1074  -504.436
 28  18    162.3     65.7   0.4809   0.2405   2.0000   1.2349  -514.112
 28  19    162.1     65.9   0.4629   0.2314   2.0000   1.1880  -517.022
 28  20    162.2     65.8   0.4124   0.2062   2.0000   1.0586  -499.172
 28  21    163.5     64.5   0.4711   0.2355   2.0000   1.2134  -518.992
 28  22    163.5     64.5   0.3830   0.1915   2.0000   0.9863  -498.113
 28  23    163.5     64.5   0.3830   0.1915   2.0000   0.9863  -498.113
 28  24    163.0     65.0   0.3537   0.1769   2.0000   0.9099  -491.078
 28  25    163.4     64.6   0.4091   0.2045   2.0000   1.0533  -506.726
 28  26    162.8     65.2   0.4256   0.2128   2.0000   1.0943  -507.890
 28  27    162.8     65.2   0.4256   0.2128   2.0000   1.0943  -507.890
 29   1    163.1     64.9   0.6441   0.3221   2.0000   1.6573  -549.294
 29   2    163.8     64.2   0.6252   0.3126   2.0000   1.6114  -542.279
 29   3    163.9     64.1   0.4859   0.2430   2.0000   1.2529  -520.428
 29   4    163.7     64.3   0.5511   0.2756   2.0000   1.4202  -531.837
 29   5    164.0     64.0   0.4913   0.2456   2.0000   1.2669  -520.862
 29   6    164.0     64.0   0.4913   0.2456   2.0000   1.2669  -520.862
 29   7    163.6     64.4   0.4165   0.2082   2.0000   1.0730  -507.944
 29   8    163.6     64.4   0.4165   0.2082   2.0000   1.0730  -507.944
 29   9    163.0     65.0   0.5194   0.2597   2.0000   1.3360  -527.019
 29  10    163.4     64.6   0.4791   0.2396   2.0000   1.2336  -517.344
 29  11    163.4     64.6   0.4791   0.2396   2.0000   1.2336  -517.344
 29  12    162.8     65.2   0.4237   0.2119   2.0000   1.0895  -514.576
 29  13    163.0     65.0   0.4525   0.2262   2.0000   1.1639  -512.799
 29  14    163.1     64.9   0.4729   0.2365   2.0000   1.2169  -515.571
 29  15    163.6     64.4   0.4506   0.2253   2.0000   1.1609  -511.224
 29  16    163.6     64.4   0.4506   0.2253   2.0000   1.1609  -511.224
 29  17    163.6     64.4   0.4506   0.2253   2.0000   1.1609  -511.224
 29  18    162.5     65.5   0.4746   0.2373   2.0000   1.2194  -517.971
 29  19    162.3     65.7   0.5043   0.2522   2.0000   1.2951  -524.980
 29  20    162.4     65.6   0.4035   0.2018   2.0000   1.0366  -498.940
 29  21    163.8     64.2   0.3687   0.1844   2.0000   0.9504  -501.186
 29  22    163.7     64.3   0.3423   0.1711   2.0000   0.8820  -494.939
 29  23    163.7     64.3   0.3423   0.1711   2.0000   0.8820  -494.939
 29  24    163.2     64.8   0.3830   0.1915   2.0000   0.9856  -500.063
 29  25    163.6     64.4   0.3991   0.1996   2.0000   1.0282  -507.650
 29  26    163.0     65.0   0.3768   0.1884   2.0000   0.9692  -500.013
 29  27    163.0     65.0   0.3768   0.1884   2.0000   0.9692  -500.013
 29  28    163.4     64.6   0.2393   0.1196   2.0000   0.6161  -455.171
 30   1    163.1     64.9   0.6441   0.3221   2.0000   1.6573  -549.294
 30   2    163.8     64.2   0.6252   0.3126   2.0000   1.6114  -542.279
 30   3    163.9     64.1   0.4859   0.2430   2.0000   1.2529  -520.428
 30   4    163.7     64.3   0.5511   0.2756   2.0000   1.4202  -531.837
 30   5    164.0     64.0   0.4913   0.2456   2.0000   1.2669  -520.862
 30   6    164.0     64.0   0.4913   0.2456   2.0000   1.2669  -520.862
 30   7    163.6     64.4   0.4165   0.2082   2.0000   1.0730  -507.944
 30   8    163.6     64.4   0.4165   0.2082   2.0000   1.0730  -507.944
 30   9    163.0     65.0   0.5194   0.2597   2.0000   1.3360  -527.019
 30  10    163.4     64.6   0.4791   0.2396   2.0000   1.2336  -517.344
 30  11    163.4     64.6   0.4791   0.2396   2.0000   1.2336  -517.344
 30  12    162.8     65.2   0.4237   0.2119   2.0000   1.0895  -514.576
 30  13    163.0     65.0   0.4525   0.2262   2.0000   1.1639  -512.799
 30  14    163.1     64.9   0.4729   0.2365   2.0000   1.2169  -515.571
 30  15    163.6     64.4   0.4506   0.2253   2.0000   1.1609  -511.224
 30  16    163.6     64.4   0.4506   0.2253   2.0000   1.1609  -511.224
 30  17    163.6     64.4   0.4506   0.2253   2.0000   1.1609  -511.224
 30  18    162.5     65.5   0.4746   0.2373   2.0000   1.2194  -517.971
 30  19    162.3     65.7   0.5043   0.2522   2.0000   1.2951  -524.980
 30  20    162.4     65.6   0.4035   0.2018   2.0000   1.0366  -498.940
 30  21    163.8     64.2   0.3687   0.1844   2.0000   0.9504  -501.186
 30  22    163.7     64.3   0.3423   0.1711   2.0000   0.8820  -494.939
 30  23    163.7     64.3   0.3423   0.1711   2.0000   0.8820  -494.939
 30  24    163.2     64.8   0.3830   0.1915   2.0000   0.9856  -500.063
 30  25    163.6     64.4   0.3991   0.1996   2.0000   1.0282  -507.650
 30  26    163.0     65.0   0.3768   0.1884   2.0000   0.9692  -500.013
 30  27    163.0     65.0   0.3768   0.1884   2.0000   0.9692  -500.013
 30  28    163.4     64.6   0.2393   0.1196   2.0000   0.6161  -455.171
 30  29    163.6     64.4   0.0000   0.0000   2.0000   0.0000  -306.145
 31   1    162.7     65.3   0.5671   0.2835   2.0000   1.4576  -539.490
 31   2    163.3     64.7   0.6223   0.3112   2.0000   1.6022  -541.369
 31   3    163.5     64.5   0.3848   0.1924   2.0000   0.9909  -496.973
 31   4    163.3     64.7   0.5028   0.2514   2.0000   1.2942  -526.367
 31   5    163.5     64.5   0.4407   0.2204   2.0000   1.1352  -508.821
 31   6    163.5     64.5   0.4407   0.2204   2.0000   1.1352  -508.821
 31   7    163.2     64.8   0.4094   0.2047   2.0000   1.0536  -503.931
 31   8    163.2     64.8   0.4094   0.2047   2.0000   1.0536  -503.931
 31   9    162.6     65.4   0.4913   0.2456   2.0000   1.2623  -520.851
 31  10    162.9     65.1   0.4093   0.2047   2.0000   1.0527  -504.166
 31  11    162.9     65.1   0.4093   0.2047   2.0000   1.0527  -504.166
 31  12    162.4     65.6   0.4439   0.2220   2.0000   1.1401  -519.022
 31  13    162.5     65.5   0.4039   0.2020   2.0000   1.0378  -503.397
 31  14    162.6     65.4   0.4008   0.2004   2.0000   1.0300  -500.848
 31  15    163.1     64.9   0.3896   0.1948   2.0000   1.0026  -497.406
 31  16    163.1     64.9   0.3896   0.1948   2.0000   1.0026  -497.406
 31  17    163.1     64.9   0.3896   0.1948   2.0000   1.0026  -497.406
 31  18    162.1     65.9   0.4231   0.2115   2.0000   1.0858  -506.892
 31  19    161.9     66.1   0.4214   0.2107   2.0000   1.0811  -509.599
 31  20    162.0     66.0   0.4184   0.2092   2.0000   1.0734  -501.033
 31  21    163.3     64.7   0.4318   0.2159   2.0000   1.1117  -511.276
 31  22    163.2     64.8   0.4036   0.2018   2.0000   1.0388  -505.684
 31  23    163.2     64.8   0.4036   0.2018   2.0000   1.0388  -505.684
 31  24    162.8     65.2   0.3957   0.1978   2.0000   1.0173  -501.933
 31  25    163.1     64.9   0.4245   0.2122   2.0000   1.0922  -510.263
 31  26    162.6     65.4   0.3659   0.1830   2.0000   0.9404  -495.727
 31  27    162.6     65.4   0.3659   0.1830   2.0000   0.9404  -495.727
 31  28    162.9     65.1   0.2555   0.1277   2.0000   0.6571  -459.174
 31  29    163.2     64.8   0.2085   0.1042   2.0000   0.5366  -439.388
 31  30    163.2     64.8   0.2085   0.1042   2.0000   0.5366  -439.388
 32   1    162.6     65.4   0.6289   0.3144   2.0000   1.6160  -547.042
 32   2    163.2     64.8   0.6123   0.3061   2.0000   1.5759  -543.471
 32   3    163.3     64.7   0.4063   0.2032   2.0000   1.0460  -507.339
 32   4    163.1     64.9   0.5098   0.2549   2.0000   1.3118  -531.924
 32   5    163.4     64.6   0.4310   0.2155   2.0000   1.1099  -518.045
 32   6    163.4     64.6   0.4310   0.2155   2.0000   1.1099  -518.045
 32   7    163.1     64.9   0.3605   0.1803   2.0000   0.9276  -504.273
 32   8    163.1     64.9   0.3605   0.1803   2.0000   0.9276  -504.273
 32   9    162.4     65.6   0.5247   0.2624   2.0000   1.3479  -532.665
 32  10    162.8     65.2   0.4110   0.2055   2.0000   1.0567  -513.982
 32  11    162.8     65.2   0.4110   0.2055   2.0000   1.0567  -513.982
 32  12    162.3     65.7   0.4209   0.2105   2.0000   1.0807  -516.604
 32  13    162.4     65.6   0.4594   0.2297   2.0000   1.1798  -516.482
 32  14    162.5     65.5   0.4861   0.2431   2.0000   1.2489  -518.468
 32  15    163.0     65.0   0.4741   0.2370   2.0000   1.2195  -516.022
 32  16    163.0     65.0   0.4741   0.2370   2.0000   1.2195  -516.022
 32  17    163.0     65.0   0.4741   0.2370   2.0000   1.2195  -516.022
 32  18    162.0     66.0   0.4424   0.2212   2.0000   1.1352  -512.967
 32  19    161.8     66.2   0.4507   0.2253   2.0000   1.1558  -515.961
 32  20    161.9     66.1   0.4098   0.2049   2.0000   1.0511  -505.205
 32  21    163.2     64.8   0.4946   0.2473   2.0000   1.2730  -523.959
 32  22    163.1     64.9   0.3754   0.1877   2.0000   0.9659  -499.535
 32  23    163.1     64.9   0.3754   0.1877   2.0000   0.9659  -499.535
 32  24    162.7     65.3   0.3897   0.1949   2.0000   1.0017  -505.077
 32  25    163.0     65.0   0.3745   0.1873   2.0000   0.9634  -505.898
 32  26    162.5     65.5   0.3605   0.1803   2.0000   0.9262  -496.951
 32  27    162.5     65.5   0.3605   0.1803   2.0000   0.9262  -496.951
 32  28    162.8     65.2   0.2781   0.1391   2.0000   0.7151  -469.302
 32  29    163.1     64.9   0.2015   0.1007   2.0000   0.5183  -437.439
 32  30    163.1     64.9   0.2015   0.1007   2.0000   0.5183  -437.439
 32  31    162.6     65.4   0.2395   0.1197   2.0000   0.6154  -453.769
 33   1    162.0     66.0   0.6206   0.3103   2.0000   1.5923  -546.232
 33   2    162.6     65.4   0.6747   0.3373   2.0000   1.7337  -551.334
 33   3    162.7     65.3   0.4963   0.2481   2.0000   1.2756  -518.280
 33   4    162.5     65.5   0.5163   0.2581   2.0000   1.3263  -525.739
 33   5    162.8     65.2   0.5622   0.2811   2.0000   1.4453  -533.678
 33   6    162.8     65.2   0.5622   0.2811   2.0000   1.4453  -533.678
 33   7    162.4     65.6   0.5359   0.2679   2.0000   1.3765  -529.896
 33   8    162.4     65.6   0.5359   0.2679   2.0000   1.3765  -529.896
 33   9    161.8     66.2   0.5644   0.2822   2.0000   1.4474  -536.758
 33  10    162.2     65.8   0.5336   0.2668   2.0000   1.3696  -529.161
 33  11    162.2     65.8   0.5336   0.2668   2.0000   1.3696  -529.161
 33  12    161.6     66.4   0.4215   0.2107   2.0000   1.0804  -508.247
 33  13    161.8     66.2   0.4779   0.2389   2.0000   1.2254  -511.486
 33  14    161.9     66.1   0.5415   0.2707   2.0000   1.3889  -523.183
 33  15    162.4     65.6   0.5307   0.2654   2.0000   1.3631  -521.783
 33  16    162.4     65.6   0.5307   0.2654   2.0000   1.3631  -521.783
 33  17    162.4     65.6   0.5307   0.2654   2.0000   1.3631  -521.783
 33  18    161.3     66.7   0.4579   0.2289   2.0000   1.1728  -512.984
 33  19    161.2     66.8   0.4155   0.2077   2.0000   1.0638  -503.099
 33  20    161.2     66.8   0.4481   0.2240   2.0000   1.1473  -512.155
 33  21    162.6     65.4   0.4126   0.2063   2.0000   1.0604  -505.775
 33  22    162.5     65.5   0.3768   0.1884   2.0000   0.9679  -499.453
 33  23    162.5     65.5   0.3768   0.1884   2.0000   0.9679  -499.453
 33  24    162.1     65.9   0.3966   0.1983   2.0000   1.0177  -505.379
 33  25    162.4     65.6   0.4239   0.2119   2.0000   1.0887  -509.518
 33  26    161.9     66.1   0.4554   0.2277   2.0000   1.1680  -515.088
 33  27    161.9     66.1   0.4554   0.2277   2.0000   1.1680  -515.088
 33  28    162.2     65.8   0.3788   0.1894   2.0000   0.9724  -498.894
 33  29    162.4     65.6   0.3985   0.1992   2.0000   1.0235  -503.732
 33  30    162.4     65.6   0.3985   0.1992   2.0000   1.0235  -503.732
 33  31    162.0     66.0   0.3944   0.1972   2.0000   1.0120  -505.515
 33  32    161.9     66.1   0.3280   0.1640   2.0000   0.8414  -492.923
 34   1    162.0     66.0   0.6206   0.3103   2.0000   1.5923  -546.232
 34   2    162.6     65.4   0.6747   0.3373   2.0000   1.7337  -551.334
 34   3    162.7     65.3   0.4963   0.2481   2.0000   1.2756  -518.280
 34   4    162.5     65.5   0.5163   0.2581   2.0000   1.3263  -525.739
 34   5    162.8     65.2   0.5622   0.2811   2.0000   1.4453  -533.678
 34   6    162.8     65.2   0.5622   0.2811   2.0000   1.4453  -533.678
 34   7    162.4     65.6   0.5359   0.2679   2.0000   1.3765  -529.896
 34   8    162.4     65.6   0.5359   0.2679   2.0000   1.3765  -529.896
 34   9    161.8     66.2   0.5644   0.2822   2.0000   1.4474  -536.758
 34  10    162.2     65.8   0.5336   0.2668   2.0000   1.3696  -529.161
 34  11    162.2     65.8   0.5336   0.2668   2.0000   1.3696  -529.161
 34  12    161.6     66.4   0.4215   0.2107   2.0000   1.0804  -508.247
 34  13    161.8     66.2   0.4779   0.2389   2.0000   1.2254  -511.486
 34  14    161.9     66.1   0.5415   0.2707   2.0000   1.3889  -523.183
 34  15    162.4     65.6   0.5307   0.2654   2.0000   1.3631  -521.783
 34  16    162.4     65.6   0.5307   0.2654   2.0000   1.3631  -521.783
 34  17    162.4     65.6   0.5307   0.2654   2.0000   1.3631  -521.783
 34  18    161.3     66.7   0.4579   0.2289   2.0000   1.1728  -512.984
 34  19    161.2     66.8   0.4155   0.2077   2.0000   1.0638  -503.099
 34  20    161.2     66.8   0.4481   0.2240   2.0000   1.1473  -512.155
 34  21    162.6     65.4   0.4126   0.2063   2.0000   1.0604  -505.775
 34  22    162.5     65.5   0.3768   0.1884   2.0000   0.9679  -499.453
 34  23    162.5     65.5   0.3768   0.1884   2.0000   0.9679  -499.453
 34  24    162.1     65.9   0.3966   0.1983   2.0000   1.0177  -505.379
 34  25    162.4     65.6   0.4239   0.2119   2.0000   1.0887  -509.518
 34  26    161.9     66.1   0.4554   0.2277   2.0000   1.1680  -515.088
 34  27    161.9     66.1   0.4554   0.2277   2.0000   1.1680  -515.088
 34  28    162.2     65.8   0.3788   0.1894   2.0000   0.9724  -498.894
 34  29    162.4     65.6   0.3985   0.1992   2.0000   1.0235  -503.732
 34  30    162.4     65.6   0.3985   0.1992   2.0000   1.0235  -503.732
 34  31    162.0     66.0   0.3944   0.1972   2.0000   1.0120  -505.515
 34  32    161.9     66.1   0.3280   0.1640   2.0000   0.8414  -492.923
 34  33    161.2     66.8   0.0000   0.0000   2.0000   0.0000  -308.944
 35   1    162.5     65.5   0.6616   0.3308   2.0000   1.6997  -550.135
 35   2    163.3     64.7   0.6335   0.3167   2.0000   1.6306  -545.689
 35   3    163.4     64.6   0.4694   0.2347   2.0000   1.2087  -518.779
 35   4    163.2     64.8   0.5246   0.2623   2.0000   1.3500  -527.200
 35   5    163.5     64.5   0.4753   0.2376   2.0000   1.2241  -518.826
 35   6    163.5     64.5   0.4753   0.2376   2.0000   1.2241  -518.826
 35   7    163.1     64.9   0.4311   0.2155   2.0000   1.1091  -510.653
 35   8    163.1     64.9   0.4311   0.2155   2.0000   1.1091  -510.653
 35   9    162.4     65.6   0.5305   0.2652   2.0000   1.3624  -530.999
 35  10    162.8     65.2   0.4545   0.2272   2.0000   1.1685  -515.315
 35  11    162.8     65.2   0.4545   0.2272   2.0000   1.1685  -515.315
 35  12    162.2     65.8   0.3358   0.1679   2.0000   0.8621  -482.943
 35  13    162.4     65.6   0.4637   0.2318   2.0000   1.1910  -512.330
 35  14    162.5     65.5   0.4914   0.2457   2.0000   1.2625  -517.915
 35  15    163.1     64.9   0.4706   0.2353   2.0000   1.2108  -513.656
 35  16    163.1     64.9   0.4706   0.2353   2.0000   1.2108  -513.656
 35  17    163.1     64.9   0.4706   0.2353   2.0000   1.2108  -513.656
 35  18    161.9     66.1   0.4648   0.2324   2.0000   1.1924  -516.691
 35  19    161.7     66.3   0.4004   0.2002   2.0000   1.0267  -499.827
 35  20    161.8     66.2   0.4041   0.2020   2.0000   1.0363  -505.147
 35  21    163.3     64.7   0.4158   0.2079   2.0000   1.0702  -506.297
 35  22    163.2     64.8   0.4007   0.2004   2.0000   1.0312  -502.305
 35  23    163.2     64.8   0.4007   0.2004   2.0000   1.0312  -502.305
 35  24    162.7     65.3   0.3949   0.1975   2.0000   1.0150  -499.450
 35  25    163.1     64.9   0.3515   0.1757   2.0000   0.9043  -490.944
 35  26    162.4     65.6   0.4211   0.2106   2.0000   1.0818  -509.597
 35  27    162.4     65.6   0.4211   0.2106   2.0000   1.0818  -509.597
 35  28    162.8     65.2   0.4107   0.2054   2.0000   1.0560  -507.024
 35  29    163.1     64.9   0.3736   0.1868   2.0000   0.9612  -502.447
 35  30    163.1     64.9   0.3736   0.1868   2.0000   0.9612  -502.447
 35  31    162.6     65.4   0.3972   0.1986   2.0000   1.0207  -509.151
 35  32    162.5     65.5   0.3047   0.1523   2.0000   0.7827  -485.462
 35  33    161.8     66.2   0.3160   0.1580   2.0000   0.8105  -477.276
 35  34    161.8     66.2   0.3160   0.1580   2.0000   0.8105  -477.276
 36   1    163.4     64.6   0.5410   0.2705   2.0000   1.3930  -530.872
 36   2    164.1     63.9   0.5737   0.2869   2.0000   1.4799  -534.289
 36   3    164.2     63.8   0.5223   0.2611   2.0000   1.3477  -521.222
 36   4    164.0     64.0   0.5136   0.2568   2.0000   1.3246  -523.101
 36   5    164.3     63.7   0.5185   0.2592   2.0000   1.3380  -523.085
 36   6    164.3     63.7   0.5185   0.2592   2.0000   1.3380  -523.085
 36   7    163.9     64.1   0.4505   0.2253   2.0000   1.1615  -512.425
 36   8    163.9     64.1   0.4505   0.2253   2.0000   1.1615  -512.425
 36   9    163.3     64.7   0.6106   0.3053   2.0000   1.5718  -539.385
 36  10    163.6     64.4   0.5156   0.2578   2.0000   1.3284  -523.260
 36  11    163.6     64.4   0.5156   0.2578   2.0000   1.3284  -523.260
 36  12    163.1     64.9   0.3819   0.1909   2.0000   0.9826  -497.202
 36  13    163.3     64.7   0.4509   0.2255   2.0000   1.1608  -509.258
 36  14    163.4     64.6   0.4588   0.2294   2.0000   1.1814  -511.375
 36  15    163.9     64.1   0.4379   0.2189   2.0000   1.1290  -507.115
 36  16    163.9     64.1   0.4379   0.2189   2.0000   1.1290  -507.115
 36  17    163.9     64.1   0.4379   0.2189   2.0000   1.1290  -507.115
 36  18    162.8     65.2   0.4406   0.2203   2.0000   1.1327  -507.645
 36  19    162.6     65.4   0.4186   0.2093   2.0000   1.0757  -502.555
 36  20    162.7     65.3   0.4344   0.2172   2.0000   1.1167  -505.984
 36  21    164.1     63.9   0.3186   0.1593   2.0000   0.8217  -478.561
 36  22    164.0     64.0   0.3456   0.1728   2.0000   0.8913  -491.352
 36  23    164.0     64.0   0.3456   0.1728   2.0000   0.8913  -491.352
 36  24    163.5     64.5   0.3801   0.1901   2.0000   0.9790  -495.057
 36  25    163.9     64.1   0.3470   0.1735   2.0000   0.8946  -484.442
 36  26    163.3     64.7   0.4043   0.2022   2.0000   1.0408  -500.482
 36  27    163.3     64.7   0.4043   0.2022   2.0000   1.0408  -500.482
 36  28    163.7     64.3   0.3103   0.1552   2.0000   0.7997  -480.607
 36  29    163.9     64.1   0.3607   0.1804   2.0000   0.9300  -494.491
 36  30    163.9     64.1   0.3607   0.1804   2.0000   0.9300  -494.491
 36  31    163.4     64.6   0.3777   0.1888   2.0000   0.9726  -498.823
 36  32    163.3     64.7   0.3365   0.1683   2.0000   0.8664  -491.849
 36  33    162.7     65.3   0.2488   0.1244   2.0000   0.6395  -456.859
 36  34    162.7     65.3   0.2488   0.1244   2.0000   0.6395  -456.859
 36  35    163.4     64.6   0.2720   0.1360   2.0000   0.7003  -463.137
 37   1    163.1     64.9   0.6787   0.3394   2.0000   1.7465  -553.560
 37   2    163.9     64.1   0.6418   0.3209   2.0000   1.6547  -541.912
 37   3    164.1     63.9   0.4623   0.2312   2.0000   1.1925  -515.894
 37   4    163.8     64.2   0.5135   0.2568   2.0000   1.3237  -527.049
 37   5    164.1     63.9   0.5161   0.2580   2.0000   1.3314  -526.353
 37   6    164.1     63.9   0.5161   0.2580   2.0000   1.3314  -526.353
 37   7    163.7     64.3   0.4793   0.2396   2.0000   1.2350  -520.615
 37   8    163.7     64.3   0.4793   0.2396   2.0000   1.2350  -520.615
 37   9    163.0     65.0   0.6245   0.3123   2.0000   1.6064  -543.630
 37  10    163.4     64.6   0.5668   0.2834   2.0000   1.4594  -534.479
 37  11    163.4     64.6   0.5668   0.2834   2.0000   1.4594  -534.479
 37  12    162.9     65.1   0.3830   0.1915   2.0000   0.9849  -504.183
 37  13    163.1     64.9   0.4575   0.2288   2.0000   1.1772  -514.636
 37  14    163.2     64.8   0.4688   0.2344   2.0000   1.2064  -517.493
 37  15    163.7     64.3   0.4573   0.2287   2.0000   1.1787  -515.006
 37  16    163.7     64.3   0.4573   0.2287   2.0000   1.1787  -515.006
 37  17    163.7     64.3   0.4573   0.2287   2.0000   1.1787  -515.006
 37  18    162.5     65.5   0.4524   0.2262   2.0000   1.1623  -519.145
 37  19    162.3     65.7   0.4709   0.2354   2.0000   1.2092  -519.792
 37  20    162.4     65.6   0.5076   0.2538   2.0000   1.3038  -518.986
 37  21    163.9     64.1   0.3632   0.1816   2.0000   0.9365  -488.795
 37  22    163.8     64.2   0.4579   0.2289   2.0000   1.1803  -519.203
 37  23    163.8     64.2   0.4579   0.2289   2.0000   1.1803  -519.203
 37  24    163.3     64.7   0.4207   0.2103   2.0000   1.0829  -507.647
 37  25    163.7     64.3   0.2996   0.1498   2.0000   0.7720  -473.684
 37  26    163.0     65.0   0.4143   0.2071   2.0000   1.0657  -509.704
 37  27    163.0     65.0   0.4143   0.2071   2.0000   1.0657  -509.704
 37  28    163.4     64.6   0.4280   0.2140   2.0000   1.1021  -507.988
 37  29    163.7     64.3   0.4219   0.2109   2.0000   1.0871  -511.480
 37  30    163.7     64.3   0.4219   0.2109   2.0000   1.0871  -511.480
 37  31    163.2     64.8   0.4478   0.2239   2.0000   1.1526  -514.875
 37  32    163.1     64.9   0.3363   0.1682   2.0000   0.8652  -498.908
 37  33    162.4     65.6   0.2380   0.1190   2.0000   0.6114  -458.596
 37  34    162.4     65.6   0.2380   0.1190   2.0000   0.6114  -458.596
 37  35    163.2     64.8   0.2832   0.1416   2.0000   0.7288  -471.400
 37  36    164.0     64.0   0.1715   0.0858   2.0000   0.4423  -428.653
 38   1    163.2     64.8   0.6568   0.3284   2.0000   1.6905  -548.167
 38   2    163.9     64.1   0.5901   0.2950   2.0000   1.5216  -533.287
 38   3    164.1     63.9   0.5166   0.2583   2.0000   1.3327  -518.543
 38   4    163.8     64.2   0.6086   0.3043   2.0000   1.5689  -532.986
 38   5    164.2     63.8   0.5329   0.2665   2.0000   1.3749  -525.911
 38   6    164.2     63.8   0.5329   0.2665   2.0000   1.3749  -525.911
 38   7    163.7     64.3   0.5423   0.2712   2.0000   1.3976  -527.321
 38   8    163.7     64.3   0.5423   0.2712   2.0000   1.3976  -527.321
 38   9    163.1     64.9   0.6321   0.3161   2.0000   1.6262  -541.405
 38  10    163.5     64.5   0.5719   0.2859   2.0000   1.4728  -531.549
 38  11    163.5     64.5   0.5719   0.2859   2.0000   1.4728  -531.549
 38  12    163.0     65.0   0.3651   0.1826   2.0000   0.9392  -497.443
 38  13    163.2     64.8   0.4650   0.2325   2.0000   1.1966  -514.750
 38  14    163.3     64.7   0.5089   0.2545   2.0000   1.3101  -522.721
 38  15    163.8     64.2   0.4745   0.2372   2.0000   1.2230  -517.107
 38  16    163.8     64.2   0.4745   0.2372   2.0000   1.2230  -517.107
 38  17    163.8     64.2   0.4745   0.2372   2.0000   1.2230  -517.107
 38  18    162.6     65.4   0.4177   0.2089   2.0000   1.0735  -508.897
 38  19    162.5     65.5   0.3930   0.1965   2.0000   1.0095  -501.632
 38  20    162.5     65.5   0.4191   0.2096   2.0000   1.0769  -499.226
 38  21    163.9     64.1   0.3519   0.1760   2.0000   0.9075  -487.728
 38  22    163.9     64.1   0.3522   0.1761   2.0000   0.9080  -493.925
 38  23    163.9     64.1   0.3522   0.1761   2.0000   0.9080  -493.925
 38  24    163.4     64.6   0.3962   0.1981   2.0000   1.0201  -500.657
 38  25    163.8     64.2   0.3733   0.1866   2.0000   0.9621  -491.123
 38  26    163.1     64.9   0.3598   0.1799   2.0000   0.9258  -494.593
 38  27    163.1     64.9   0.3598   0.1799   2.0000   0.9258  -494.593
 38  28    163.5     64.5   0.3945   0.1972   2.0000   1.0161  -498.868
 38  29    163.8     64.2   0.3757   0.1879   2.0000   0.9685  -497.220
 38  30    163.8     64.2   0.3757   0.1879   2.0000   0.9685  -497.220
 38  31    163.3     64.7   0.3972   0.1986   2.0000   1.0226  -500.740
 38  32    163.2     64.8   0.3516   0.1758   2.0000   0.9047  -494.166
 38  33    162.5     65.5   0.2242   0.1121   2.0000   0.5759  -450.258
 38  34    162.5     65.5   0.2242   0.1121   2.0000   0.5759  -450.258
 38  35    163.3     64.7   0.3068   0.1534   2.0000   0.7898  -475.501
 38  36    164.1     63.9   0.1677   0.0838   2.0000   0.4325  -427.672
 38  37    163.9     64.1   0.1156   0.0578   2.0000   0.2981  -402.329

