Supplemental results for CODEML (seqf: /gpfs/scratch/cltucker/EBH381-Group-Project/SIV_aligned_NEF.fas  treef: )


pairwise comparison (Goldman & Yang 1994)
seq seq        N       S       dN       dS     dN/dS   Paras.
  2   1    359.4    120.6   0.5188   1.2970   0.4000   2.1431 -1164.530
  3   1    356.7    123.3   0.4127   1.0317   0.4000   1.7150 -1138.071
  3   2    354.3    125.7   0.3819   0.9548   0.4000   1.5958 -1126.370
  4   1    357.5    122.5   0.4062   1.0155   0.4000   1.6852 -1126.950
  4   2    355.0    125.0   0.3756   0.9389   0.4000   1.5666 -1118.273
  4   3    352.4    127.6   0.1717   0.4293   0.4000   0.7206  -973.069
  5   1    356.8    123.2   0.4092   1.0231   0.4000   1.7003 -1127.558
  5   2    354.4    125.6   0.4212   1.0531   0.4000   1.7599 -1140.263
  5   3    351.7    128.3   0.1566   0.3916   0.4000   0.6583  -955.149
  5   4    352.4    127.6   0.1390   0.3476   0.4000   0.5834  -941.620
  6   1    356.8    123.2   0.4092   1.0231   0.4000   1.7003 -1127.558
  6   2    354.4    125.6   0.4212   1.0531   0.4000   1.7599 -1140.263
  6   3    351.7    128.3   0.1566   0.3916   0.4000   0.6583  -955.149
  6   4    352.4    127.6   0.1390   0.3476   0.4000   0.5834  -941.620
  6   5    351.8    128.2   0.0000   0.0000   0.4000   0.0000  -652.070
  7   1    357.3    122.7   0.4251   1.0626   0.4000   1.7641 -1134.215
  7   2    354.9    125.1   0.3853   0.9633   0.4000   1.6080 -1127.712
  7   3    352.2    127.8   0.1574   0.3934   0.4000   0.6606  -958.190
  7   4    352.9    127.1   0.1365   0.3413   0.4000   0.5723  -936.127
  7   5    352.2    127.8   0.0432   0.1079   0.4000   0.1812  -775.459
  7   6    352.2    127.8   0.0432   0.1079   0.4000   0.1812  -775.459
  8   1    357.3    122.7   0.4251   1.0626   0.4000   1.7641 -1134.215
  8   2    354.9    125.1   0.3853   0.9633   0.4000   1.6080 -1127.712
  8   3    352.2    127.8   0.1574   0.3934   0.4000   0.6606  -958.190
  8   4    352.9    127.1   0.1365   0.3413   0.4000   0.5723  -936.127
  8   5    352.2    127.8   0.0432   0.1079   0.4000   0.1812  -775.459
  8   6    352.2    127.8   0.0432   0.1079   0.4000   0.1812  -775.459
  8   7    352.7    127.3   0.0000   0.0000   0.4000   0.0000  -650.549
  9   1    357.4    122.6   0.4096   1.0239   0.4000   1.6994 -1129.065
  9   2    355.0    125.0   0.3981   0.9952   0.4000   1.6607 -1134.748
  9   3    352.3    127.7   0.1382   0.3456   0.4000   0.5802  -939.786
  9   4    353.1    126.9   0.1626   0.4065   0.4000   0.6813  -964.948
  9   5    352.4    127.6   0.0845   0.2112   0.4000   0.3544  -852.479
  9   6    352.4    127.6   0.0845   0.2112   0.4000   0.3544  -852.479
  9   7    352.9    127.1   0.0770   0.1926   0.4000   0.3229  -835.852
  9   8    352.9    127.1   0.0770   0.1926   0.4000   0.3229  -835.852
 10   1    357.9    122.1   0.4209   1.0522   0.4000   1.7446 -1131.041
 10   2    355.4    124.6   0.4263   1.0657   0.4000   1.7767 -1138.749
 10   3    352.8    127.2   0.1641   0.4102   0.4000   0.6879  -961.439
 10   4    353.5    126.5   0.1546   0.3866   0.4000   0.6472  -957.196
 10   5    352.9    127.1   0.0712   0.1780   0.4000   0.2984  -830.333
 10   6    352.9    127.1   0.0712   0.1780   0.4000   0.2984  -830.333
 10   7    353.3    126.7   0.0745   0.1862   0.4000   0.3118  -828.576
 10   8    353.3    126.7   0.0745   0.1862   0.4000   0.3118  -828.576
 10   9    353.5    126.5   0.0699   0.1747   0.4000   0.2926  -825.524
 11   1    357.9    122.1   0.4209   1.0522   0.4000   1.7446 -1131.041
 11   2    355.4    124.6   0.4263   1.0657   0.4000   1.7767 -1138.749
 11   3    352.8    127.2   0.1641   0.4102   0.4000   0.6879  -961.439
 11   4    353.5    126.5   0.1546   0.3866   0.4000   0.6472  -957.196
 11   5    352.9    127.1   0.0712   0.1780   0.4000   0.2984  -830.333
 11   6    352.9    127.1   0.0712   0.1780   0.4000   0.2984  -830.333
 11   7    353.3    126.7   0.0745   0.1862   0.4000   0.3118  -828.576
 11   8    353.3    126.7   0.0745   0.1862   0.4000   0.3118  -828.576
 11   9    353.5    126.5   0.0699   0.1747   0.4000   0.2926  -825.524
 11  10    354.0    126.0   0.0000   0.0000   0.4000   0.0000  -650.432
 12   1    359.5    120.5   0.5069   1.2673   0.4000   2.0933 -1164.811
 12   2    357.2    122.8   0.4996   1.2490   0.4000   2.0741 -1167.217
 12   3    354.6    125.4   0.4853   1.2133   0.4000   2.0266 -1172.979
 12   4    355.3    124.7   0.4785   1.1963   0.4000   1.9950 -1169.282
 12   5    354.7    125.3   0.4833   1.2082   0.4000   2.0177 -1170.379
 12   6    354.7    125.3   0.4833   1.2082   0.4000   2.0177 -1170.379
 12   7    355.1    124.9   0.4676   1.1690   0.4000   1.9502 -1166.207
 12   8    355.1    124.9   0.4676   1.1690   0.4000   1.9502 -1166.207
 12   9    355.3    124.7   0.4511   1.1277   0.4000   1.8808 -1161.985
 12  10    355.8    124.2   0.4760   1.1901   0.4000   1.9826 -1168.751
 12  11    355.8    124.2   0.4760   1.1901   0.4000   1.9826 -1168.751
 13   1    359.3    120.7   0.5775   1.4437   0.4000   2.3859 -1182.170
 13   2    356.9    123.1   0.5646   1.4115   0.4000   2.3453 -1184.435
 13   3    354.3    125.7   0.5275   1.3187   0.4000   2.2043 -1185.771
 13   4    355.0    125.0   0.5052   1.2629   0.4000   2.1075 -1178.458
 13   5    354.3    125.7   0.4770   1.1924   0.4000   1.9930 -1168.988
 13   6    354.3    125.7   0.4770   1.1924   0.4000   1.9930 -1168.988
 13   7    354.8    125.2   0.4841   1.2103   0.4000   2.0206 -1171.605
 13   8    354.8    125.2   0.4841   1.2103   0.4000   2.0206 -1171.605
 13   9    354.9    125.1   0.5283   1.3208   0.4000   2.2043 -1182.370
 13  10    355.4    124.6   0.5214   1.3036   0.4000   2.1735 -1176.747
 13  11    355.4    124.6   0.5214   1.3036   0.4000   2.1735 -1176.747
 13  12    357.1    122.9   0.4087   1.0218   0.4000   1.6969 -1135.691
 14   1    359.2    120.8   0.5304   1.3259   0.4000   2.1919 -1172.776
 14   2    356.8    123.2   0.5570   1.3926   0.4000   2.3146 -1183.641
 14   3    354.1    125.9   0.5154   1.2885   0.4000   2.1545 -1183.925
 14   4    354.8    125.2   0.5057   1.2642   0.4000   2.1103 -1179.038
 14   5    354.2    125.8   0.4821   1.2052   0.4000   2.0150 -1168.688
 14   6    354.2    125.8   0.4821   1.2052   0.4000   2.0150 -1168.688
 14   7    354.7    125.3   0.4761   1.1901   0.4000   1.9875 -1168.816
 14   8    354.7    125.3   0.4761   1.1901   0.4000   1.9875 -1168.816
 14   9    354.8    125.2   0.5135   1.2839   0.4000   2.1434 -1177.591
 14  10    355.2    124.8   0.4992   1.2480   0.4000   2.0814 -1170.420
 14  11    355.2    124.8   0.4992   1.2480   0.4000   2.0814 -1170.420
 14  12    357.0    123.0   0.3952   0.9880   0.4000   1.6414 -1130.529
 14  13    356.7    123.3   0.0232   0.0580   0.4000   0.0965  -725.935
 15   1    359.4    120.6   0.5708   1.4269   0.4000   2.3578 -1181.648
 15   2    357.0    123.0   0.5597   1.3991   0.4000   2.3243 -1184.334
 15   3    354.3    125.7   0.5294   1.3234   0.4000   2.2118 -1188.314
 15   4    355.1    124.9   0.4912   1.2280   0.4000   2.0490 -1177.193
 15   5    354.4    125.6   0.4884   1.2210   0.4000   2.0404 -1172.497
 15   6    354.4    125.6   0.4884   1.2210   0.4000   2.0404 -1172.497
 15   7    354.9    125.1   0.4730   1.1825   0.4000   1.9738 -1169.719
 15   8    354.9    125.1   0.4730   1.1825   0.4000   1.9738 -1169.719
 15   9    355.0    125.0   0.5079   1.2697   0.4000   2.1188 -1178.231
 15  10    355.5    124.5   0.5098   1.2745   0.4000   2.1247 -1174.701
 15  11    355.5    124.5   0.5098   1.2745   0.4000   2.1247 -1174.701
 15  12    357.2    122.8   0.3968   0.9920   0.4000   1.6472 -1134.069
 15  13    356.9    123.1   0.0232   0.0579   0.4000   0.0962  -724.652
 15  14    356.8    123.2   0.0153   0.0382   0.4000   0.0635  -705.463
 16   1    359.2    120.8   0.5658   1.4145   0.4000   2.3379 -1180.814
 16   2    356.9    123.1   0.5643   1.4107   0.4000   2.3443 -1185.547
 16   3    354.2    125.8   0.5339   1.3347   0.4000   2.2313 -1189.512
 16   4    354.9    125.1   0.4954   1.2386   0.4000   2.0672 -1178.510
 16   5    354.2    125.8   0.4842   1.2104   0.4000   2.0233 -1171.368
 16   6    354.2    125.8   0.4842   1.2104   0.4000   2.0233 -1171.368
 16   7    354.7    125.3   0.4772   1.1929   0.4000   1.9919 -1171.127
 16   8    354.7    125.3   0.4772   1.1929   0.4000   1.9919 -1171.127
 16   9    354.9    125.1   0.5121   1.2804   0.4000   2.1372 -1179.505
 16  10    355.3    124.7   0.5055   1.2637   0.4000   2.1072 -1173.620
 16  11    355.3    124.7   0.5055   1.2637   0.4000   2.1072 -1173.620
 16  12    357.1    122.9   0.4003   1.0009   0.4000   1.6624 -1135.493
 16  13    356.8    123.2   0.0216   0.0540   0.4000   0.0897  -720.377
 16  14    356.7    123.3   0.0137   0.0343   0.4000   0.0571  -700.769
 16  15    356.9    123.1   0.0015   0.0038   0.4000   0.0063  -655.373
 17   1    359.2    120.8   0.5658   1.4145   0.4000   2.3379 -1180.814
 17   2    356.9    123.1   0.5643   1.4107   0.4000   2.3443 -1185.547
 17   3    354.2    125.8   0.5339   1.3347   0.4000   2.2313 -1189.512
 17   4    354.9    125.1   0.4954   1.2386   0.4000   2.0672 -1178.510
 17   5    354.2    125.8   0.4842   1.2104   0.4000   2.0233 -1171.368
 17   6    354.2    125.8   0.4842   1.2104   0.4000   2.0233 -1171.368
 17   7    354.7    125.3   0.4772   1.1929   0.4000   1.9919 -1171.127
 17   8    354.7    125.3   0.4772   1.1929   0.4000   1.9919 -1171.127
 17   9    354.9    125.1   0.5121   1.2804   0.4000   2.1372 -1179.505
 17  10    355.3    124.7   0.5055   1.2637   0.4000   2.1072 -1173.620
 17  11    355.3    124.7   0.5055   1.2637   0.4000   2.1072 -1173.620
 17  12    357.1    122.9   0.4003   1.0009   0.4000   1.6624 -1135.493
 17  13    356.8    123.2   0.0216   0.0540   0.4000   0.0897  -720.377
 17  14    356.7    123.3   0.0137   0.0343   0.4000   0.0571  -700.769
 17  15    356.9    123.1   0.0015   0.0038   0.4000   0.0063  -655.373
 17  16    356.7    123.3   0.0000   0.0000   0.4000   0.0000  -647.421
 18   1    357.6    122.4   0.4932   1.2330   0.4000   2.0455 -1161.821
 18   2    355.2    124.8   0.5608   1.4020   0.4000   2.3387 -1177.025
 18   3    352.5    127.5   0.5293   1.3234   0.4000   2.2208 -1184.260
 18   4    353.2    126.8   0.5393   1.3483   0.4000   2.2591 -1185.342
 18   5    352.5    127.5   0.4996   1.2491   0.4000   2.0960 -1174.359
 18   6    352.5    127.5   0.4996   1.2491   0.4000   2.0960 -1174.359
 18   7    353.0    127.0   0.4943   1.2356   0.4000   2.0712 -1170.051
 18   8    353.0    127.0   0.4943   1.2356   0.4000   2.0712 -1170.051
 18   9    353.2    126.8   0.5328   1.3320   0.4000   2.2319 -1180.041
 18  10    353.6    126.4   0.5126   1.2815   0.4000   2.1449 -1174.323
 18  11    353.6    126.4   0.5126   1.2815   0.4000   2.1449 -1174.323
 18  12    355.4    124.6   0.4255   1.0636   0.4000   1.7732 -1141.108
 18  13    355.1    124.9   0.2379   0.5949   0.4000   0.9925 -1028.577
 18  14    355.0    125.0   0.2317   0.5793   0.4000   0.9667 -1023.248
 18  15    355.2    124.8   0.2394   0.5985   0.4000   0.9984 -1028.656
 18  16    355.0    125.0   0.2370   0.5925   0.4000   0.9887 -1026.947
 18  17    355.0    125.0   0.2370   0.5925   0.4000   0.9887 -1026.947
 19   1    359.6    120.4   0.5657   1.4143   0.4000   2.3358 -1174.671
 19   2    357.2    122.8   0.6094   1.5236   0.4000   2.5300 -1188.592
 19   3    354.6    125.4   0.5953   1.4882   0.4000   2.4856 -1196.536
 19   4    355.3    124.7   0.5669   1.4173   0.4000   2.3635 -1187.691
 19   5    354.6    125.4   0.5485   1.3713   0.4000   2.2901 -1183.575
 19   6    354.6    125.4   0.5485   1.3713   0.4000   2.2901 -1183.575
 19   7    355.1    124.9   0.5373   1.3431   0.4000   2.2408 -1179.758
 19   8    355.1    124.9   0.5373   1.3431   0.4000   2.2408 -1179.758
 19   9    355.3    124.7   0.5739   1.4348   0.4000   2.3929 -1188.069
 19  10    355.8    124.2   0.5484   1.3710   0.4000   2.2840 -1180.984
 19  11    355.8    124.2   0.5484   1.3710   0.4000   2.2840 -1180.984
 19  12    357.5    122.5   0.4461   1.1152   0.4000   1.8506 -1143.972
 19  13    357.1    122.9   0.2239   0.5597   0.4000   0.9296 -1016.020
 19  14    357.0    123.0   0.2357   0.5891   0.4000   0.9787 -1026.443
 19  15    357.2    122.8   0.2336   0.5841   0.4000   0.9699 -1025.036
 19  16    357.1    122.9   0.2313   0.5782   0.4000   0.9603 -1023.319
 19  17    357.1    122.9   0.2313   0.5782   0.4000   0.9603 -1023.319
 19  18    355.4    124.6   0.1421   0.3553   0.4000   0.5924  -933.752
 20   1    359.5    120.5   0.5080   1.2699   0.4000   2.0979 -1162.377
 20   2    357.1    122.9   0.5527   1.3818   0.4000   2.2949 -1180.711
 20   3    354.5    125.5   0.4297   1.0743   0.4000   1.7948 -1148.448
 20   4    355.2    124.8   0.4559   1.1397   0.4000   1.9009 -1155.433
 20   5    354.6    125.4   0.4537   1.1342   0.4000   1.8946 -1155.105
 20   6    354.6    125.4   0.4537   1.1342   0.4000   1.8946 -1155.105
 20   7    355.0    125.0   0.4574   1.1435   0.4000   1.9081 -1156.380
 20   8    355.0    125.0   0.4574   1.1435   0.4000   1.9081 -1156.380
 20   9    355.2    124.8   0.4631   1.1577   0.4000   1.9312 -1155.816
 20  10    355.6    124.4   0.4590   1.1474   0.4000   1.9120 -1151.993
 20  11    355.6    124.4   0.4590   1.1474   0.4000   1.9120 -1151.993
 20  12    357.4    122.6   0.4238   1.0595   0.4000   1.7587 -1132.911
 20  13    357.1    122.9   0.4618   1.1545   0.4000   1.9177 -1152.087
 20  14    356.9    123.1   0.4464   1.1160   0.4000   1.8542 -1145.629
 20  15    357.1    122.9   0.4513   1.1282   0.4000   1.8736 -1148.754
 20  16    357.0    123.0   0.4551   1.1377   0.4000   1.8899 -1150.193
 20  17    357.0    123.0   0.4551   1.1377   0.4000   1.8899 -1150.193
 20  18    355.4    124.6   0.3975   0.9938   0.4000   1.6571 -1133.454
 20  19    357.4    122.6   0.4877   1.2193   0.4000   2.0237 -1158.714
 21   1    359.6    120.4   0.4987   1.2468   0.4000   2.0589 -1161.254
 21   2    357.3    122.7   0.4492   1.1231   0.4000   1.8646 -1147.213
 21   3    354.5    125.5   0.4533   1.1333   0.4000   1.8931 -1160.784
 21   4    355.3    124.7   0.4801   1.2002   0.4000   2.0014 -1168.240
 21   5    354.6    125.4   0.5107   1.2769   0.4000   2.1327 -1174.414
 21   6    354.6    125.4   0.5107   1.2769   0.4000   2.1327 -1174.414
 21   7    355.1    124.9   0.4963   1.2408   0.4000   2.0700 -1170.903
 21   8    355.1    124.9   0.4963   1.2408   0.4000   2.0700 -1170.903
 21   9    355.3    124.7   0.4921   1.2302   0.4000   2.0517 -1172.048
 21  10    355.7    124.3   0.4810   1.2025   0.4000   2.0037 -1166.473
 21  11    355.7    124.3   0.4810   1.2025   0.4000   2.0037 -1166.473
 21  12    357.4    122.6   0.4852   1.2130   0.4000   2.0133 -1160.380
 21  13    357.2    122.8   0.4819   1.2047   0.4000   2.0004 -1156.405
 21  14    357.1    122.9   0.4716   1.1791   0.4000   1.9584 -1154.137
 21  15    357.3    122.7   0.4675   1.1687   0.4000   1.9402 -1152.447
 21  16    357.1    122.9   0.4714   1.1785   0.4000   1.9572 -1153.876
 21  17    357.1    122.9   0.4714   1.1785   0.4000   1.9572 -1153.876
 21  18    355.5    124.5   0.4284   1.0710   0.4000   1.7854 -1138.644
 21  19    357.4    122.6   0.4642   1.1606   0.4000   1.9261 -1143.628
 21  20    357.4    122.6   0.3507   0.8767   0.4000   1.4552 -1105.265
 22   1    358.6    121.4   0.5633   1.4082   0.4000   2.3309 -1178.896
 22   2    356.2    123.8   0.4826   1.2065   0.4000   2.0079 -1159.853
 22   3    353.5    126.5   0.4965   1.2412   0.4000   2.0781 -1172.058
 22   4    354.2    125.8   0.4504   1.1259   0.4000   1.8821 -1153.978
 22   5    353.5    126.5   0.4360   1.0900   0.4000   1.8250 -1144.324
 22   6    353.5    126.5   0.4360   1.0900   0.4000   1.8250 -1144.324
 22   7    354.0    126.0   0.4564   1.1410   0.4000   1.9082 -1151.748
 22   8    354.0    126.0   0.4564   1.1410   0.4000   1.9082 -1151.748
 22   9    354.2    125.8   0.4734   1.1835   0.4000   1.9785 -1157.518
 22  10    354.6    125.4   0.4469   1.1172   0.4000   1.8658 -1149.370
 22  11    354.6    125.4   0.4469   1.1172   0.4000   1.8658 -1149.370
 22  12    356.4    123.6   0.4878   1.2196   0.4000   2.0286 -1162.707
 22  13    356.1    123.9   0.4284   1.0709   0.4000   1.7827 -1139.878
 22  14    356.0    124.0   0.3945   0.9861   0.4000   1.6420 -1129.161
 22  15    356.2    123.8   0.4128   1.0319   0.4000   1.7173 -1136.061
 22  16    356.1    123.9   0.4158   1.0395   0.4000   1.7306 -1137.319
 22  17    356.1    123.9   0.4158   1.0395   0.4000   1.7306 -1137.319
 22  18    354.3    125.7   0.3744   0.9359   0.4000   1.5644 -1118.102
 22  19    356.4    123.6   0.4181   1.0453   0.4000   1.7389 -1135.538
 22  20    356.4    123.6   0.3207   0.8016   0.4000   1.3336 -1089.482
 22  21    356.5    123.5   0.3013   0.7531   0.4000   1.2526 -1077.075
 23   1    358.4    121.6   0.5655   1.4139   0.4000   2.3414 -1179.472
 23   2    356.0    124.0   0.4812   1.2029   0.4000   2.0031 -1159.932
 23   3    353.3    126.7   0.5049   1.2623   0.4000   2.1147 -1174.999
 23   4    354.0    126.0   0.4516   1.1290   0.4000   1.8883 -1153.806
 23   5    353.3    126.7   0.4348   1.0870   0.4000   1.8209 -1144.024
 23   6    353.3    126.7   0.4348   1.0870   0.4000   1.8209 -1144.024
 23   7    353.8    126.2   0.4549   1.1373   0.4000   1.9031 -1150.903
 23   8    353.8    126.2   0.4549   1.1373   0.4000   1.9031 -1150.903
 23   9    354.0    126.0   0.4720   1.1799   0.4000   1.9737 -1156.772
 23  10    354.4    125.6   0.4452   1.1131   0.4000   1.8600 -1148.831
 23  11    354.4    125.6   0.4452   1.1131   0.4000   1.8600 -1148.831
 23  12    356.2    123.8   0.4979   1.2447   0.4000   2.0715 -1165.796
 23  13    355.9    124.1   0.4365   1.0912   0.4000   1.8173 -1141.780
 23  14    355.8    124.2   0.4063   1.0157   0.4000   1.6921 -1132.543
 23  15    356.0    124.0   0.4211   1.0528   0.4000   1.7531 -1138.232
 23  16    355.8    124.2   0.4242   1.0605   0.4000   1.7665 -1139.490
 23  17    355.8    124.2   0.4242   1.0605   0.4000   1.7665 -1139.490
 23  18    354.0    126.0   0.3730   0.9324   0.4000   1.5593 -1118.418
 23  19    356.1    123.9   0.4148   1.0371   0.4000   1.7262 -1134.879
 23  20    356.1    123.9   0.3252   0.8130   0.4000   1.3532 -1091.218
 23  21    356.3    123.7   0.3091   0.7728   0.4000   1.2859 -1081.316
 23  22    355.1    124.9   0.0092   0.0229   0.4000   0.0383  -681.689
 24   1    356.9    123.1   0.5435   1.3586   0.4000   2.2574 -1177.757
 24   2    354.5    125.5   0.4970   1.2424   0.4000   2.0756 -1165.809
 24   3    351.9    128.1   0.4808   1.2021   0.4000   2.0202 -1173.954
 24   4    352.6    127.4   0.4667   1.1669   0.4000   1.9579 -1162.003
 24   5    351.9    128.1   0.4464   1.1160   0.4000   1.8752 -1153.948
 24   6    351.9    128.1   0.4464   1.1160   0.4000   1.8752 -1153.948
 24   7    352.4    127.6   0.4392   1.0980   0.4000   1.8432 -1152.643
 24   8    352.4    127.6   0.4392   1.0980   0.4000   1.8432 -1152.643
 24   9    352.5    127.5   0.4643   1.1608   0.4000   1.9479 -1159.157
 24  10    353.0    127.0   0.4525   1.1312   0.4000   1.8961 -1152.961
 24  11    353.0    127.0   0.4525   1.1312   0.4000   1.8961 -1152.961
 24  12    354.8    125.2   0.4662   1.1656   0.4000   1.9460 -1161.570
 24  13    354.4    125.6   0.4522   1.1306   0.4000   1.8890 -1151.656
 24  14    354.3    125.7   0.4159   1.0396   0.4000   1.7376 -1140.206
 24  15    354.5    125.5   0.4308   1.0770   0.4000   1.7993 -1145.194
 24  16    354.4    125.6   0.4339   1.0848   0.4000   1.8128 -1146.423
 24  17    354.4    125.6   0.4339   1.0848   0.4000   1.8128 -1146.423
 24  18    352.7    127.3   0.3897   0.9744   0.4000   1.6345 -1129.049
 24  19    354.8    125.2   0.4571   1.1427   0.4000   1.9079 -1149.142
 24  20    354.7    125.3   0.3425   0.8562   0.4000   1.4298 -1102.188
 24  21    354.7    125.3   0.2897   0.7242   0.4000   1.2092 -1077.996
 24  22    353.7    126.3   0.1815   0.4538   0.4000   0.7595  -977.851
 24  23    353.4    126.6   0.1808   0.4520   0.4000   0.7570  -977.532
 25   1    358.6    121.4   0.5377   1.3442   0.4000   2.2249 -1172.082
 25   2    356.2    123.8   0.4993   1.2481   0.4000   2.0772 -1167.001
 25   3    353.5    126.5   0.4981   1.2452   0.4000   2.0847 -1172.555
 25   4    354.3    125.7   0.5063   1.2658   0.4000   2.1158 -1169.543
 25   5    353.6    126.4   0.4647   1.1616   0.4000   1.9447 -1152.520
 25   6    353.6    126.4   0.4647   1.1616   0.4000   1.9447 -1152.520
 25   7    354.0    126.0   0.4751   1.1879   0.4000   1.9865 -1158.056
 25   8    354.0    126.0   0.4751   1.1879   0.4000   1.9865 -1158.056
 25   9    354.2    125.8   0.4687   1.1717   0.4000   1.9587 -1155.622
 25  10    354.7    125.3   0.4525   1.1312   0.4000   1.8891 -1148.027
 25  11    354.7    125.3   0.4525   1.1312   0.4000   1.8891 -1148.027
 25  12    356.5    123.5   0.4783   1.1959   0.4000   1.9891 -1154.004
 25  13    356.1    123.9   0.4814   1.2035   0.4000   2.0033 -1156.302
 25  14    356.0    124.0   0.4653   1.1632   0.4000   1.9367 -1150.776
 25  15    356.2    123.8   0.4708   1.1770   0.4000   1.9589 -1153.355
 25  16    356.1    123.9   0.4741   1.1852   0.4000   1.9731 -1154.544
 25  17    356.1    123.9   0.4741   1.1852   0.4000   1.9731 -1154.544
 25  18    354.3    125.7   0.4208   1.0520   0.4000   1.7583 -1134.245
 25  19    356.4    123.6   0.4693   1.1732   0.4000   1.9516 -1148.323
 25  20    356.4    123.6   0.3353   0.8384   0.4000   1.3947 -1089.166
 25  21    356.5    123.5   0.3228   0.8071   0.4000   1.3423 -1093.870
 25  22    355.3    124.7   0.2072   0.5180   0.4000   0.8638  -990.860
 25  23    355.1    124.9   0.2040   0.5100   0.4000   0.8510  -988.484
 25  24    353.7    126.3   0.1207   0.3017   0.4000   0.5049  -900.979
 26   1    360.1    119.9   0.5968   1.4920   0.4000   2.4614 -1184.610
 26   2    357.7    122.3   0.5324   1.3310   0.4000   2.2075 -1174.035
 26   3    355.0    125.0   0.5046   1.2614   0.4000   2.1051 -1173.944
 26   4    355.8    124.2   0.4964   1.2409   0.4000   2.0673 -1160.785
 26   5    355.0    125.0   0.4985   1.2463   0.4000   2.0797 -1160.729
 26   6    355.0    125.0   0.4985   1.2463   0.4000   2.0797 -1160.729
 26   7    355.6    124.4   0.5094   1.2735   0.4000   2.1223 -1164.755
 26   8    355.6    124.4   0.5094   1.2735   0.4000   2.1223 -1164.755
 26   9    355.7    124.3   0.5096   1.2741   0.4000   2.1229 -1166.696
 26  10    356.1    123.9   0.5157   1.2892   0.4000   2.1462 -1166.046
 26  11    356.1    123.9   0.5157   1.2892   0.4000   2.1462 -1166.046
 26  12    357.8    122.2   0.5035   1.2588   0.4000   2.0874 -1170.041
 26  13    357.6    122.4   0.5215   1.3036   0.4000   2.1625 -1172.606
 26  14    357.5    122.5   0.5089   1.2723   0.4000   2.1113 -1169.752
 26  15    357.7    122.3   0.5188   1.2970   0.4000   2.1512 -1171.623
 26  16    357.6    122.4   0.5231   1.3078   0.4000   2.1699 -1172.949
 26  17    357.6    122.4   0.5231   1.3078   0.4000   2.1699 -1172.949
 26  18    355.9    124.1   0.4707   1.1766   0.4000   1.9595 -1153.959
 26  19    357.9    122.1   0.4781   1.1953   0.4000   1.9818 -1152.873
 26  20    357.8    122.2   0.3441   0.8602   0.4000   1.4264 -1102.282
 26  21    358.0    122.0   0.2902   0.7256   0.4000   1.2025 -1069.085
 26  22    356.9    123.1   0.2709   0.6773   0.4000   1.1253 -1055.312
 26  23    356.7    123.3   0.2758   0.6896   0.4000   1.1464 -1057.947
 26  24    355.2    124.8   0.3140   0.7850   0.4000   1.3095 -1082.829
 26  25    356.9    123.1   0.3358   0.8396   0.4000   1.3950 -1092.276
 27   1    360.1    119.9   0.5968   1.4920   0.4000   2.4614 -1184.610
 27   2    357.7    122.3   0.5324   1.3310   0.4000   2.2075 -1174.035
 27   3    355.0    125.0   0.5046   1.2614   0.4000   2.1051 -1173.944
 27   4    355.8    124.2   0.4964   1.2409   0.4000   2.0673 -1160.785
 27   5    355.0    125.0   0.4985   1.2463   0.4000   2.0797 -1160.729
 27   6    355.0    125.0   0.4985   1.2463   0.4000   2.0797 -1160.729
 27   7    355.6    124.4   0.5094   1.2735   0.4000   2.1223 -1164.755
 27   8    355.6    124.4   0.5094   1.2735   0.4000   2.1223 -1164.755
 27   9    355.7    124.3   0.5096   1.2741   0.4000   2.1229 -1166.696
 27  10    356.1    123.9   0.5157   1.2892   0.4000   2.1462 -1166.046
 27  11    356.1    123.9   0.5157   1.2892   0.4000   2.1462 -1166.046
 27  12    357.8    122.2   0.5035   1.2588   0.4000   2.0874 -1170.041
 27  13    357.6    122.4   0.5215   1.3036   0.4000   2.1625 -1172.606
 27  14    357.5    122.5   0.5089   1.2723   0.4000   2.1113 -1169.752
 27  15    357.7    122.3   0.5188   1.2970   0.4000   2.1512 -1171.623
 27  16    357.6    122.4   0.5231   1.3078   0.4000   2.1699 -1172.949
 27  17    357.6    122.4   0.5231   1.3078   0.4000   2.1699 -1172.949
 27  18    355.9    124.1   0.4707   1.1766   0.4000   1.9595 -1153.959
 27  19    357.9    122.1   0.4781   1.1953   0.4000   1.9818 -1152.873
 27  20    357.8    122.2   0.3441   0.8602   0.4000   1.4264 -1102.282
 27  21    358.0    122.0   0.2902   0.7256   0.4000   1.2025 -1069.085
 27  22    356.9    123.1   0.2709   0.6773   0.4000   1.1253 -1055.312
 27  23    356.7    123.3   0.2758   0.6896   0.4000   1.1464 -1057.947
 27  24    355.2    124.8   0.3140   0.7850   0.4000   1.3095 -1082.829
 27  25    356.9    123.1   0.3358   0.8396   0.4000   1.3950 -1092.276
 27  26    358.5    121.5   0.0000   0.0000   0.4000   0.0000  -645.140
 28   1    358.9    121.1   0.5084   1.2710   0.4000   2.1022 -1170.038
 28   2    356.6    123.4   0.5275   1.3188   0.4000   2.1929 -1174.595
 28   3    353.9    126.1   0.4824   1.2060   0.4000   2.0175 -1170.577
 28   4    354.7    125.3   0.4407   1.1019   0.4000   1.8402 -1152.649
 28   5    354.0    126.0   0.4371   1.0927   0.4000   1.8275 -1149.145
 28   6    354.0    126.0   0.4371   1.0927   0.4000   1.8275 -1149.145
 28   7    354.5    125.5   0.4580   1.1449   0.4000   1.9127 -1157.783
 28   8    354.5    125.5   0.4580   1.1449   0.4000   1.9127 -1157.783
 28   9    354.6    125.4   0.4679   1.1698   0.4000   1.9539 -1160.044
 28  10    355.1    124.9   0.4490   1.1225   0.4000   1.8728 -1153.461
 28  11    355.1    124.9   0.4490   1.1225   0.4000   1.8728 -1153.461
 28  12    356.8    123.2   0.4537   1.1343   0.4000   1.8853 -1159.695
 28  13    356.5    123.5   0.4968   1.2419   0.4000   2.0654 -1166.758
 28  14    356.4    123.6   0.4780   1.1949   0.4000   1.9878 -1160.737
 28  15    356.6    123.4   0.4820   1.2051   0.4000   2.0038 -1162.884
 28  16    356.5    123.5   0.4780   1.1950   0.4000   1.9877 -1161.855
 28  17    356.5    123.5   0.4780   1.1950   0.4000   1.9877 -1161.855
 28  18    354.8    125.2   0.4688   1.1721   0.4000   1.9567 -1161.349
 28  19    356.8    123.2   0.4967   1.2419   0.4000   2.0638 -1164.916
 28  20    356.7    123.3   0.3020   0.7550   0.4000   1.2551 -1077.337
 28  21    356.8    123.2   0.3098   0.7744   0.4000   1.2870 -1082.891
 28  22    355.8    124.2   0.3181   0.7953   0.4000   1.3246 -1084.952
 28  23    355.6    124.4   0.3203   0.8008   0.4000   1.3345 -1085.919
 28  24    354.1    125.9   0.3376   0.8439   0.4000   1.4110 -1098.806
 28  25    355.8    124.2   0.2811   0.7027   0.4000   1.1705 -1063.503
 28  26    357.3    122.7   0.3202   0.8004   0.4000   1.3289 -1081.602
 28  27    357.3    122.7   0.3202   0.8004   0.4000   1.3289 -1081.602
 29   1    357.9    122.1   0.5542   1.3856   0.4000   2.2973 -1183.505
 29   2    355.5    124.5   0.5122   1.2804   0.4000   2.1344 -1176.700
 29   3    352.8    127.2   0.4846   1.2115   0.4000   2.0318 -1170.136
 29   4    353.5    126.5   0.5144   1.2861   0.4000   2.1533 -1174.865
 29   5    352.8    127.2   0.4647   1.1618   0.4000   1.9482 -1159.614
 29   6    352.8    127.2   0.4647   1.1618   0.4000   1.9482 -1159.614
 29   7    353.4    126.6   0.4982   1.2454   0.4000   2.0859 -1169.579
 29   8    353.4    126.6   0.4982   1.2454   0.4000   2.0859 -1169.579
 29   9    353.5    126.5   0.4803   1.2007   0.4000   2.0106 -1163.552
 29  10    353.9    126.1   0.4716   1.1791   0.4000   1.9724 -1159.975
 29  11    353.9    126.1   0.4716   1.1791   0.4000   1.9724 -1159.975
 29  12    355.7    124.3   0.4998   1.2494   0.4000   2.0819 -1171.644
 29  13    355.4    124.6   0.5129   1.2824   0.4000   2.1380 -1170.559
 29  14    355.3    124.7   0.4893   1.2232   0.4000   2.0400 -1163.418
 29  15    355.5    124.5   0.5032   1.2580   0.4000   2.0971 -1168.133
 29  16    355.3    124.7   0.4982   1.2455   0.4000   2.0769 -1166.891
 29  17    355.3    124.7   0.4982   1.2455   0.4000   2.0769 -1166.891
 29  18    353.7    126.3   0.4667   1.1666   0.4000   1.9526 -1162.648
 29  19    355.7    124.3   0.4969   1.2422   0.4000   2.0696 -1167.854
 29  20    355.6    124.4   0.3176   0.7941   0.4000   1.3234 -1088.748
 29  21    355.8    124.2   0.2979   0.7446   0.4000   1.2405 -1078.527
 29  22    354.7    125.3   0.3247   0.8117   0.4000   1.3555 -1090.365
 29  23    354.5    125.5   0.3326   0.8314   0.4000   1.3891 -1094.211
 29  24    353.0    127.0   0.3595   0.8989   0.4000   1.5068 -1114.875
 29  25    354.7    125.3   0.3096   0.7739   0.4000   1.2923 -1084.008
 29  26    356.2    123.8   0.3369   0.8422   0.4000   1.4017 -1100.121
 29  27    356.2    123.8   0.3369   0.8422   0.4000   1.4017 -1100.121
 29  28    355.0    125.0   0.1613   0.4031   0.4000   0.6727  -958.472
 30   1    357.9    122.1   0.5542   1.3856   0.4000   2.2973 -1183.505
 30   2    355.5    124.5   0.5122   1.2804   0.4000   2.1344 -1176.700
 30   3    352.8    127.2   0.4846   1.2115   0.4000   2.0318 -1170.136
 30   4    353.5    126.5   0.5144   1.2861   0.4000   2.1533 -1174.865
 30   5    352.8    127.2   0.4647   1.1618   0.4000   1.9482 -1159.614
 30   6    352.8    127.2   0.4647   1.1618   0.4000   1.9482 -1159.614
 30   7    353.4    126.6   0.4982   1.2454   0.4000   2.0859 -1169.579
 30   8    353.4    126.6   0.4982   1.2454   0.4000   2.0859 -1169.579
 30   9    353.5    126.5   0.4803   1.2007   0.4000   2.0106 -1163.552
 30  10    353.9    126.1   0.4716   1.1791   0.4000   1.9724 -1159.975
 30  11    353.9    126.1   0.4716   1.1791   0.4000   1.9724 -1159.975
 30  12    355.7    124.3   0.4998   1.2494   0.4000   2.0819 -1171.644
 30  13    355.4    124.6   0.5129   1.2824   0.4000   2.1380 -1170.559
 30  14    355.3    124.7   0.4893   1.2232   0.4000   2.0400 -1163.418
 30  15    355.5    124.5   0.5032   1.2580   0.4000   2.0971 -1168.133
 30  16    355.3    124.7   0.4982   1.2455   0.4000   2.0769 -1166.891
 30  17    355.3    124.7   0.4982   1.2455   0.4000   2.0769 -1166.891
 30  18    353.7    126.3   0.4667   1.1666   0.4000   1.9526 -1162.648
 30  19    355.7    124.3   0.4969   1.2422   0.4000   2.0696 -1167.854
 30  20    355.6    124.4   0.3176   0.7941   0.4000   1.3234 -1088.748
 30  21    355.8    124.2   0.2979   0.7446   0.4000   1.2405 -1078.527
 30  22    354.7    125.3   0.3247   0.8117   0.4000   1.3555 -1090.365
 30  23    354.5    125.5   0.3326   0.8314   0.4000   1.3891 -1094.211
 30  24    353.0    127.0   0.3595   0.8989   0.4000   1.5068 -1114.875
 30  25    354.7    125.3   0.3096   0.7739   0.4000   1.2923 -1084.008
 30  26    356.2    123.8   0.3369   0.8422   0.4000   1.4017 -1100.121
 30  27    356.2    123.8   0.3369   0.8422   0.4000   1.4017 -1100.121
 30  28    355.0    125.0   0.1613   0.4031   0.4000   0.6727  -958.472
 30  29    353.9    126.1   0.0000   0.0000   0.4000   0.0000  -650.986
 31   1    359.5    120.5   0.5834   1.4586   0.4000   2.4094 -1183.947
 31   2    357.1    122.9   0.5146   1.2864   0.4000   2.1364 -1169.488
 31   3    354.4    125.6   0.5261   1.3153   0.4000   2.1978 -1179.482
 31   4    355.2    124.8   0.5471   1.3677   0.4000   2.2815 -1179.786
 31   5    354.5    125.5   0.5183   1.2958   0.4000   2.1649 -1170.879
 31   6    354.5    125.5   0.5183   1.2958   0.4000   2.1649 -1170.879
 31   7    355.0    125.0   0.5347   1.3366   0.4000   2.2305 -1176.594
 31   8    355.0    125.0   0.5347   1.3366   0.4000   2.2305 -1176.594
 31   9    355.1    124.9   0.5213   1.3032   0.4000   2.1741 -1173.407
 31  10    355.5    124.5   0.5419   1.3546   0.4000   2.2578 -1176.765
 31  11    355.5    124.5   0.5419   1.3546   0.4000   2.2578 -1176.765
 31  12    357.3    122.7   0.5040   1.2599   0.4000   2.0917 -1168.544
 31  13    357.1    122.9   0.4901   1.2253   0.4000   2.0353 -1163.074
 31  14    356.9    123.1   0.4707   1.1767   0.4000   1.9552 -1155.775
 31  15    357.1    122.9   0.4768   1.1919   0.4000   1.9795 -1159.073
 31  16    357.0    123.0   0.4808   1.2020   0.4000   1.9969 -1160.459
 31  17    357.0    123.0   0.4808   1.2020   0.4000   1.9969 -1160.459
 31  18    355.3    124.7   0.4398   1.0996   0.4000   1.8336 -1147.453
 31  19    357.3    122.7   0.4535   1.1338   0.4000   1.8822 -1148.806
 31  20    357.2    122.8   0.3448   0.8620   0.4000   1.4312 -1102.246
 31  21    357.4    122.6   0.3337   0.8343   0.4000   1.3845 -1095.373
 31  22    356.3    123.7   0.2905   0.7262   0.4000   1.2082 -1071.537
 31  23    356.1    123.9   0.2930   0.7324   0.4000   1.2191 -1073.660
 31  24    354.6    125.4   0.3335   0.8338   0.4000   1.3926 -1102.188
 31  25    356.3    123.7   0.2897   0.7242   0.4000   1.2048 -1073.587
 31  26    357.9    122.1   0.3484   0.8711   0.4000   1.4441 -1102.751
 31  27    357.9    122.1   0.3484   0.8711   0.4000   1.4441 -1102.751
 31  28    356.7    123.3   0.1981   0.4952   0.4000   0.8232 -1001.160
 31  29    355.6    124.4   0.1994   0.4985   0.4000   0.8308 -1001.220
 31  30    355.6    124.4   0.1994   0.4985   0.4000   0.8308 -1001.220
 32   1    358.9    121.1   0.5023   1.2558   0.4000   2.0772 -1168.561
 32   2    356.6    123.4   0.5370   1.3424   0.4000   2.2324 -1176.065
 32   3    353.8    126.2   0.5176   1.2941   0.4000   2.1652 -1180.456
 32   4    354.6    125.4   0.5056   1.2641   0.4000   2.1114 -1173.929
 32   5    353.9    126.1   0.4766   1.1914   0.4000   1.9931 -1161.197
 32   6    353.9    126.1   0.4766   1.1914   0.4000   1.9931 -1161.197
 32   7    354.4    125.6   0.5071   1.2678   0.4000   2.1182 -1171.477
 32   8    354.4    125.6   0.5071   1.2678   0.4000   2.1182 -1171.477
 32   9    354.5    125.5   0.4977   1.2442   0.4000   2.0784 -1169.926
 32  10    355.0    125.0   0.4881   1.2203   0.4000   2.0367 -1166.442
 32  11    355.0    125.0   0.4881   1.2203   0.4000   2.0367 -1166.442
 32  12    356.7    123.3   0.4547   1.1367   0.4000   1.8898 -1155.729
 32  13    356.5    123.5   0.4606   1.1514   0.4000   1.9150 -1159.160
 32  14    356.3    123.7   0.4429   1.1072   0.4000   1.8421 -1151.755
 32  15    356.6    123.4   0.4464   1.1159   0.4000   1.8557 -1153.677
 32  16    356.4    123.6   0.4502   1.1255   0.4000   1.8722 -1155.144
 32  17    356.4    123.6   0.4502   1.1255   0.4000   1.8722 -1155.144
 32  18    354.8    125.2   0.4129   1.0324   0.4000   1.7236 -1141.205
 32  19    356.7    123.3   0.4246   1.0615   0.4000   1.7645 -1144.169
 32  20    356.6    123.4   0.3430   0.8576   0.4000   1.4259 -1098.520
 32  21    356.8    123.2   0.3138   0.7845   0.4000   1.3036 -1084.134
 32  22    355.8    124.2   0.2933   0.7334   0.4000   1.2216 -1077.227
 32  23    355.6    124.4   0.2985   0.7462   0.4000   1.2436 -1080.128
 32  24    354.0    126.0   0.3100   0.7749   0.4000   1.2960 -1092.890
 32  25    355.8    124.2   0.3065   0.7663   0.4000   1.2764 -1079.769
 32  26    357.3    122.7   0.3279   0.8196   0.4000   1.3607 -1090.997
 32  27    357.3    122.7   0.3279   0.8196   0.4000   1.3607 -1090.997
 32  28    356.1    123.9   0.1696   0.4239   0.4000   0.7057  -969.916
 32  29    355.0    125.0   0.1938   0.4845   0.4000   0.8084  -994.986
 32  30    355.0    125.0   0.1938   0.4845   0.4000   0.8084  -994.986
 32  31    356.7    123.3   0.1378   0.3445   0.4000   0.5726  -932.785
 33   1    357.7    122.3   0.5039   1.2598   0.4000   2.0894 -1172.109
 33   2    355.3    124.7   0.4641   1.1603   0.4000   1.9349 -1158.589
 33   3    352.7    127.3   0.5173   1.2932   0.4000   2.1691 -1187.589
 33   4    353.4    126.6   0.4550   1.1374   0.4000   1.9049 -1163.142
 33   5    352.8    127.2   0.4700   1.1751   0.4000   1.9709 -1166.858
 33   6    352.8    127.2   0.4700   1.1751   0.4000   1.9709 -1166.858
 33   7    353.2    126.8   0.4579   1.1446   0.4000   1.9177 -1163.917
 33   8    353.2    126.8   0.4579   1.1446   0.4000   1.9177 -1163.917
 33   9    353.4    126.6   0.4697   1.1743   0.4000   1.9667 -1166.825
 33  10    353.9    126.1   0.4614   1.1535   0.4000   1.9298 -1163.398
 33  11    353.9    126.1   0.4614   1.1535   0.4000   1.9298 -1163.398
 33  12    355.6    124.4   0.4859   1.2147   0.4000   2.0243 -1170.431
 33  13    355.3    124.7   0.5231   1.3078   0.4000   2.1811 -1175.191
 33  14    355.1    124.9   0.4948   1.2371   0.4000   2.0638 -1167.352
 33  15    355.3    124.7   0.4846   1.2115   0.4000   2.0202 -1165.434
 33  16    355.2    124.8   0.4888   1.2219   0.4000   2.0381 -1166.730
 33  17    355.2    124.8   0.4888   1.2219   0.4000   2.0381 -1166.730
 33  18    353.5    126.5   0.4567   1.1417   0.4000   1.9114 -1155.566
 33  19    355.6    124.4   0.4559   1.1397   0.4000   1.8992 -1151.133
 33  20    355.5    124.5   0.3371   0.8427   0.4000   1.4048 -1095.289
 33  21    355.6    124.4   0.2554   0.6386   0.4000   1.0643 -1046.210
 33  22    354.5    125.5   0.3106   0.7766   0.4000   1.2972 -1082.521
 33  23    354.3    125.7   0.3067   0.7667   0.4000   1.2814 -1081.281
 33  24    352.9    127.1   0.3103   0.7756   0.4000   1.3005 -1092.660
 33  25    354.6    125.4   0.3078   0.7696   0.4000   1.2855 -1086.676
 33  26    356.0    124.0   0.3084   0.7709   0.4000   1.2836 -1079.718
 33  27    356.0    124.0   0.3084   0.7709   0.4000   1.2836 -1079.718
 33  28    354.9    125.1   0.2542   0.6355   0.4000   1.0607 -1041.174
 33  29    353.8    126.2   0.2615   0.6537   0.4000   1.0939 -1052.715
 33  30    353.8    126.2   0.2615   0.6537   0.4000   1.0939 -1052.715
 33  31    355.4    124.6   0.2663   0.6657   0.4000   1.1098 -1058.003
 33  32    354.8    125.2   0.2700   0.6750   0.4000   1.1269 -1057.180
 34   1    357.7    122.3   0.5039   1.2598   0.4000   2.0894 -1172.109
 34   2    355.3    124.7   0.4641   1.1603   0.4000   1.9349 -1158.589
 34   3    352.7    127.3   0.5173   1.2932   0.4000   2.1691 -1187.589
 34   4    353.4    126.6   0.4550   1.1374   0.4000   1.9049 -1163.142
 34   5    352.8    127.2   0.4700   1.1751   0.4000   1.9709 -1166.858
 34   6    352.8    127.2   0.4700   1.1751   0.4000   1.9709 -1166.858
 34   7    353.2    126.8   0.4579   1.1446   0.4000   1.9177 -1163.917
 34   8    353.2    126.8   0.4579   1.1446   0.4000   1.9177 -1163.917
 34   9    353.4    126.6   0.4697   1.1743   0.4000   1.9667 -1166.825
 34  10    353.9    126.1   0.4614   1.1535   0.4000   1.9298 -1163.398
 34  11    353.9    126.1   0.4614   1.1535   0.4000   1.9298 -1163.398
 34  12    355.6    124.4   0.4859   1.2147   0.4000   2.0243 -1170.431
 34  13    355.3    124.7   0.5231   1.3078   0.4000   2.1811 -1175.191
 34  14    355.1    124.9   0.4948   1.2371   0.4000   2.0638 -1167.352
 34  15    355.3    124.7   0.4846   1.2115   0.4000   2.0202 -1165.434
 34  16    355.2    124.8   0.4888   1.2219   0.4000   2.0381 -1166.730
 34  17    355.2    124.8   0.4888   1.2219   0.4000   2.0381 -1166.730
 34  18    353.5    126.5   0.4567   1.1417   0.4000   1.9114 -1155.566
 34  19    355.6    124.4   0.4559   1.1397   0.4000   1.8992 -1151.133
 34  20    355.5    124.5   0.3371   0.8427   0.4000   1.4048 -1095.289
 34  21    355.6    124.4   0.2554   0.6386   0.4000   1.0643 -1046.210
 34  22    354.5    125.5   0.3106   0.7766   0.4000   1.2972 -1082.521
 34  23    354.3    125.7   0.3067   0.7667   0.4000   1.2814 -1081.281
 34  24    352.9    127.1   0.3103   0.7756   0.4000   1.3005 -1092.660
 34  25    354.6    125.4   0.3078   0.7696   0.4000   1.2855 -1086.676
 34  26    356.0    124.0   0.3084   0.7709   0.4000   1.2836 -1079.718
 34  27    356.0    124.0   0.3084   0.7709   0.4000   1.2836 -1079.718
 34  28    354.9    125.1   0.2542   0.6355   0.4000   1.0607 -1041.174
 34  29    353.8    126.2   0.2615   0.6537   0.4000   1.0939 -1052.715
 34  30    353.8    126.2   0.2615   0.6537   0.4000   1.0939 -1052.715
 34  31    355.4    124.6   0.2663   0.6657   0.4000   1.1098 -1058.003
 34  32    354.8    125.2   0.2700   0.6750   0.4000   1.1269 -1057.180
 34  33    353.7    126.3   0.0000   0.0000   0.4000   0.0000  -651.173
 35   1    360.0    120.0   0.5903   1.4757   0.4000   2.4349 -1188.303
 35   2    357.7    122.3   0.4525   1.1313   0.4000   1.8765 -1150.965
 35   3    355.0    125.0   0.4416   1.1041   0.4000   1.8423 -1161.455
 35   4    355.8    124.2   0.4380   1.0951   0.4000   1.8242 -1152.146
 35   5    355.1    124.9   0.4559   1.1398   0.4000   1.9015 -1160.034
 35   6    355.1    124.9   0.4559   1.1398   0.4000   1.9015 -1160.034
 35   7    355.6    124.4   0.4417   1.1042   0.4000   1.8400 -1156.432
 35   8    355.6    124.4   0.4417   1.1042   0.4000   1.8400 -1156.432
 35   9    355.7    124.3   0.4854   1.2134   0.4000   2.0217 -1168.795
 35  10    356.2    123.8   0.4590   1.1474   0.4000   1.9097 -1157.843
 35  11    356.2    123.8   0.4590   1.1474   0.4000   1.9097 -1157.843
 35  12    357.8    122.2   0.5019   1.2549   0.4000   2.0807 -1162.303
 35  13    357.6    122.4   0.4837   1.2092   0.4000   2.0058 -1157.016
 35  14    357.5    122.5   0.4725   1.1812   0.4000   1.9601 -1154.042
 35  15    357.7    122.3   0.4645   1.1612   0.4000   1.9260 -1152.948
 35  16    357.6    122.4   0.4684   1.1711   0.4000   1.9430 -1154.279
 35  17    357.6    122.4   0.4684   1.1711   0.4000   1.9430 -1154.279
 35  18    356.0    124.0   0.4592   1.1480   0.4000   1.9114 -1152.647
 35  19    357.9    122.1   0.4495   1.1237   0.4000   1.8629 -1143.639
 35  20    357.8    122.2   0.3075   0.7687   0.4000   1.2749 -1073.253
 35  21    358.0    122.0   0.3058   0.7646   0.4000   1.2674 -1073.107
 35  22    357.0    123.0   0.3078   0.7694   0.4000   1.2782 -1082.394
 35  23    356.8    123.2   0.3128   0.7821   0.4000   1.2999 -1085.563
 35  24    355.2    124.8   0.3364   0.8409   0.4000   1.4024 -1103.142
 35  25    357.0    123.0   0.3569   0.8923   0.4000   1.4822 -1103.374
 35  26    358.4    121.6   0.3229   0.8071   0.4000   1.3366 -1084.332
 35  27    358.4    121.6   0.3229   0.8071   0.4000   1.3366 -1084.332
 35  28    357.2    122.8   0.2579   0.6448   0.4000   1.0706 -1046.637
 35  29    356.1    123.9   0.2840   0.7100   0.4000   1.1818 -1061.138
 35  30    356.1    123.9   0.2840   0.7100   0.4000   1.1818 -1061.138
 35  31    357.8    122.2   0.2910   0.7274   0.4000   1.2062 -1064.773
 35  32    357.2    122.8   0.2948   0.7370   0.4000   1.2238 -1064.330
 35  33    356.0    124.0   0.1832   0.4581   0.4000   0.7627  -978.987
 35  34    356.0    124.0   0.1832   0.4581   0.4000   0.7627  -978.987
 36   1    360.0    120.0   0.5865   1.4663   0.4000   2.4194 -1182.171
 36   2    357.7    122.3   0.4731   1.1828   0.4000   1.9620 -1150.814
 36   3    354.9    125.1   0.4749   1.1873   0.4000   1.9818 -1164.099
 36   4    355.7    124.3   0.4987   1.2468   0.4000   2.0774 -1165.459
 36   5    354.9    125.1   0.5088   1.2719   0.4000   2.1228 -1166.493
 36   6    354.9    125.1   0.5088   1.2719   0.4000   2.1228 -1166.493
 36   7    355.5    124.5   0.4871   1.2177   0.4000   2.0297 -1161.162
 36   8    355.5    124.5   0.4871   1.2177   0.4000   2.0297 -1161.162
 36   9    355.6    124.4   0.4865   1.2162   0.4000   2.0268 -1161.651
 36  10    356.0    124.0   0.4915   1.2288   0.4000   2.0460 -1162.129
 36  11    356.0    124.0   0.4915   1.2288   0.4000   2.0460 -1162.129
 36  12    357.7    122.3   0.4915   1.2287   0.4000   2.0378 -1163.388
 36  13    357.6    122.4   0.5132   1.2831   0.4000   2.1287 -1160.991
 36  14    357.4    122.6   0.5074   1.2685   0.4000   2.1052 -1158.541
 36  15    357.7    122.3   0.4938   1.2344   0.4000   2.0476 -1156.381
 36  16    357.5    122.5   0.4978   1.2444   0.4000   2.0649 -1157.763
 36  17    357.5    122.5   0.4978   1.2444   0.4000   2.0649 -1157.763
 36  18    355.8    124.2   0.4651   1.1627   0.4000   1.9367 -1148.604
 36  19    357.8    122.2   0.5091   1.2727   0.4000   2.1105 -1158.822
 36  20    357.7    122.3   0.2852   0.7129   0.4000   1.1824 -1067.094
 36  21    358.0    122.0   0.2868   0.7169   0.4000   1.1883 -1065.013
 36  22    356.9    123.1   0.2779   0.6948   0.4000   1.1545 -1055.609
 36  23    356.7    123.3   0.2857   0.7141   0.4000   1.1873 -1059.951
 36  24    355.1    124.9   0.3055   0.7637   0.4000   1.2742 -1075.591
 36  25    356.9    123.1   0.3212   0.8030   0.4000   1.3344 -1080.718
 36  26    358.5    121.5   0.2876   0.7189   0.4000   1.1903 -1068.041
 36  27    358.5    121.5   0.2876   0.7189   0.4000   1.1903 -1068.041
 36  28    357.2    122.8   0.2954   0.7384   0.4000   1.2261 -1063.132
 36  29    356.1    123.9   0.3163   0.7907   0.4000   1.3162 -1078.531
 36  30    356.1    123.9   0.3163   0.7907   0.4000   1.3162 -1078.531
 36  31    357.8    122.2   0.2569   0.6422   0.4000   1.0649 -1042.738
 36  32    357.2    122.8   0.3015   0.7536   0.4000   1.2513 -1071.186
 36  33    355.9    124.1   0.1906   0.4765   0.4000   0.7936  -984.287
 36  34    355.9    124.1   0.1906   0.4765   0.4000   0.7936  -984.287
 36  35    358.3    121.7   0.1525   0.3813   0.4000   0.6316  -938.054
 37   1    358.7    121.3   0.5895   1.4736   0.4000   2.4387 -1187.475
 37   2    356.3    123.7   0.4484   1.1209   0.4000   1.8651 -1150.291
 37   3    353.6    126.4   0.4807   1.2018   0.4000   2.0116 -1169.162
 37   4    354.4    125.6   0.4790   1.1976   0.4000   2.0014 -1160.972
 37   5    353.7    126.3   0.4978   1.2446   0.4000   2.0831 -1167.919
 37   6    353.7    126.3   0.4978   1.2446   0.4000   2.0831 -1167.919
 37   7    354.2    125.8   0.4823   1.2059   0.4000   2.0161 -1166.140
 37   8    354.2    125.8   0.4823   1.2059   0.4000   2.0161 -1166.140
 37   9    354.3    125.7   0.4857   1.2143   0.4000   2.0294 -1166.188
 37  10    354.8    125.2   0.5081   1.2702   0.4000   2.1206 -1170.650
 37  11    354.8    125.2   0.5081   1.2702   0.4000   2.1206 -1170.650
 37  12    356.5    123.5   0.4823   1.2056   0.4000   2.0050 -1161.138
 37  13    356.2    123.8   0.4928   1.2319   0.4000   2.0501 -1160.582
 37  14    356.1    123.9   0.4937   1.2342   0.4000   2.0546 -1161.927
 37  15    356.3    123.7   0.4810   1.2025   0.4000   2.0008 -1160.082
 37  16    356.2    123.8   0.4843   1.2108   0.4000   2.0153 -1161.218
 37  17    356.2    123.8   0.4843   1.2108   0.4000   2.0153 -1161.218
 37  18    354.5    125.5   0.4891   1.2228   0.4000   2.0431 -1159.107
 37  19    356.5    123.5   0.4792   1.1981   0.4000   1.9924 -1152.755
 37  20    356.4    123.6   0.3081   0.7702   0.4000   1.2811 -1076.610
 37  21    356.6    123.4   0.2924   0.7309   0.4000   1.2155 -1072.707
 37  22    355.5    124.5   0.2883   0.7207   0.4000   1.2015 -1065.365
 37  23    355.2    124.8   0.2911   0.7278   0.4000   1.2139 -1068.738
 37  24    353.8    126.2   0.3209   0.8021   0.4000   1.3422 -1089.239
 37  25    355.5    124.5   0.3480   0.8699   0.4000   1.4501 -1097.512
 37  26    357.0    123.0   0.3213   0.8031   0.4000   1.3343 -1092.145
 37  27    357.0    123.0   0.3213   0.8031   0.4000   1.3343 -1092.145
 37  28    355.9    124.1   0.2543   0.6358   0.4000   1.0588 -1044.340
 37  29    354.8    125.2   0.2778   0.6945   0.4000   1.1595 -1058.146
 37  30    354.8    125.2   0.2778   0.6945   0.4000   1.1595 -1058.146
 37  31    356.4    123.6   0.2818   0.7044   0.4000   1.1718 -1062.390
 37  32    355.8    124.2   0.2884   0.7210   0.4000   1.2009 -1068.613
 37  33    354.7    125.3   0.1731   0.4327   0.4000   0.7226  -971.294
 37  34    354.7    125.3   0.1731   0.4327   0.4000   0.7226  -971.294
 37  35    357.0    123.0   0.1486   0.3715   0.4000   0.6172  -937.449
 37  36    356.9    123.1   0.1136   0.2839   0.4000   0.4718  -896.330
 38   1    358.9    121.1   0.5810   1.4525   0.4000   2.4027 -1188.566
 38   2    356.5    123.5   0.4283   1.0708   0.4000   1.7809 -1142.286
 38   3    353.9    126.1   0.4976   1.2440   0.4000   2.0812 -1174.409
 38   4    354.6    125.4   0.4910   1.2275   0.4000   2.0503 -1165.781
 38   5    353.9    126.1   0.5089   1.2721   0.4000   2.1280 -1172.555
 38   6    353.9    126.1   0.5089   1.2721   0.4000   2.1280 -1172.555
 38   7    354.4    125.6   0.5118   1.2795   0.4000   2.1381 -1174.518
 38   8    354.4    125.6   0.5118   1.2795   0.4000   2.1381 -1174.518
 38   9    354.5    125.5   0.4800   1.1999   0.4000   2.0044 -1165.870
 38  10    355.0    125.0   0.4993   1.2482   0.4000   2.0830 -1170.239
 38  11    355.0    125.0   0.4993   1.2482   0.4000   2.0830 -1170.239
 38  12    356.7    123.3   0.4530   1.1325   0.4000   1.8825 -1154.012
 38  13    356.5    123.5   0.4932   1.2331   0.4000   2.0509 -1159.977
 38  14    356.3    123.7   0.4878   1.2194   0.4000   2.0289 -1158.872
 38  15    356.5    123.5   0.4895   1.2237   0.4000   2.0351 -1160.122
 38  16    356.4    123.6   0.4935   1.2338   0.4000   2.0525 -1161.428
 38  17    356.4    123.6   0.4935   1.2338   0.4000   2.0525 -1161.428
 38  18    354.7    125.3   0.4785   1.1962   0.4000   1.9974 -1154.211
 38  19    356.8    123.2   0.4776   1.1940   0.4000   1.9847 -1150.846
 38  20    356.7    123.3   0.3153   0.7882   0.4000   1.3104 -1082.783
 38  21    356.8    123.2   0.2750   0.6874   0.4000   1.1425 -1058.528
 38  22    355.7    124.3   0.2835   0.7087   0.4000   1.1807 -1064.505
 38  23    355.5    124.5   0.2910   0.7275   0.4000   1.2127 -1068.854
 38  24    354.0    126.0   0.3096   0.7741   0.4000   1.2945 -1080.072
 38  25    355.8    124.2   0.3255   0.8137   0.4000   1.3555 -1087.876
 38  26    357.2    122.8   0.3016   0.7540   0.4000   1.2519 -1079.218
 38  27    357.2    122.8   0.3016   0.7540   0.4000   1.2519 -1079.218
 38  28    356.1    123.9   0.2576   0.6439   0.4000   1.0719 -1045.165
 38  29    355.0    125.0   0.2707   0.6767   0.4000   1.1293 -1056.858
 38  30    355.0    125.0   0.2707   0.6767   0.4000   1.1293 -1056.858
 38  31    356.6    123.4   0.2503   0.6259   0.4000   1.0406 -1042.609
 38  32    356.0    124.0   0.2538   0.6345   0.4000   1.0563 -1041.664
 38  33    354.9    125.1   0.1559   0.3896   0.4000   0.6504  -955.016
 38  34    354.9    125.1   0.1559   0.3896   0.4000   0.6504  -955.016
 38  35    357.2    122.8   0.1634   0.4085   0.4000   0.6783  -947.650
 38  36    357.1    122.9   0.1081   0.2701   0.4000   0.4486  -886.732
 38  37    355.8    124.2   0.0978   0.2445   0.4000   0.4072  -873.359

