Supplemental results for CODEML (seqf: /gpfs/scratch/cltucker/EBH381-Group-Project/SIV_aligned_ENV.fas  treef: )


pairwise comparison (Goldman & Yang 1994)
seq seq        N       S       dN       dS     dN/dS   Paras.
  2   1    934.6    304.4   0.4082   0.5103   0.8000   1.3000 -2820.526
  3   1    928.9    310.1   0.3730   0.4663   0.8000   1.1890 -2791.067
  3   2    930.6    308.4   0.2792   0.3490   0.8000   0.8897 -2625.838
  4   1    931.3    307.7   0.3568   0.4459   0.8000   1.1367 -2758.765
  4   2    933.0    306.0   0.2985   0.3732   0.8000   0.9509 -2655.928
  4   3    927.3    311.7   0.2248   0.2810   0.8000   0.7168 -2521.659
  5   1    932.5    306.5   0.3500   0.4376   0.8000   1.1151 -2751.490
  5   2    934.2    304.8   0.2667   0.3334   0.8000   0.8494 -2597.736
  5   3    928.5    310.5   0.2213   0.2766   0.8000   0.7055 -2506.125
  5   4    931.0    308.0   0.2160   0.2700   0.8000   0.6884 -2487.057
  6   1    932.5    306.5   0.3500   0.4376   0.8000   1.1151 -2751.490
  6   2    934.2    304.8   0.2667   0.3334   0.8000   0.8494 -2597.736
  6   3    928.5    310.5   0.2213   0.2766   0.8000   0.7055 -2506.125
  6   4    931.0    308.0   0.2160   0.2700   0.8000   0.6884 -2487.057
  6   5    932.3    306.7   0.0000   0.0000   0.8000   0.0000 -1656.103
  7   1    931.8    307.2   0.3423   0.4278   0.8000   1.0905 -2743.038
  7   2    933.6    305.4   0.2753   0.3441   0.8000   0.8768 -2615.725
  7   3    927.9    311.1   0.2270   0.2838   0.8000   0.7238 -2517.551
  7   4    930.3    308.7   0.2164   0.2705   0.8000   0.6897 -2493.334
  7   5    931.6    307.4   0.0815   0.1019   0.8000   0.2598 -2093.192
  7   6    931.6    307.4   0.0815   0.1019   0.8000   0.2598 -2093.192
  8   1    931.8    307.2   0.3423   0.4278   0.8000   1.0905 -2743.038
  8   2    933.6    305.4   0.2753   0.3441   0.8000   0.8768 -2615.725
  8   3    927.9    311.1   0.2270   0.2838   0.8000   0.7238 -2517.551
  8   4    930.3    308.7   0.2164   0.2705   0.8000   0.6897 -2493.334
  8   5    931.6    307.4   0.0815   0.1019   0.8000   0.2598 -2093.192
  8   6    931.6    307.4   0.0815   0.1019   0.8000   0.2598 -2093.192
  8   7    931.0    308.0   0.0000   0.0000   0.8000   0.0000 -1658.131
  9   1    931.1    307.9   0.3416   0.4269   0.8000   1.0883 -2734.638
  9   2    932.8    306.2   0.2847   0.3559   0.8000   0.9070 -2637.574
  9   3    927.1    311.9   0.2265   0.2831   0.8000   0.7223 -2529.957
  9   4    929.5    309.5   0.2024   0.2530   0.8000   0.6450 -2470.138
  9   5    930.8    308.2   0.1444   0.1805   0.8000   0.4601 -2298.700
  9   6    930.8    308.2   0.1444   0.1805   0.8000   0.4601 -2298.700
  9   7    930.2    308.8   0.1442   0.1803   0.8000   0.4596 -2305.302
  9   8    930.2    308.8   0.1442   0.1803   0.8000   0.4596 -2305.302
 10   1    930.6    308.4   0.3525   0.4407   0.8000   1.1234 -2750.884
 10   2    932.4    306.6   0.2828   0.3535   0.8000   0.9010 -2636.264
 10   3    926.6    312.4   0.2252   0.2815   0.8000   0.7182 -2525.132
 10   4    929.1    309.9   0.2208   0.2760   0.8000   0.7039 -2500.643
 10   5    930.3    308.7   0.1419   0.1773   0.8000   0.4521 -2292.928
 10   6    930.3    308.7   0.1419   0.1773   0.8000   0.4521 -2292.928
 10   7    929.7    309.3   0.1440   0.1800   0.8000   0.4589 -2304.817
 10   8    929.7    309.3   0.1440   0.1800   0.8000   0.4589 -2304.817
 10   9    928.9    310.1   0.1409   0.1762   0.8000   0.4493 -2299.977
 11   1    930.6    308.4   0.3524   0.4406   0.8000   1.1231 -2750.737
 11   2    932.4    306.6   0.2828   0.3535   0.8000   0.9008 -2636.100
 11   3    926.6    312.4   0.2231   0.2789   0.8000   0.7116 -2521.043
 11   4    929.1    309.9   0.2208   0.2760   0.8000   0.7037 -2500.462
 11   5    930.3    308.7   0.1419   0.1773   0.8000   0.4521 -2292.732
 11   6    930.3    308.7   0.1419   0.1773   0.8000   0.4521 -2292.732
 11   7    929.7    309.3   0.1440   0.1799   0.8000   0.4588 -2304.621
 11   8    929.7    309.3   0.1440   0.1799   0.8000   0.4588 -2304.621
 11   9    928.9    310.1   0.1409   0.1761   0.8000   0.4492 -2299.782
 11  10    928.4    310.6   0.0015   0.0019   0.8000   0.0048 -1678.204
 12   1    929.9    309.1   0.4604   0.5755   0.8000   1.4674 -2899.772
 12   2    931.4    307.6   0.5034   0.6292   0.8000   1.6039 -2929.708
 12   3    925.9    313.1   0.4927   0.6159   0.8000   1.5716 -2937.668
 12   4    928.2    310.8   0.4859   0.6074   0.8000   1.5491 -2924.988
 12   5    929.4    309.6   0.4745   0.5931   0.8000   1.5125 -2913.760
 12   6    929.4    309.6   0.4745   0.5931   0.8000   1.5125 -2913.760
 12   7    928.7    310.3   0.4911   0.6138   0.8000   1.5654 -2930.529
 12   8    928.7    310.3   0.4911   0.6138   0.8000   1.5654 -2930.529
 12   9    928.0    311.0   0.4679   0.5849   0.8000   1.4919 -2910.005
 12  10    927.6    311.4   0.4645   0.5807   0.8000   1.4812 -2907.720
 12  11    927.6    311.4   0.4630   0.5788   0.8000   1.4764 -2906.479
 13   1    925.5    313.5   0.4625   0.5781   0.8000   1.4752 -2912.680
 13   2    926.9    312.1   0.4953   0.6191   0.8000   1.5794 -2937.048
 13   3    921.4    317.6   0.4827   0.6034   0.8000   1.5410 -2943.332
 13   4    923.7    315.3   0.4844   0.6055   0.8000   1.5456 -2935.684
 13   5    924.8    314.2   0.4611   0.5764   0.8000   1.4710 -2909.080
 13   6    924.8    314.2   0.4611   0.5764   0.8000   1.4710 -2909.080
 13   7    924.1    314.9   0.4866   0.6082   0.8000   1.5525 -2936.660
 13   8    924.1    314.9   0.4866   0.6082   0.8000   1.5525 -2936.660
 13   9    923.5    315.5   0.4598   0.5748   0.8000   1.4673 -2909.395
 13  10    923.0    316.0   0.4552   0.5690   0.8000   1.4525 -2904.878
 13  11    923.0    316.0   0.4537   0.5672   0.8000   1.4480 -2903.611
 13  12    922.2    316.8   0.2659   0.3324   0.8000   0.8487 -2614.708
 14   1    927.2    311.8   0.4560   0.5700   0.8000   1.4542 -2905.885
 14   2    928.7    310.3   0.5003   0.6253   0.8000   1.5948 -2937.888
 14   3    923.1    315.9   0.4853   0.6066   0.8000   1.5487 -2943.907
 14   4    925.5    313.5   0.4892   0.6115   0.8000   1.5604 -2935.548
 14   5    926.6    312.4   0.4654   0.5817   0.8000   1.4841 -2914.106
 14   6    926.6    312.4   0.4654   0.5817   0.8000   1.4841 -2914.106
 14   7    926.0    313.0   0.4938   0.6172   0.8000   1.5749 -2943.805
 14   8    926.0    313.0   0.4938   0.6172   0.8000   1.5749 -2943.805
 14   9    925.3    313.7   0.4630   0.5788   0.8000   1.4769 -2912.886
 14  10    924.8    314.2   0.4619   0.5774   0.8000   1.4735 -2907.879
 14  11    924.8    314.2   0.4604   0.5756   0.8000   1.4689 -2906.619
 14  12    923.9    315.1   0.2668   0.3335   0.8000   0.8512 -2611.651
 14  13    919.5    319.5   0.0512   0.0641   0.8000   0.1637 -1992.596
 15   1    926.3    312.7   0.4631   0.5788   0.8000   1.4769 -2913.025
 15   2    927.7    311.3   0.4984   0.6230   0.8000   1.5891 -2939.426
 15   3    922.2    316.8   0.4857   0.6071   0.8000   1.5502 -2944.610
 15   4    924.5    314.5   0.4804   0.6005   0.8000   1.5328 -2926.935
 15   5    925.6    313.4   0.4784   0.5980   0.8000   1.5259 -2927.567
 15   6    925.6    313.4   0.4784   0.5980   0.8000   1.5259 -2927.567
 15   7    925.0    314.0   0.4891   0.6114   0.8000   1.5604 -2941.426
 15   8    925.0    314.0   0.4891   0.6114   0.8000   1.5604 -2941.426
 15   9    924.3    314.7   0.4616   0.5770   0.8000   1.4728 -2913.485
 15  10    923.9    315.1   0.4522   0.5652   0.8000   1.4428 -2902.849
 15  11    923.9    315.1   0.4507   0.5634   0.8000   1.4382 -2901.569
 15  12    923.0    316.0   0.2626   0.3282   0.8000   0.8380 -2608.455
 15  13    918.5    320.5   0.0520   0.0650   0.8000   0.1661 -1995.682
 15  14    920.2    318.8   0.0281   0.0351   0.8000   0.0898 -1868.316
 16   1    926.2    312.8   0.4615   0.5768   0.8000   1.4718 -2911.767
 16   2    927.6    311.4   0.4964   0.6205   0.8000   1.5828 -2937.641
 16   3    922.0    317.0   0.4839   0.6049   0.8000   1.5446 -2943.312
 16   4    924.3    314.7   0.4789   0.5986   0.8000   1.5278 -2926.169
 16   5    925.5    313.5   0.4767   0.5959   0.8000   1.5205 -2926.388
 16   6    925.5    313.5   0.4767   0.5959   0.8000   1.5205 -2926.388
 16   7    924.8    314.2   0.4875   0.6094   0.8000   1.5553 -2940.764
 16   8    924.8    314.2   0.4875   0.6094   0.8000   1.5553 -2940.764
 16   9    924.2    314.8   0.4600   0.5750   0.8000   1.4676 -2912.272
 16  10    923.7    315.3   0.4506   0.5632   0.8000   1.4377 -2901.619
 16  11    923.7    315.3   0.4491   0.5614   0.8000   1.4331 -2900.338
 16  12    922.8    316.2   0.2615   0.3268   0.8000   0.8345 -2607.051
 16  13    918.4    320.6   0.0512   0.0640   0.8000   0.1635 -1992.120
 16  14    920.1    318.9   0.0273   0.0342   0.8000   0.0873 -1864.135
 16  15    919.2    319.8   0.0007   0.0009   0.8000   0.0024 -1684.851
 17   1    926.2    312.8   0.4615   0.5768   0.8000   1.4718 -2911.767
 17   2    927.6    311.4   0.4964   0.6205   0.8000   1.5828 -2937.641
 17   3    922.0    317.0   0.4839   0.6049   0.8000   1.5446 -2943.312
 17   4    924.3    314.7   0.4789   0.5986   0.8000   1.5278 -2926.169
 17   5    925.5    313.5   0.4767   0.5959   0.8000   1.5205 -2926.388
 17   6    925.5    313.5   0.4767   0.5959   0.8000   1.5205 -2926.388
 17   7    924.8    314.2   0.4875   0.6094   0.8000   1.5553 -2940.764
 17   8    924.8    314.2   0.4875   0.6094   0.8000   1.5553 -2940.764
 17   9    924.2    314.8   0.4600   0.5750   0.8000   1.4676 -2912.272
 17  10    923.7    315.3   0.4506   0.5632   0.8000   1.4377 -2901.619
 17  11    923.7    315.3   0.4491   0.5614   0.8000   1.4331 -2900.338
 17  12    922.8    316.2   0.2615   0.3268   0.8000   0.8345 -2607.051
 17  13    918.4    320.6   0.0512   0.0640   0.8000   0.1635 -1992.120
 17  14    920.1    318.9   0.0273   0.0342   0.8000   0.0873 -1864.135
 17  15    919.2    319.8   0.0007   0.0009   0.8000   0.0024 -1684.851
 17  16    919.0    320.0   0.0000   0.0000   0.8000   0.0000 -1676.046
 18   1    928.9    310.1   0.4717   0.5897   0.8000   1.5038 -2912.139
 18   2    930.5    308.5   0.5179   0.6474   0.8000   1.6504 -2947.472
 18   3    924.8    314.2   0.4916   0.6145   0.8000   1.5682 -2941.251
 18   4    927.2    311.8   0.4776   0.5970   0.8000   1.5230 -2919.771
 18   5    928.4    310.6   0.4994   0.6243   0.8000   1.5922 -2936.393
 18   6    928.4    310.6   0.4994   0.6243   0.8000   1.5922 -2936.393
 18   7    927.8    311.2   0.5101   0.6377   0.8000   1.6265 -2951.133
 18   8    927.8    311.2   0.5101   0.6377   0.8000   1.6265 -2951.133
 18   9    927.0    312.0   0.4943   0.6179   0.8000   1.5762 -2940.910
 18  10    926.6    312.4   0.4975   0.6219   0.8000   1.5867 -2942.736
 18  11    926.6    312.4   0.4960   0.6200   0.8000   1.5818 -2941.529
 18  12    925.6    313.4   0.2687   0.3359   0.8000   0.8570 -2626.586
 18  13    921.1    317.9   0.2736   0.3420   0.8000   0.8734 -2632.045
 18  14    922.9    316.1   0.2796   0.3495   0.8000   0.8922 -2641.488
 18  15    921.9    317.1   0.2698   0.3373   0.8000   0.8612 -2623.961
 18  16    921.8    317.2   0.2687   0.3358   0.8000   0.8575 -2622.086
 18  17    921.8    317.2   0.2687   0.3358   0.8000   0.8575 -2622.086
 19   1    932.6    306.4   0.4656   0.5820   0.8000   1.4831 -2894.159
 19   2    934.2    304.8   0.4815   0.6018   0.8000   1.5332 -2902.727
 19   3    928.6    310.4   0.5010   0.6262   0.8000   1.5971 -2935.845
 19   4    930.9    308.1   0.4810   0.6012   0.8000   1.5327 -2911.634
 19   5    932.1    306.9   0.4741   0.5927   0.8000   1.5105 -2903.308
 19   6    932.1    306.9   0.4741   0.5927   0.8000   1.5105 -2903.308
 19   7    931.5    307.5   0.4919   0.6149   0.8000   1.5673 -2924.411
 19   8    931.5    307.5   0.4919   0.6149   0.8000   1.5673 -2924.411
 19   9    930.8    308.2   0.4812   0.6015   0.8000   1.5333 -2912.848
 19  10    930.3    308.7   0.4603   0.5753   0.8000   1.4668 -2892.265
 19  11    930.3    308.7   0.4588   0.5735   0.8000   1.4621 -2891.044
 19  12    929.4    309.6   0.2687   0.3358   0.8000   0.8563 -2615.590
 19  13    925.0    314.0   0.2732   0.3415   0.8000   0.8714 -2626.672
 19  14    926.7    312.3   0.2709   0.3386   0.8000   0.8639 -2618.936
 19  15    925.8    313.2   0.2578   0.3223   0.8000   0.8224 -2597.632
 19  16    925.6    313.4   0.2567   0.3209   0.8000   0.8187 -2595.716
 19  17    925.6    313.4   0.2567   0.3209   0.8000   0.8187 -2595.716
 19  18    928.4    310.6   0.2172   0.2715   0.8000   0.6924 -2496.490
 20   1    931.9    307.1   0.4399   0.5499   0.8000   1.4015 -2873.089
 20   2    933.5    305.5   0.4586   0.5733   0.8000   1.4606 -2889.875
 20   3    927.9    311.1   0.4620   0.5774   0.8000   1.4729 -2904.624
 20   4    930.3    308.7   0.4251   0.5313   0.8000   1.3546 -2857.778
 20   5    931.5    307.5   0.4420   0.5525   0.8000   1.4084 -2876.421
 20   6    931.5    307.5   0.4420   0.5525   0.8000   1.4084 -2876.421
 20   7    930.8    308.2   0.4458   0.5572   0.8000   1.4205 -2887.161
 20   8    930.8    308.2   0.4458   0.5572   0.8000   1.4205 -2887.161
 20   9    930.1    308.9   0.4200   0.5250   0.8000   1.3385 -2863.867
 20  10    929.6    309.4   0.4416   0.5520   0.8000   1.4074 -2884.317
 20  11    929.6    309.4   0.4401   0.5502   0.8000   1.4028 -2883.036
 20  12    928.7    310.3   0.3697   0.4621   0.8000   1.1785 -2784.298
 20  13    924.3    314.7   0.3702   0.4627   0.8000   1.1811 -2793.800
 20  14    926.0    313.0   0.3622   0.4528   0.8000   1.1552 -2782.041
 20  15    925.1    313.9   0.3547   0.4433   0.8000   1.1314 -2773.599
 20  16    924.9    314.1   0.3533   0.4416   0.8000   1.1270 -2772.009
 20  17    924.9    314.1   0.3533   0.4416   0.8000   1.1270 -2772.009
 20  18    927.7    311.3   0.3479   0.4349   0.8000   1.1093 -2753.329
 20  19    931.5    307.5   0.3508   0.4385   0.8000   1.1178 -2750.412
 21   1    929.8    309.2   0.4460   0.5575   0.8000   1.4216 -2884.940
 21   2    931.3    307.7   0.4654   0.5818   0.8000   1.4829 -2892.936
 21   3    925.7    313.3   0.4922   0.6152   0.8000   1.5699 -2939.258
 21   4    928.0    311.0   0.4703   0.5879   0.8000   1.4994 -2913.946
 21   5    929.1    309.9   0.4522   0.5653   0.8000   1.4414 -2892.933
 21   6    929.1    309.9   0.4522   0.5653   0.8000   1.4414 -2892.933
 21   7    928.5    310.5   0.4535   0.5668   0.8000   1.4457 -2896.356
 21   8    928.5    310.5   0.4535   0.5668   0.8000   1.4457 -2896.356
 21   9    927.8    311.2   0.4454   0.5568   0.8000   1.4201 -2893.212
 21  10    927.4    311.6   0.4585   0.5731   0.8000   1.4620 -2903.934
 21  11    927.4    311.6   0.4584   0.5730   0.8000   1.4618 -2904.081
 21  12    926.6    312.4   0.3909   0.4886   0.8000   1.2465 -2822.473
 21  13    922.2    316.8   0.3844   0.4805   0.8000   1.2270 -2826.354
 21  14    923.9    315.1   0.3823   0.4779   0.8000   1.2198 -2820.631
 21  15    923.0    316.0   0.3841   0.4801   0.8000   1.2258 -2824.695
 21  16    922.8    316.2   0.3827   0.4783   0.8000   1.2212 -2823.210
 21  17    922.8    316.2   0.3827   0.4783   0.8000   1.2212 -2823.210
 21  18    925.5    313.5   0.3920   0.4901   0.8000   1.2505 -2822.443
 21  19    929.4    309.6   0.3745   0.4681   0.8000   1.1937 -2791.187
 21  20    928.7    310.3   0.2692   0.3366   0.8000   0.8583 -2624.608
 22   1    932.8    306.2   0.4273   0.5341   0.8000   1.3612 -2857.622
 22   2    934.3    304.7   0.4434   0.5543   0.8000   1.4120 -2867.107
 22   3    928.8    310.2   0.4491   0.5614   0.8000   1.4317 -2896.491
 22   4    931.1    307.9   0.4387   0.5484   0.8000   1.3978 -2871.393
 22   5    932.3    306.7   0.4479   0.5599   0.8000   1.4269 -2881.827
 22   6    932.3    306.7   0.4479   0.5599   0.8000   1.4269 -2881.827
 22   7    931.6    307.4   0.4314   0.5393   0.8000   1.3745 -2872.971
 22   8    931.6    307.4   0.4314   0.5393   0.8000   1.3745 -2872.971
 22   9    930.9    308.1   0.4348   0.5435   0.8000   1.3855 -2874.943
 22  10    930.5    308.5   0.4408   0.5510   0.8000   1.4046 -2881.922
 22  11    930.5    308.5   0.4407   0.5509   0.8000   1.4044 -2882.029
 22  12    929.5    309.5   0.3781   0.4727   0.8000   1.2053 -2799.305
 22  13    925.0    314.0   0.3615   0.4518   0.8000   1.1531 -2788.000
 22  14    926.8    312.2   0.3690   0.4612   0.8000   1.1767 -2796.025
 22  15    925.8    313.2   0.3614   0.4518   0.8000   1.1528 -2788.881
 22  16    925.7    313.3   0.3600   0.4500   0.8000   1.1484 -2787.292
 22  17    925.7    313.3   0.3600   0.4500   0.8000   1.1484 -2787.292
 22  18    928.5    310.5   0.3565   0.4456   0.8000   1.1365 -2766.462
 22  19    932.3    306.7   0.3698   0.4623   0.8000   1.1782 -2777.579
 22  20    931.6    307.4   0.2406   0.3008   0.8000   0.7667 -2553.077
 22  21    929.5    309.5   0.3008   0.3760   0.8000   0.9588 -2673.817
 23   1    932.7    306.3   0.4401   0.5501   0.8000   1.4018 -2872.344
 23   2    934.1    304.9   0.4470   0.5588   0.8000   1.4236 -2869.890
 23   3    928.6    310.4   0.4486   0.5607   0.8000   1.4299 -2895.278
 23   4    930.9    308.1   0.4456   0.5569   0.8000   1.4198 -2879.316
 23   5    932.1    306.9   0.4510   0.5638   0.8000   1.4369 -2886.619
 23   6    932.1    306.9   0.4510   0.5638   0.8000   1.4369 -2886.619
 23   7    931.4    307.6   0.4392   0.5490   0.8000   1.3995 -2881.385
 23   8    931.4    307.6   0.4392   0.5490   0.8000   1.3995 -2881.385
 23   9    930.8    308.2   0.4391   0.5489   0.8000   1.3992 -2879.983
 23  10    930.3    308.7   0.4482   0.5602   0.8000   1.4282 -2890.536
 23  11    930.3    308.7   0.4481   0.5601   0.8000   1.4280 -2890.654
 23  12    929.3    309.7   0.3795   0.4743   0.8000   1.2095 -2801.542
 23  13    924.9    314.1   0.3737   0.4671   0.8000   1.1922 -2803.989
 23  14    926.7    312.3   0.3703   0.4629   0.8000   1.1809 -2799.183
 23  15    925.7    313.3   0.3671   0.4589   0.8000   1.1709 -2795.336
 23  16    925.6    313.4   0.3657   0.4571   0.8000   1.1665 -2793.772
 23  17    925.6    313.4   0.3657   0.4571   0.8000   1.1665 -2793.772
 23  18    928.3    310.7   0.3629   0.4536   0.8000   1.1569 -2773.587
 23  19    932.1    306.9   0.3697   0.4621   0.8000   1.1778 -2777.167
 23  20    931.5    307.5   0.2457   0.3072   0.8000   0.7830 -2566.281
 23  21    929.3    309.7   0.2978   0.3722   0.8000   0.9491 -2670.427
 23  22    932.1    306.9   0.0189   0.0236   0.8000   0.0602 -1804.453
 24   1    933.1    305.9   0.4500   0.5625   0.8000   1.4334 -2880.754
 24   2    934.5    304.5   0.4527   0.5659   0.8000   1.4416 -2882.078
 24   3    929.0    310.0   0.4299   0.5374   0.8000   1.3704 -2872.578
 24   4    931.3    307.7   0.4499   0.5623   0.8000   1.4334 -2884.554
 24   5    932.5    306.5   0.4281   0.5352   0.8000   1.3638 -2862.944
 24   6    932.5    306.5   0.4281   0.5352   0.8000   1.3638 -2862.944
 24   7    931.8    307.2   0.4445   0.5557   0.8000   1.4163 -2882.030
 24   8    931.8    307.2   0.4445   0.5557   0.8000   1.4163 -2882.030
 24   9    931.2    307.8   0.4059   0.5073   0.8000   1.2932 -2845.909
 24  10    930.7    308.3   0.4376   0.5471   0.8000   1.3946 -2874.270
 24  11    930.7    308.3   0.4376   0.5470   0.8000   1.3944 -2874.408
 24  12    929.8    309.2   0.3525   0.4406   0.8000   1.1234 -2769.435
 24  13    925.4    313.6   0.3718   0.4648   0.8000   1.1860 -2801.628
 24  14    927.1    311.9   0.3772   0.4716   0.8000   1.2030 -2806.736
 24  15    926.2    312.8   0.3712   0.4640   0.8000   1.1839 -2803.179
 24  16    926.0    313.0   0.3698   0.4622   0.8000   1.1794 -2801.595
 24  17    926.0    313.0   0.3698   0.4622   0.8000   1.1794 -2801.595
 24  18    928.8    310.2   0.3719   0.4649   0.8000   1.1857 -2791.220
 24  19    932.6    306.4   0.3642   0.4553   0.8000   1.1603 -2771.495
 24  20    931.9    307.1   0.2682   0.3352   0.8000   0.8543 -2618.601
 24  21    929.8    309.2   0.2999   0.3749   0.8000   0.9559 -2677.829
 24  22    932.6    306.4   0.2291   0.2864   0.8000   0.7299 -2528.178
 24  23    932.5    306.5   0.2347   0.2934   0.8000   0.7477 -2538.799
 25   1    932.3    306.7   0.4344   0.5430   0.8000   1.3839 -2863.795
 25   2    933.9    305.1   0.4428   0.5535   0.8000   1.4103 -2872.942
 25   3    928.3    310.7   0.4507   0.5634   0.8000   1.4370 -2897.278
 25   4    930.7    308.3   0.4515   0.5643   0.8000   1.4387 -2889.467
 25   5    931.9    307.1   0.4176   0.5220   0.8000   1.3304 -2850.339
 25   6    931.9    307.1   0.4176   0.5220   0.8000   1.3304 -2850.339
 25   7    931.3    307.7   0.4243   0.5303   0.8000   1.3518 -2861.116
 25   8    931.3    307.7   0.4243   0.5303   0.8000   1.3518 -2861.116
 25   9    930.5    308.5   0.4093   0.5116   0.8000   1.3044 -2846.128
 25  10    930.0    309.0   0.4219   0.5274   0.8000   1.3447 -2860.310
 25  11    930.0    309.0   0.4219   0.5273   0.8000   1.3445 -2860.396
 25  12    929.0    310.0   0.4101   0.5126   0.8000   1.3071 -2844.642
 25  13    924.5    314.5   0.3833   0.4791   0.8000   1.2229 -2819.600
 25  14    926.3    312.7   0.3759   0.4698   0.8000   1.1987 -2808.997
 25  15    925.3    313.7   0.3701   0.4626   0.8000   1.1805 -2805.275
 25  16    925.2    313.8   0.3686   0.4608   0.8000   1.1759 -2803.678
 25  17    925.2    313.8   0.3686   0.4608   0.8000   1.1759 -2803.678
 25  18    928.1    310.9   0.3758   0.4697   0.8000   1.1980 -2800.765
 25  19    931.8    307.2   0.3591   0.4489   0.8000   1.1442 -2770.054
 25  20    931.2    307.8   0.2827   0.3534   0.8000   0.9007 -2648.783
 25  21    928.9    310.1   0.2893   0.3617   0.8000   0.9223 -2661.906
 25  22    931.8    307.2   0.2317   0.2896   0.8000   0.7381 -2540.201
 25  23    931.7    307.3   0.2322   0.2903   0.8000   0.7399 -2543.760
 25  24    932.1    306.9   0.1709   0.2136   0.8000   0.5443 -2377.803
 26   1    931.3    307.7   0.4561   0.5701   0.8000   1.4533 -2887.103
 26   2    932.7    306.3   0.4099   0.5124   0.8000   1.3058 -2828.607
 26   3    927.2    311.8   0.4425   0.5531   0.8000   1.4109 -2883.063
 26   4    929.5    309.5   0.4604   0.5755   0.8000   1.4676 -2895.902
 26   5    930.6    308.4   0.4144   0.5180   0.8000   1.3205 -2855.212
 26   6    930.6    308.4   0.4144   0.5180   0.8000   1.3205 -2855.212
 26   7    929.9    309.1   0.4440   0.5550   0.8000   1.4152 -2886.772
 26   8    929.9    309.1   0.4440   0.5550   0.8000   1.4152 -2886.772
 26   9    929.3    309.7   0.4151   0.5189   0.8000   1.3232 -2858.400
 26  10    928.8    310.2   0.4124   0.5155   0.8000   1.3147 -2855.333
 26  11    928.8    310.2   0.4097   0.5121   0.8000   1.3059 -2852.970
 26  12    928.1    310.9   0.3730   0.4662   0.8000   1.1891 -2795.714
 26  13    923.7    315.3   0.3915   0.4893   0.8000   1.2491 -2825.484
 26  14    925.4    313.6   0.3889   0.4862   0.8000   1.2407 -2820.656
 26  15    924.5    314.5   0.3774   0.4718   0.8000   1.2042 -2807.592
 26  16    924.3    314.7   0.3760   0.4700   0.8000   1.1997 -2806.087
 26  17    924.3    314.7   0.3760   0.4700   0.8000   1.1997 -2806.087
 26  18    927.0    312.0   0.3838   0.4797   0.8000   1.2239 -2806.528
 26  19    930.8    308.2   0.3661   0.4576   0.8000   1.1665 -2772.510
 26  20    930.1    308.9   0.2818   0.3522   0.8000   0.8981 -2654.869
 26  21    928.1    310.9   0.2752   0.3440   0.8000   0.8775 -2639.763
 26  22    930.9    308.1   0.2722   0.3403   0.8000   0.8674 -2614.119
 26  23    930.8    308.2   0.2792   0.3489   0.8000   0.8895 -2627.125
 26  24    931.2    307.8   0.2720   0.3400   0.8000   0.8668 -2621.296
 26  25    930.4    308.6   0.2778   0.3472   0.8000   0.8852 -2636.685
 27   1    931.3    307.7   0.4561   0.5701   0.8000   1.4533 -2887.103
 27   2    932.7    306.3   0.4099   0.5124   0.8000   1.3058 -2828.607
 27   3    927.2    311.8   0.4425   0.5531   0.8000   1.4109 -2883.063
 27   4    929.5    309.5   0.4604   0.5755   0.8000   1.4676 -2895.902
 27   5    930.6    308.4   0.4144   0.5180   0.8000   1.3205 -2855.212
 27   6    930.6    308.4   0.4144   0.5180   0.8000   1.3205 -2855.212
 27   7    929.9    309.1   0.4440   0.5550   0.8000   1.4152 -2886.772
 27   8    929.9    309.1   0.4440   0.5550   0.8000   1.4152 -2886.772
 27   9    929.3    309.7   0.4151   0.5189   0.8000   1.3232 -2858.400
 27  10    928.8    310.2   0.4124   0.5155   0.8000   1.3147 -2855.333
 27  11    928.8    310.2   0.4097   0.5121   0.8000   1.3059 -2852.970
 27  12    928.1    310.9   0.3730   0.4662   0.8000   1.1891 -2795.714
 27  13    923.7    315.3   0.3915   0.4893   0.8000   1.2491 -2825.484
 27  14    925.4    313.6   0.3889   0.4862   0.8000   1.2407 -2820.656
 27  15    924.5    314.5   0.3774   0.4718   0.8000   1.2042 -2807.592
 27  16    924.3    314.7   0.3760   0.4700   0.8000   1.1997 -2806.087
 27  17    924.3    314.7   0.3760   0.4700   0.8000   1.1997 -2806.087
 27  18    927.0    312.0   0.3838   0.4797   0.8000   1.2239 -2806.528
 27  19    930.8    308.2   0.3661   0.4576   0.8000   1.1665 -2772.510
 27  20    930.1    308.9   0.2818   0.3522   0.8000   0.8981 -2654.869
 27  21    928.1    310.9   0.2752   0.3440   0.8000   0.8775 -2639.763
 27  22    930.9    308.1   0.2722   0.3403   0.8000   0.8674 -2614.119
 27  23    930.8    308.2   0.2792   0.3489   0.8000   0.8895 -2627.125
 27  24    931.2    307.8   0.2720   0.3400   0.8000   0.8668 -2621.296
 27  25    930.4    308.6   0.2778   0.3472   0.8000   0.8852 -2636.685
 27  26    929.6    309.4   0.0000   0.0000   0.8000   0.0000 -1662.232
 28   1    930.0    309.0   0.4535   0.5669   0.8000   1.4453 -2888.144
 28   2    931.5    307.5   0.4378   0.5472   0.8000   1.3949 -2873.579
 28   3    925.9    313.1   0.4536   0.5670   0.8000   1.4468 -2900.882
 28   4    928.3    310.7   0.4400   0.5500   0.8000   1.4027 -2882.828
 28   5    929.4    309.6   0.4475   0.5593   0.8000   1.4263 -2888.183
 28   6    929.4    309.6   0.4475   0.5593   0.8000   1.4263 -2888.183
 28   7    928.8    310.2   0.4401   0.5501   0.8000   1.4030 -2883.363
 28   8    928.8    310.2   0.4401   0.5501   0.8000   1.4030 -2883.363
 28   9    928.1    310.9   0.4343   0.5429   0.8000   1.3847 -2876.429
 28  10    927.6    311.4   0.4372   0.5465   0.8000   1.3941 -2876.782
 28  11    927.6    311.4   0.4372   0.5465   0.8000   1.3939 -2876.934
 28  12    926.9    312.1   0.3830   0.4788   0.8000   1.2215 -2804.058
 28  13    922.4    316.6   0.3957   0.4946   0.8000   1.2628 -2832.064
 28  14    924.2    314.8   0.3954   0.4942   0.8000   1.2614 -2825.450
 28  15    923.2    315.8   0.3858   0.4823   0.8000   1.2313 -2816.180
 28  16    923.1    315.9   0.3870   0.4837   0.8000   1.2349 -2818.038
 28  17    923.1    315.9   0.3870   0.4837   0.8000   1.2349 -2818.038
 28  18    925.8    313.2   0.4075   0.5094   0.8000   1.2999 -2834.961
 28  19    929.6    309.4   0.3996   0.4995   0.8000   1.2736 -2817.598
 28  20    928.9    310.1   0.3149   0.3936   0.8000   1.0038 -2703.933
 28  21    926.8    312.2   0.3174   0.3968   0.8000   1.0123 -2720.597
 28  22    929.8    309.2   0.3032   0.3790   0.8000   0.9663 -2684.912
 28  23    929.6    309.4   0.3089   0.3861   0.8000   0.9844 -2691.193
 28  24    930.0    309.0   0.3089   0.3861   0.8000   0.9844 -2693.748
 28  25    929.2    309.8   0.3218   0.4023   0.8000   1.0259 -2718.626
 28  26    928.3    310.7   0.3197   0.3996   0.8000   1.0193 -2710.963
 28  27    928.3    310.7   0.3197   0.3996   0.8000   1.0193 -2710.963
 29   1    930.9    308.1   0.4677   0.5847   0.8000   1.4905 -2902.595
 29   2    932.5    306.5   0.4479   0.5599   0.8000   1.4269 -2878.947
 29   3    926.9    312.1   0.4772   0.5966   0.8000   1.5219 -2927.634
 29   4    929.2    309.8   0.4825   0.6031   0.8000   1.5378 -2920.518
 29   5    930.4    308.6   0.4521   0.5651   0.8000   1.4407 -2892.850
 29   6    930.4    308.6   0.4521   0.5651   0.8000   1.4407 -2892.850
 29   7    929.7    309.3   0.4611   0.5764   0.8000   1.4696 -2905.210
 29   8    929.7    309.3   0.4611   0.5764   0.8000   1.4696 -2905.210
 29   9    929.0    310.0   0.4339   0.5424   0.8000   1.3833 -2879.584
 29  10    928.6    310.4   0.4361   0.5452   0.8000   1.3904 -2879.550
 29  11    928.6    310.4   0.4361   0.5451   0.8000   1.3901 -2879.697
 29  12    927.8    311.2   0.4098   0.5123   0.8000   1.3067 -2840.550
 29  13    923.3    315.7   0.4110   0.5137   0.8000   1.3114 -2857.333
 29  14    925.1    313.9   0.4165   0.5206   0.8000   1.3286 -2860.320
 29  15    924.1    314.9   0.4176   0.5220   0.8000   1.3324 -2862.707
 29  16    924.0    315.0   0.4162   0.5202   0.8000   1.3278 -2861.783
 29  17    924.0    315.0   0.4162   0.5202   0.8000   1.3278 -2861.783
 29  18    926.7    312.3   0.4306   0.5382   0.8000   1.3731 -2863.729
 29  19    930.5    308.5   0.4086   0.5108   0.8000   1.3022 -2822.976
 29  20    929.8    309.2   0.3182   0.3978   0.8000   1.0143 -2710.986
 29  21    927.7    311.3   0.3239   0.4049   0.8000   1.0329 -2725.184
 29  22    930.6    308.4   0.2796   0.3496   0.8000   0.8911 -2644.763
 29  23    930.5    308.5   0.2918   0.3647   0.8000   0.9298 -2666.160
 29  24    930.9    308.1   0.3164   0.3955   0.8000   1.0082 -2709.376
 29  25    930.1    308.9   0.3125   0.3906   0.8000   0.9959 -2703.625
 29  26    929.2    309.8   0.2989   0.3736   0.8000   0.9527 -2677.821
 29  27    929.2    309.8   0.2989   0.3736   0.8000   0.9527 -2677.821
 29  28    927.9    311.1   0.2343   0.2928   0.8000   0.7469 -2536.336
 30   1    930.9    308.1   0.4677   0.5847   0.8000   1.4905 -2902.595
 30   2    932.5    306.5   0.4479   0.5599   0.8000   1.4269 -2878.947
 30   3    926.9    312.1   0.4772   0.5966   0.8000   1.5219 -2927.634
 30   4    929.2    309.8   0.4825   0.6031   0.8000   1.5378 -2920.518
 30   5    930.4    308.6   0.4521   0.5651   0.8000   1.4407 -2892.850
 30   6    930.4    308.6   0.4521   0.5651   0.8000   1.4407 -2892.850
 30   7    929.7    309.3   0.4611   0.5764   0.8000   1.4696 -2905.210
 30   8    929.7    309.3   0.4611   0.5764   0.8000   1.4696 -2905.210
 30   9    929.0    310.0   0.4339   0.5424   0.8000   1.3833 -2879.584
 30  10    928.6    310.4   0.4361   0.5452   0.8000   1.3904 -2879.550
 30  11    928.6    310.4   0.4361   0.5451   0.8000   1.3901 -2879.697
 30  12    927.8    311.2   0.4098   0.5123   0.8000   1.3067 -2840.550
 30  13    923.3    315.7   0.4110   0.5137   0.8000   1.3114 -2857.333
 30  14    925.1    313.9   0.4165   0.5206   0.8000   1.3286 -2860.320
 30  15    924.1    314.9   0.4176   0.5220   0.8000   1.3324 -2862.707
 30  16    924.0    315.0   0.4162   0.5202   0.8000   1.3278 -2861.783
 30  17    924.0    315.0   0.4162   0.5202   0.8000   1.3278 -2861.783
 30  18    926.7    312.3   0.4306   0.5382   0.8000   1.3731 -2863.729
 30  19    930.5    308.5   0.4086   0.5108   0.8000   1.3022 -2822.976
 30  20    929.8    309.2   0.3182   0.3978   0.8000   1.0143 -2710.986
 30  21    927.7    311.3   0.3239   0.4049   0.8000   1.0329 -2725.184
 30  22    930.6    308.4   0.2796   0.3496   0.8000   0.8911 -2644.763
 30  23    930.5    308.5   0.2918   0.3647   0.8000   0.9298 -2666.160
 30  24    930.9    308.1   0.3164   0.3955   0.8000   1.0082 -2709.376
 30  25    930.1    308.9   0.3125   0.3906   0.8000   0.9959 -2703.625
 30  26    929.2    309.8   0.2989   0.3736   0.8000   0.9527 -2677.821
 30  27    929.2    309.8   0.2989   0.3736   0.8000   0.9527 -2677.821
 30  28    927.9    311.1   0.2343   0.2928   0.8000   0.7469 -2536.336
 30  29    928.9    310.1   0.0000   0.0000   0.8000   0.0000 -1663.439
 31   1    931.2    307.8   0.4882   0.6102   0.8000   1.5555 -2919.470
 31   2    932.7    306.3   0.4778   0.5973   0.8000   1.5220 -2909.302
 31   3    927.2    311.8   0.5004   0.6255   0.8000   1.5958 -2942.609
 31   4    929.5    309.5   0.4948   0.6186   0.8000   1.5772 -2930.133
 31   5    930.6    308.4   0.5012   0.6265   0.8000   1.5972 -2936.182
 31   6    930.6    308.4   0.5012   0.6265   0.8000   1.5972 -2936.182
 31   7    930.0    309.0   0.5016   0.6269   0.8000   1.5985 -2936.536
 31   8    930.0    309.0   0.5016   0.6269   0.8000   1.5985 -2936.536
 31   9    929.3    309.7   0.4831   0.6039   0.8000   1.5399 -2925.474
 31  10    928.8    310.2   0.5126   0.6407   0.8000   1.6340 -2944.544
 31  11    928.8    310.2   0.5125   0.6407   0.8000   1.6338 -2944.688
 31  12    928.0    311.0   0.3993   0.4991   0.8000   1.2731 -2821.348
 31  13    923.6    315.4   0.3998   0.4997   0.8000   1.2756 -2836.359
 31  14    925.3    313.7   0.3898   0.4873   0.8000   1.2435 -2820.695
 31  15    924.4    314.6   0.3873   0.4841   0.8000   1.2355 -2817.738
 31  16    924.2    314.8   0.3858   0.4823   0.8000   1.2309 -2816.218
 31  17    924.2    314.8   0.3858   0.4823   0.8000   1.2309 -2816.218
 31  18    927.0    312.0   0.4095   0.5119   0.8000   1.3058 -2837.358
 31  19    930.8    308.2   0.3884   0.4855   0.8000   1.2376 -2805.283
 31  20    930.1    308.9   0.3341   0.4177   0.8000   1.0649 -2727.935
 31  21    928.0    311.0   0.3254   0.4067   0.8000   1.0374 -2719.980
 31  22    930.8    308.2   0.3332   0.4165   0.8000   1.0617 -2722.746
 31  23    930.7    308.3   0.3338   0.4172   0.8000   1.0636 -2724.870
 31  24    931.1    307.9   0.3397   0.4246   0.8000   1.0824 -2739.097
 31  25    930.4    308.6   0.3471   0.4338   0.8000   1.1060 -2754.195
 31  26    929.4    309.6   0.3075   0.3843   0.8000   0.9800 -2689.882
 31  27    929.4    309.6   0.3075   0.3843   0.8000   0.9800 -2689.882
 31  28    928.2    310.8   0.2406   0.3007   0.8000   0.7670 -2548.038
 31  29    929.1    309.9   0.2534   0.3168   0.8000   0.8079 -2573.122
 31  30    929.1    309.9   0.2534   0.3168   0.8000   0.8079 -2573.122
 32   1    933.8    305.2   0.4697   0.5871   0.8000   1.4958 -2897.918
 32   2    935.4    303.6   0.4543   0.5679   0.8000   1.4463 -2879.834
 32   3    929.8    309.2   0.4879   0.6099   0.8000   1.5551 -2931.316
 32   4    932.2    306.8   0.4819   0.6024   0.8000   1.5353 -2915.618
 32   5    933.4    305.6   0.4968   0.6210   0.8000   1.5822 -2929.948
 32   6    933.4    305.6   0.4968   0.6210   0.8000   1.5822 -2929.948
 32   7    932.8    306.2   0.4980   0.6225   0.8000   1.5864 -2932.571
 32   8    932.8    306.2   0.4980   0.6225   0.8000   1.5864 -2932.571
 32   9    932.1    306.9   0.4838   0.6047   0.8000   1.5412 -2924.399
 32  10    931.6    307.4   0.4950   0.6188   0.8000   1.5772 -2930.888
 32  11    931.6    307.4   0.4949   0.6187   0.8000   1.5769 -2930.999
 32  12    930.5    308.5   0.4064   0.5080   0.8000   1.2951 -2831.682
 32  13    926.0    313.0   0.3974   0.4967   0.8000   1.2674 -2830.400
 32  14    927.8    311.2   0.3859   0.4824   0.8000   1.2303 -2811.850
 32  15    926.9    312.1   0.3928   0.4910   0.8000   1.2527 -2822.843
 32  16    926.7    312.3   0.3913   0.4892   0.8000   1.2480 -2821.277
 32  17    926.7    312.3   0.3913   0.4892   0.8000   1.2480 -2821.277
 32  18    929.6    309.4   0.4087   0.5109   0.8000   1.3027 -2831.481
 32  19    933.3    305.7   0.3978   0.4973   0.8000   1.2672 -2812.880
 32  20    932.7    306.3   0.3273   0.4091   0.8000   1.0426 -2720.620
 32  21    930.5    308.5   0.3435   0.4294   0.8000   1.0946 -2747.616
 32  22    933.3    305.7   0.2933   0.3667   0.8000   0.9343 -2664.248
 32  23    933.2    305.8   0.2969   0.3712   0.8000   0.9458 -2671.352
 32  24    933.6    305.4   0.3084   0.3854   0.8000   0.9821 -2689.323
 32  25    933.0    306.0   0.3120   0.3900   0.8000   0.9939 -2702.279
 32  26    931.9    307.1   0.3069   0.3836   0.8000   0.9778 -2685.214
 32  27    931.9    307.1   0.3069   0.3836   0.8000   0.9778 -2685.214
 32  28    930.8    308.2   0.2268   0.2835   0.8000   0.7227 -2522.006
 32  29    931.7    307.3   0.2278   0.2848   0.8000   0.7258 -2522.352
 32  30    931.7    307.3   0.2278   0.2848   0.8000   0.7258 -2522.352
 32  31    931.9    307.1   0.2021   0.2527   0.8000   0.6439 -2451.650
 33   1    930.9    308.1   0.4201   0.5252   0.8000   1.3388 -2858.026
 33   2    932.3    306.7   0.4317   0.5396   0.8000   1.3753 -2862.708
 33   3    926.8    312.2   0.4392   0.5490   0.8000   1.4006 -2888.827
 33   4    929.1    309.9   0.4432   0.5540   0.8000   1.4127 -2889.867
 33   5    930.2    308.8   0.4200   0.5250   0.8000   1.3386 -2853.904
 33   6    930.2    308.8   0.4200   0.5250   0.8000   1.3386 -2853.904
 33   7    929.5    309.5   0.4180   0.5225   0.8000   1.3324 -2854.705
 33   8    929.5    309.5   0.4180   0.5225   0.8000   1.3324 -2854.705
 33   9    928.9    310.1   0.4149   0.5187   0.8000   1.3227 -2854.437
 33  10    928.4    310.6   0.4297   0.5371   0.8000   1.3698 -2871.644
 33  11    928.4    310.6   0.4296   0.5370   0.8000   1.3696 -2871.826
 33  12    927.7    311.3   0.3958   0.4947   0.8000   1.2618 -2820.635
 33  13    923.4    315.6   0.3818   0.4773   0.8000   1.2184 -2816.346
 33  14    925.1    313.9   0.3796   0.4745   0.8000   1.2110 -2809.275
 33  15    924.1    314.9   0.3765   0.4706   0.8000   1.2012 -2806.655
 33  16    924.0    315.0   0.3751   0.4689   0.8000   1.1970 -2805.646
 33  17    924.0    315.0   0.3751   0.4689   0.8000   1.1970 -2805.646
 33  18    926.6    312.4   0.3933   0.4917   0.8000   1.2544 -2818.446
 33  19    930.5    308.5   0.3750   0.4687   0.8000   1.1949 -2789.727
 33  20    929.8    309.2   0.2798   0.3498   0.8000   0.8919 -2637.651
 33  21    927.7    311.3   0.2917   0.3647   0.8000   0.9302 -2661.826
 33  22    930.6    308.4   0.2746   0.3432   0.8000   0.8750 -2630.159
 33  23    930.5    308.5   0.2803   0.3504   0.8000   0.8933 -2640.014
 33  24    930.9    308.1   0.2570   0.3212   0.8000   0.8188 -2598.922
 33  25    930.0    309.0   0.2697   0.3371   0.8000   0.8595 -2619.611
 33  26    929.2    309.8   0.2652   0.3315   0.8000   0.8453 -2616.751
 33  27    929.2    309.8   0.2652   0.3315   0.8000   0.8453 -2616.751
 33  28    927.9    311.1   0.2965   0.3706   0.8000   0.9453 -2666.700
 33  29    928.8    310.2   0.3159   0.3948   0.8000   1.0069 -2697.416
 33  30    928.8    310.2   0.3159   0.3948   0.8000   1.0069 -2697.416
 33  31    929.1    309.9   0.2967   0.3709   0.8000   0.9459 -2667.624
 33  32    931.6    307.4   0.3091   0.3864   0.8000   0.9849 -2694.450
 34   1    930.9    308.1   0.4201   0.5252   0.8000   1.3388 -2858.026
 34   2    932.3    306.7   0.4317   0.5396   0.8000   1.3753 -2862.708
 34   3    926.8    312.2   0.4392   0.5490   0.8000   1.4006 -2888.827
 34   4    929.1    309.9   0.4432   0.5540   0.8000   1.4127 -2889.867
 34   5    930.2    308.8   0.4200   0.5250   0.8000   1.3386 -2853.904
 34   6    930.2    308.8   0.4200   0.5250   0.8000   1.3386 -2853.904
 34   7    929.5    309.5   0.4180   0.5225   0.8000   1.3324 -2854.705
 34   8    929.5    309.5   0.4180   0.5225   0.8000   1.3324 -2854.705
 34   9    928.9    310.1   0.4149   0.5187   0.8000   1.3227 -2854.437
 34  10    928.4    310.6   0.4297   0.5371   0.8000   1.3698 -2871.644
 34  11    928.4    310.6   0.4296   0.5370   0.8000   1.3696 -2871.826
 34  12    927.7    311.3   0.3958   0.4947   0.8000   1.2618 -2820.635
 34  13    923.4    315.6   0.3818   0.4773   0.8000   1.2184 -2816.346
 34  14    925.1    313.9   0.3796   0.4745   0.8000   1.2110 -2809.275
 34  15    924.1    314.9   0.3765   0.4706   0.8000   1.2012 -2806.655
 34  16    924.0    315.0   0.3751   0.4689   0.8000   1.1970 -2805.646
 34  17    924.0    315.0   0.3751   0.4689   0.8000   1.1970 -2805.646
 34  18    926.6    312.4   0.3933   0.4917   0.8000   1.2544 -2818.446
 34  19    930.5    308.5   0.3750   0.4687   0.8000   1.1949 -2789.727
 34  20    929.8    309.2   0.2798   0.3498   0.8000   0.8919 -2637.651
 34  21    927.7    311.3   0.2917   0.3647   0.8000   0.9302 -2661.826
 34  22    930.6    308.4   0.2746   0.3432   0.8000   0.8750 -2630.159
 34  23    930.5    308.5   0.2803   0.3504   0.8000   0.8933 -2640.014
 34  24    930.9    308.1   0.2570   0.3212   0.8000   0.8188 -2598.922
 34  25    930.0    309.0   0.2697   0.3371   0.8000   0.8595 -2619.611
 34  26    929.2    309.8   0.2652   0.3315   0.8000   0.8453 -2616.751
 34  27    929.2    309.8   0.2652   0.3315   0.8000   0.8453 -2616.751
 34  28    927.9    311.1   0.2965   0.3706   0.8000   0.9453 -2666.700
 34  29    928.8    310.2   0.3159   0.3948   0.8000   1.0069 -2697.416
 34  30    928.8    310.2   0.3159   0.3948   0.8000   1.0069 -2697.416
 34  31    929.1    309.9   0.2967   0.3709   0.8000   0.9459 -2667.624
 34  32    931.6    307.4   0.3091   0.3864   0.8000   0.9849 -2694.450
 34  33    928.9    310.1   0.0000   0.0000   0.8000   0.0000 -1663.239
 35   1    931.5    307.5   0.4857   0.6072   0.8000   1.5476 -2922.545
 35   2    933.0    306.0   0.4433   0.5542   0.8000   1.4121 -2869.118
 35   3    927.4    311.6   0.4687   0.5858   0.8000   1.4944 -2914.023
 35   4    929.7    309.3   0.4804   0.6006   0.8000   1.5313 -2922.759
 35   5    930.9    308.1   0.4568   0.5710   0.8000   1.4555 -2895.321
 35   6    930.9    308.1   0.4568   0.5710   0.8000   1.4555 -2895.321
 35   7    930.2    308.8   0.4662   0.5827   0.8000   1.4856 -2907.731
 35   8    930.2    308.8   0.4662   0.5827   0.8000   1.4856 -2907.731
 35   9    929.5    309.5   0.4470   0.5587   0.8000   1.4247 -2889.922
 35  10    929.1    309.9   0.4590   0.5737   0.8000   1.4630 -2897.023
 35  11    929.1    309.9   0.4589   0.5736   0.8000   1.4628 -2897.191
 35  12    928.3    310.7   0.3856   0.4820   0.8000   1.2293 -2809.465
 35  13    923.9    315.1   0.3844   0.4804   0.8000   1.2264 -2822.251
 35  14    925.6    313.4   0.3983   0.4979   0.8000   1.2705 -2837.955
 35  15    924.7    314.3   0.3839   0.4799   0.8000   1.2247 -2822.399
 35  16    924.6    314.4   0.3824   0.4780   0.8000   1.2201 -2820.893
 35  17    924.6    314.4   0.3824   0.4780   0.8000   1.2201 -2820.893
 35  18    927.3    311.7   0.3857   0.4821   0.8000   1.2297 -2812.158
 35  19    931.1    307.9   0.3998   0.4997   0.8000   1.2739 -2819.897
 35  20    930.4    308.6   0.2860   0.3576   0.8000   0.9116 -2654.598
 35  21    928.3    310.7   0.3013   0.3767   0.8000   0.9607 -2681.448
 35  22    931.2    307.8   0.2720   0.3400   0.8000   0.8668 -2621.046
 35  23    931.0    308.0   0.2814   0.3517   0.8000   0.8967 -2636.519
 35  24    931.5    307.5   0.2740   0.3425   0.8000   0.8731 -2633.147
 35  25    930.7    308.3   0.2761   0.3452   0.8000   0.8800 -2638.861
 35  26    929.8    309.2   0.2836   0.3545   0.8000   0.9040 -2654.793
 35  27    929.8    309.2   0.2836   0.3545   0.8000   0.9040 -2654.793
 35  28    928.5    310.5   0.3210   0.4013   0.8000   1.0235 -2711.714
 35  29    929.4    309.6   0.3201   0.4002   0.8000   1.0204 -2703.593
 35  30    929.4    309.6   0.3201   0.4002   0.8000   1.0204 -2703.593
 35  31    929.7    309.3   0.3223   0.4029   0.8000   1.0273 -2706.668
 35  32    932.2    306.8   0.3242   0.4052   0.8000   1.0327 -2717.210
 35  33    929.4    309.6   0.2225   0.2781   0.8000   0.7091 -2516.600
 35  34    929.4    309.6   0.2225   0.2781   0.8000   0.7091 -2516.600
 36   1    931.8    307.2   0.4443   0.5553   0.8000   1.4154 -2879.526
 36   2    933.3    305.7   0.4449   0.5561   0.8000   1.4169 -2873.281
 36   3    927.7    311.3   0.4624   0.5780   0.8000   1.4742 -2911.315
 36   4    930.1    308.9   0.4674   0.5843   0.8000   1.4897 -2917.758
 36   5    931.2    307.8   0.4427   0.5533   0.8000   1.4105 -2884.029
 36   6    931.2    307.8   0.4427   0.5533   0.8000   1.4105 -2884.029
 36   7    930.5    308.5   0.4496   0.5620   0.8000   1.4328 -2894.118
 36   8    930.5    308.5   0.4496   0.5620   0.8000   1.4328 -2894.118
 36   9    929.9    309.1   0.4305   0.5381   0.8000   1.3719 -2872.340
 36  10    929.4    309.6   0.4521   0.5651   0.8000   1.4410 -2894.080
 36  11    929.4    309.6   0.4520   0.5650   0.8000   1.4408 -2894.265
 36  12    928.7    310.3   0.3837   0.4797   0.8000   1.2232 -2813.213
 36  13    924.3    314.7   0.3901   0.4876   0.8000   1.2447 -2833.697
 36  14    926.0    313.0   0.3991   0.4989   0.8000   1.2729 -2844.394
 36  15    925.1    313.9   0.3963   0.4954   0.8000   1.2643 -2843.403
 36  16    924.9    314.1   0.3948   0.4935   0.8000   1.2595 -2841.900
 36  17    924.9    314.1   0.3948   0.4935   0.8000   1.2595 -2841.900
 36  18    927.6    311.4   0.3787   0.4734   0.8000   1.2076 -2809.834
 36  19    931.4    307.6   0.3770   0.4713   0.8000   1.2013 -2794.037
 36  20    930.7    308.3   0.2824   0.3530   0.8000   0.8998 -2653.547
 36  21    928.6    310.4   0.2875   0.3593   0.8000   0.9164 -2661.835
 36  22    931.5    307.5   0.2809   0.3511   0.8000   0.8949 -2639.908
 36  23    931.4    307.6   0.2884   0.3604   0.8000   0.9188 -2653.989
 36  24    931.8    307.2   0.2666   0.3333   0.8000   0.8495 -2621.809
 36  25    931.0    308.0   0.2596   0.3245   0.8000   0.8271 -2612.324
 36  26    930.1    308.9   0.2870   0.3588   0.8000   0.9147 -2661.654
 36  27    930.1    308.9   0.2870   0.3588   0.8000   0.9147 -2661.654
 36  28    928.8    310.2   0.3197   0.3997   0.8000   1.0192 -2716.237
 36  29    929.8    309.2   0.3119   0.3899   0.8000   0.9941 -2702.928
 36  30    929.8    309.2   0.3119   0.3899   0.8000   0.9941 -2702.928
 36  31    930.0    309.0   0.3090   0.3863   0.8000   0.9849 -2695.828
 36  32    932.5    306.5   0.3029   0.3787   0.8000   0.9650 -2687.352
 36  33    929.8    309.2   0.2265   0.2831   0.8000   0.7219 -2525.228
 36  34    929.8    309.2   0.2265   0.2831   0.8000   0.7219 -2525.228
 36  35    930.3    308.7   0.2198   0.2748   0.8000   0.7006 -2515.868
 37   1    928.7    310.3   0.4539   0.5674   0.8000   1.4469 -2899.558
 37   2    930.2    308.8   0.4524   0.5655   0.8000   1.4417 -2887.816
 37   3    924.6    314.4   0.4416   0.5521   0.8000   1.4090 -2896.479
 37   4    926.9    312.1   0.4471   0.5589   0.8000   1.4257 -2903.232
 37   5    928.1    310.9   0.4462   0.5578   0.8000   1.4227 -2895.255
 37   6    928.1    310.9   0.4462   0.5578   0.8000   1.4227 -2895.255
 37   7    927.4    311.6   0.4526   0.5657   0.8000   1.4431 -2903.764
 37   8    927.4    311.6   0.4526   0.5657   0.8000   1.4431 -2903.764
 37   9    926.7    312.3   0.4280   0.5350   0.8000   1.3649 -2879.470
 37  10    926.3    312.7   0.4676   0.5845   0.8000   1.4912 -2918.956
 37  11    926.3    312.7   0.4675   0.5844   0.8000   1.4910 -2919.065
 37  12    925.4    313.6   0.3704   0.4630   0.8000   1.1816 -2799.896
 37  13    921.0    318.0   0.3910   0.4888   0.8000   1.2483 -2836.242
 37  14    922.7    316.3   0.3905   0.4881   0.8000   1.2462 -2834.976
 37  15    921.8    317.2   0.3734   0.4668   0.8000   1.1920 -2816.180
 37  16    921.6    317.4   0.3720   0.4650   0.8000   1.1874 -2814.604
 37  17    921.6    317.4   0.3720   0.4650   0.8000   1.1874 -2814.604
 37  18    924.4    314.6   0.3700   0.4625   0.8000   1.1806 -2806.216
 37  19    928.2    310.8   0.3781   0.4727   0.8000   1.2055 -2803.638
 37  20    927.5    311.5   0.2990   0.3737   0.8000   0.9533 -2683.258
 37  21    925.4    313.6   0.2889   0.3612   0.8000   0.9217 -2663.687
 37  22    928.3    310.7   0.2884   0.3605   0.8000   0.9195 -2657.395
 37  23    928.2    310.8   0.2975   0.3719   0.8000   0.9485 -2669.740
 37  24    928.6    310.4   0.2520   0.3150   0.8000   0.8035 -2600.449
 37  25    927.8    311.2   0.2748   0.3435   0.8000   0.8762 -2645.704
 37  26    926.9    312.1   0.2963   0.3703   0.8000   0.9448 -2675.646
 37  27    926.9    312.1   0.2963   0.3703   0.8000   0.9448 -2675.646
 37  28    925.6    313.4   0.3253   0.4066   0.8000   1.0375 -2726.759
 37  29    926.6    312.4   0.3160   0.3950   0.8000   1.0076 -2716.161
 37  30    926.6    312.4   0.3160   0.3950   0.8000   1.0076 -2716.161
 37  31    926.8    312.2   0.3149   0.3936   0.8000   1.0042 -2709.770
 37  32    929.3    309.7   0.3194   0.3993   0.8000   1.0181 -2716.197
 37  33    926.6    312.4   0.2049   0.2562   0.8000   0.6536 -2486.979
 37  34    926.6    312.4   0.2049   0.2562   0.8000   0.6536 -2486.979
 37  35    927.1    311.9   0.2253   0.2816   0.8000   0.7184 -2525.628
 37  36    927.5    311.5   0.1328   0.1660   0.8000   0.4235 -2281.545
 38   1    928.5    310.5   0.4637   0.5796   0.8000   1.4783 -2905.152
 38   2    930.0    309.0   0.4528   0.5660   0.8000   1.4431 -2888.398
 38   3    924.4    314.6   0.4368   0.5460   0.8000   1.3936 -2889.285
 38   4    926.7    312.3   0.4655   0.5819   0.8000   1.4846 -2920.822
 38   5    927.9    311.1   0.4616   0.5770   0.8000   1.4719 -2903.667
 38   6    927.9    311.1   0.4616   0.5770   0.8000   1.4719 -2903.667
 38   7    927.2    311.8   0.4463   0.5579   0.8000   1.4231 -2893.298
 38   8    927.2    311.8   0.4463   0.5579   0.8000   1.4231 -2893.298
 38   9    926.6    312.4   0.4307   0.5384   0.8000   1.3737 -2876.378
 38  10    926.1    312.9   0.4711   0.5888   0.8000   1.5024 -2918.424
 38  11    926.1    312.9   0.4681   0.5852   0.8000   1.4931 -2916.263
 38  12    925.3    313.7   0.3729   0.4661   0.8000   1.1895 -2796.892
 38  13    920.9    318.1   0.3945   0.4932   0.8000   1.2595 -2841.559
 38  14    922.6    316.4   0.3892   0.4865   0.8000   1.2420 -2835.145
 38  15    921.7    317.3   0.3879   0.4849   0.8000   1.2383 -2834.188
 38  16    921.5    317.5   0.3865   0.4831   0.8000   1.2338 -2832.689
 38  17    921.5    317.5   0.3865   0.4831   0.8000   1.2338 -2832.689
 38  18    924.2    314.8   0.3660   0.4576   0.8000   1.1679 -2795.627
 38  19    928.1    310.9   0.3679   0.4599   0.8000   1.1730 -2787.775
 38  20    927.4    311.6   0.3061   0.3826   0.8000   0.9760 -2689.319
 38  21    925.3    313.7   0.3025   0.3781   0.8000   0.9650 -2689.207
 38  22    928.2    310.8   0.2749   0.3436   0.8000   0.8763 -2635.672
 38  23    928.0    311.0   0.2852   0.3565   0.8000   0.9092 -2653.041
 38  24    928.5    310.5   0.2879   0.3599   0.8000   0.9178 -2656.193
 38  25    927.6    311.4   0.2743   0.3429   0.8000   0.8746 -2642.655
 38  26    926.8    312.2   0.3011   0.3763   0.8000   0.9601 -2684.640
 38  27    926.8    312.2   0.3011   0.3763   0.8000   0.9601 -2684.640
 38  28    925.5    313.5   0.3305   0.4132   0.8000   1.0544 -2735.828
 38  29    926.4    312.6   0.3139   0.3924   0.8000   1.0012 -2710.156
 38  30    926.4    312.6   0.3139   0.3924   0.8000   1.0012 -2710.156
 38  31    926.7    312.3   0.3082   0.3852   0.8000   0.9827 -2697.467
 38  32    929.2    309.8   0.3013   0.3766   0.8000   0.9603 -2686.400
 38  33    926.4    312.6   0.2254   0.2818   0.8000   0.7189 -2524.562
 38  34    926.4    312.6   0.2254   0.2818   0.8000   0.7189 -2524.562
 38  35    927.0    312.0   0.2253   0.2817   0.8000   0.7185 -2528.395
 38  36    927.4    311.6   0.1512   0.1890   0.8000   0.4820 -2331.907
 38  37    924.1    314.9   0.1228   0.1535   0.8000   0.3917 -2254.056

