Supplemental results for CODEML (seqf: /gpfs/scratch/cltucker/EBH381-Group-Project/SIV_aligned_VPX.fas  treef: )


pairwise comparison (Goldman & Yang 1994)
seq seq        N       S       dN       dS     dN/dS   Paras.
  2   1    163.3     64.7   0.2490   2.4901   0.1000   2.6553  -514.482
  3   1    163.4     64.6   0.2538   2.5379   0.1000   2.7030  -511.949
  3   2    164.1     63.9   0.2914   2.9139   0.1000   3.0794  -513.444
  4   1    163.2     64.8   0.2896   2.8957   0.1000   3.0904  -519.069
  4   2    163.9     64.1   0.3030   3.0301   0.1000   3.2105  -511.522
  4   3    164.0     64.0   0.0990   0.9899   0.1000   1.0473  -445.799
  5   1    163.5     64.5   0.2411   2.4107   0.1000   2.5653  -510.452
  5   2    164.2     63.8   0.1849   1.8487   0.1000   1.9523  -492.368
  5   3    164.3     63.7   0.0838   0.8381   0.1000   0.8834  -448.400
  5   4    164.1     63.9   0.0899   0.8995   0.1000   0.9508  -448.506
  6   1    163.5     64.5   0.2411   2.4107   0.1000   2.5653  -510.452
  6   2    164.2     63.8   0.1849   1.8487   0.1000   1.9523  -492.368
  6   3    164.3     63.7   0.0838   0.8381   0.1000   0.8834  -448.400
  6   4    164.1     63.9   0.0899   0.8995   0.1000   0.9508  -448.506
  6   5    164.4     63.6   0.0000   0.0000   0.1000   0.0000  -304.678
  7   1    163.1     64.9   0.2115   2.1153   0.1000   2.2592  -502.675
  7   2    163.8     64.2   0.1961   1.9609   0.1000   2.0799  -496.256
  7   3    163.9     64.1   0.0767   0.7670   0.1000   0.8127  -441.643
  7   4    163.7     64.3   0.0725   0.7246   0.1000   0.7695  -441.684
  7   5    164.0     64.0   0.0161   0.1613   0.1000   0.1707  -353.069
  7   6    164.0     64.0   0.0161   0.1613   0.1000   0.1707  -353.069
  8   1    163.1     64.9   0.2115   2.1153   0.1000   2.2592  -502.675
  8   2    163.8     64.2   0.1961   1.9609   0.1000   2.0799  -496.256
  8   3    163.9     64.1   0.0767   0.7670   0.1000   0.8127  -441.643
  8   4    163.7     64.3   0.0725   0.7246   0.1000   0.7695  -441.684
  8   5    164.0     64.0   0.0161   0.1613   0.1000   0.1707  -353.069
  8   6    164.0     64.0   0.0161   0.1613   0.1000   0.1707  -353.069
  8   7    163.6     64.4   0.0000   0.0000   0.1000   0.0000  -304.842
  9   1    162.5     65.5   0.2939   2.9393   0.1000   3.1611  -528.278
  9   2    163.1     64.9   0.2369   2.3691   0.1000   2.5307  -511.144
  9   3    163.2     64.8   0.0891   0.8906   0.1000   0.9505  -457.775
  9   4    163.0     65.0   0.1015   1.0149   0.1000   1.0853  -469.829
  9   5    163.3     64.7   0.0476   0.4763   0.1000   0.5078  -417.872
  9   6    163.3     64.7   0.0476   0.4763   0.1000   0.5078  -417.872
  9   7    163.0     65.0   0.0438   0.4377   0.1000   0.4684  -414.854
  9   8    163.0     65.0   0.0438   0.4377   0.1000   0.4684  -414.854
 10   1    162.9     65.1   0.1850   1.8498   0.1000   1.9813  -500.760
 10   2    163.5     64.5   0.2866   2.8662   0.1000   3.0486  -515.265
 10   3    163.6     64.4   0.1047   1.0466   0.1000   1.1120  -453.538
 10   4    163.4     64.6   0.0989   0.9894   0.1000   1.0535  -456.469
 10   5    163.7     64.3   0.0493   0.4925   0.1000   0.5228  -409.842
 10   6    163.7     64.3   0.0493   0.4925   0.1000   0.5228  -409.842
 10   7    163.4     64.6   0.0399   0.3987   0.1000   0.4249  -394.397
 10   8    163.4     64.6   0.0399   0.3987   0.1000   0.4249  -394.397
 10   9    162.7     65.3   0.0488   0.4880   0.1000   0.5235  -430.306
 11   1    162.9     65.1   0.1850   1.8498   0.1000   1.9813  -500.760
 11   2    163.5     64.5   0.2866   2.8662   0.1000   3.0486  -515.265
 11   3    163.6     64.4   0.1047   1.0466   0.1000   1.1120  -453.538
 11   4    163.4     64.6   0.0989   0.9894   0.1000   1.0535  -456.469
 11   5    163.7     64.3   0.0493   0.4925   0.1000   0.5228  -409.842
 11   6    163.7     64.3   0.0493   0.4925   0.1000   0.5228  -409.842
 11   7    163.4     64.6   0.0399   0.3987   0.1000   0.4249  -394.397
 11   8    163.4     64.6   0.0399   0.3987   0.1000   0.4249  -394.397
 11   9    162.7     65.3   0.0488   0.4880   0.1000   0.5235  -430.306
 11  10    163.1     64.9   0.0000   0.0000   0.1000   0.0000  -306.211
 12   1    162.3     65.7   0.4187   4.1870   0.1000   4.5130  -550.334
 12   2    163.0     65.0   0.3954   3.9544   0.1000   4.2292  -540.975
 12   3    163.2     64.8   0.2957   2.9575   0.1000   3.1576  -521.325
 12   4    163.0     65.0   0.3683   3.6827   0.1000   3.9414  -537.244
 12   5    163.2     64.8   0.3201   3.2015   0.1000   3.4163  -527.730
 12   6    163.2     64.8   0.3201   3.2015   0.1000   3.4163  -527.730
 12   7    162.9     65.1   0.2899   2.8988   0.1000   3.1055  -525.732
 12   8    162.9     65.1   0.2899   2.8988   0.1000   3.1055  -525.732
 12   9    162.2     65.8   0.3402   3.4023   0.1000   3.6716  -541.742
 12  10    162.6     65.4   0.3029   3.0293   0.1000   3.2555  -529.639
 12  11    162.6     65.4   0.3029   3.0293   0.1000   3.2555  -529.639
 13   1    162.5     65.5   0.3456   3.4562   0.1000   3.7189  -538.225
 13   2    163.2     64.8   0.5501   5.5007   0.1000   5.8724  -564.076
 13   3    163.3     64.7   0.3105   3.1046   0.1000   3.3086  -524.239
 13   4    163.1     64.9   0.3923   3.9228   0.1000   4.1918  -542.528
 13   5    163.4     64.6   0.3750   3.7501   0.1000   3.9938  -536.664
 13   6    163.4     64.6   0.3750   3.7501   0.1000   3.9938  -536.664
 13   7    163.0     65.0   0.3445   3.4446   0.1000   3.6851  -532.914
 13   8    163.0     65.0   0.3445   3.4446   0.1000   3.6851  -532.914
 13   9    162.3     65.7   0.4180   4.1802   0.1000   4.5054  -548.557
 13  10    162.7     65.3   0.2974   2.9745   0.1000   3.1917  -527.545
 13  11    162.7     65.3   0.2974   2.9745   0.1000   3.1917  -527.545
 13  12    162.2     65.8   0.1828   1.8283   0.1000   1.9734  -507.362
 14   1    162.6     65.4   0.3610   3.6097   0.1000   3.8798  -538.521
 14   2    163.3     64.7   0.5672   5.6720   0.1000   6.0485  -563.849
 14   3    163.4     64.6   0.3097   3.0972   0.1000   3.2969  -522.076
 14   4    163.2     64.8   0.4057   4.0566   0.1000   4.3299  -542.616
 14   5    163.5     64.5   0.4034   4.0342   0.1000   4.2917  -538.439
 14   6    163.5     64.5   0.4034   4.0342   0.1000   4.2917  -538.439
 14   7    163.1     64.9   0.3740   3.7399   0.1000   3.9964  -535.092
 14   8    163.1     64.9   0.3740   3.7399   0.1000   3.9964  -535.092
 14   9    162.4     65.6   0.4490   4.4905   0.1000   4.8343  -550.135
 14  10    162.8     65.2   0.3242   3.2421   0.1000   3.4750  -529.923
 14  11    162.8     65.2   0.3242   3.2421   0.1000   3.4750  -529.923
 14  12    162.3     65.7   0.2001   2.0015   0.1000   2.1580  -508.494
 14  13    162.5     65.5   0.0107   0.1066   0.1000   0.1147  -347.323
 15   1    163.1     64.9   0.3420   3.4204   0.1000   3.6568  -533.915
 15   2    163.8     64.2   0.5363   5.3631   0.1000   5.6866  -559.823
 15   3    164.0     64.0   0.3096   3.0964   0.1000   3.2760  -519.821
 15   4    163.7     64.3   0.3895   3.8951   0.1000   4.1334  -538.808
 15   5    164.0     64.0   0.3828   3.8277   0.1000   4.0483  -533.787
 15   6    164.0     64.0   0.3828   3.8277   0.1000   4.0483  -533.787
 15   7    163.6     64.4   0.3527   3.5272   0.1000   3.7483  -530.355
 15   8    163.6     64.4   0.3527   3.5272   0.1000   3.7483  -530.355
 15   9    162.9     65.1   0.4247   4.2472   0.1000   4.5475  -546.310
 15  10    163.3     64.7   0.3101   3.1008   0.1000   3.3055  -525.742
 15  11    163.3     64.7   0.3101   3.1008   0.1000   3.3055  -525.742
 15  12    162.8     65.2   0.1994   1.9937   0.1000   2.1377  -506.702
 15  13    163.0     65.0   0.0108   0.1084   0.1000   0.1159  -343.885
 15  14    163.1     64.9   0.0066   0.0663   0.1000   0.0708  -331.720
 16   1    163.1     64.9   0.3420   3.4204   0.1000   3.6568  -533.915
 16   2    163.8     64.2   0.5363   5.3631   0.1000   5.6866  -559.823
 16   3    164.0     64.0   0.3096   3.0964   0.1000   3.2760  -519.821
 16   4    163.7     64.3   0.3895   3.8951   0.1000   4.1334  -538.808
 16   5    164.0     64.0   0.3828   3.8277   0.1000   4.0483  -533.787
 16   6    164.0     64.0   0.3828   3.8277   0.1000   4.0483  -533.787
 16   7    163.6     64.4   0.3527   3.5272   0.1000   3.7483  -530.355
 16   8    163.6     64.4   0.3527   3.5272   0.1000   3.7483  -530.355
 16   9    162.9     65.1   0.4247   4.2472   0.1000   4.5475  -546.310
 16  10    163.3     64.7   0.3101   3.1008   0.1000   3.3055  -525.742
 16  11    163.3     64.7   0.3101   3.1008   0.1000   3.3055  -525.742
 16  12    162.8     65.2   0.1994   1.9937   0.1000   2.1377  -506.702
 16  13    163.0     65.0   0.0108   0.1084   0.1000   0.1159  -343.885
 16  14    163.1     64.9   0.0066   0.0663   0.1000   0.0708  -331.720
 16  15    163.6     64.4   0.0000   0.0000   0.1000   0.0000  -306.765
 17   1    163.1     64.9   0.3420   3.4204   0.1000   3.6568  -533.915
 17   2    163.8     64.2   0.5363   5.3631   0.1000   5.6866  -559.823
 17   3    164.0     64.0   0.3096   3.0964   0.1000   3.2760  -519.821
 17   4    163.7     64.3   0.3895   3.8951   0.1000   4.1334  -538.808
 17   5    164.0     64.0   0.3828   3.8277   0.1000   4.0483  -533.787
 17   6    164.0     64.0   0.3828   3.8277   0.1000   4.0483  -533.787
 17   7    163.6     64.4   0.3527   3.5272   0.1000   3.7483  -530.355
 17   8    163.6     64.4   0.3527   3.5272   0.1000   3.7483  -530.355
 17   9    162.9     65.1   0.4247   4.2472   0.1000   4.5475  -546.310
 17  10    163.3     64.7   0.3101   3.1008   0.1000   3.3055  -525.742
 17  11    163.3     64.7   0.3101   3.1008   0.1000   3.3055  -525.742
 17  12    162.8     65.2   0.1994   1.9937   0.1000   2.1377  -506.702
 17  13    163.0     65.0   0.0108   0.1084   0.1000   0.1159  -343.885
 17  14    163.1     64.9   0.0066   0.0663   0.1000   0.0708  -331.720
 17  15    163.6     64.4   0.0000   0.0000   0.1000   0.0000  -306.765
 17  16    163.6     64.4   0.0000   0.0000   0.1000   0.0000  -306.765
 18   1    162.1     65.9   0.3536   3.5364   0.1000   3.8225  -543.553
 18   2    162.7     65.3   0.4376   4.3762   0.1000   4.6970  -553.234
 18   3    162.8     65.2   0.3242   3.2422   0.1000   3.4765  -531.745
 18   4    162.6     65.4   0.3596   3.5956   0.1000   3.8631  -540.603
 18   5    162.9     65.1   0.3243   3.2432   0.1000   3.4738  -532.112
 18   6    162.9     65.1   0.3243   3.2432   0.1000   3.4738  -532.112
 18   7    162.6     65.4   0.2906   2.9056   0.1000   3.1237  -526.737
 18   8    162.6     65.4   0.2906   2.9056   0.1000   3.1237  -526.737
 18   9    161.9     66.1   0.3266   3.2660   0.1000   3.5360  -540.626
 18  10    162.3     65.7   0.3518   3.5180   0.1000   3.7927  -537.381
 18  11    162.3     65.7   0.3518   3.5180   0.1000   3.7927  -537.381
 18  12    161.7     66.3   0.1685   1.6850   0.1000   1.8280  -488.615
 18  13    161.9     66.1   0.1570   1.5696   0.1000   1.7002  -495.225
 18  14    162.0     66.0   0.1713   1.7128   0.1000   1.8532  -497.544
 18  15    162.5     65.5   0.1579   1.5790   0.1000   1.6992  -491.609
 18  16    162.5     65.5   0.1579   1.5790   0.1000   1.6992  -491.609
 18  17    162.5     65.5   0.1579   1.5790   0.1000   1.6992  -491.609
 19   1    161.9     66.1   0.3193   3.1932   0.1000   3.4583  -539.988
 19   2    162.5     65.5   0.4772   4.7725   0.1000   5.1321  -558.927
 19   3    162.6     65.4   0.3501   3.5005   0.1000   3.7606  -537.484
 19   4    162.4     65.6   0.3401   3.4013   0.1000   3.6609  -541.453
 19   5    162.7     65.3   0.2988   2.9877   0.1000   3.2065  -530.820
 19   6    162.7     65.3   0.2988   2.9877   0.1000   3.2065  -530.820
 19   7    162.4     65.6   0.2752   2.7515   0.1000   2.9631  -525.413
 19   8    162.4     65.6   0.2752   2.7515   0.1000   2.9631  -525.413
 19   9    161.8     66.2   0.3346   3.3460   0.1000   3.6289  -543.529
 19  10    162.1     65.9   0.3077   3.0775   0.1000   3.3238  -532.780
 19  11    162.1     65.9   0.3077   3.0775   0.1000   3.3238  -532.780
 19  12    161.5     66.5   0.1678   1.6776   0.1000   1.8239  -493.055
 19  13    161.7     66.3   0.2078   2.0784   0.1000   2.2560  -507.408
 19  14    161.8     66.2   0.2135   2.1349   0.1000   2.3147  -508.607
 19  15    162.3     65.7   0.1967   1.9667   0.1000   2.1211  -503.352
 19  16    162.3     65.7   0.1967   1.9667   0.1000   2.1211  -503.352
 19  17    162.3     65.7   0.1967   1.9667   0.1000   2.1211  -503.352
 19  18    161.3     66.7   0.0495   0.4948   0.1000   0.5394  -413.570
 20   1    162.0     66.0   0.3781   3.7807   0.1000   4.0911  -549.487
 20   2    162.6     65.4   0.3689   3.6886   0.1000   3.9635  -542.566
 20   3    162.7     65.3   0.3962   3.9625   0.1000   4.2538  -542.594
 20   4    162.5     65.5   0.4012   4.0119   0.1000   4.3158  -549.151
 20   5    162.8     65.2   0.3109   3.1090   0.1000   3.3336  -535.448
 20   6    162.8     65.2   0.3109   3.1090   0.1000   3.3336  -535.448
 20   7    162.4     65.6   0.2864   2.8636   0.1000   3.0827  -531.585
 20   8    162.4     65.6   0.2864   2.8636   0.1000   3.0827  -531.585
 20   9    161.8     66.2   0.3319   3.3191   0.1000   3.5985  -542.461
 20  10    162.2     65.8   0.3315   3.3147   0.1000   3.5781  -540.580
 20  11    162.2     65.8   0.3315   3.3147   0.1000   3.5781  -540.580
 20  12    161.6     66.4   0.2634   2.6341   0.1000   2.8602  -517.541
 20  13    161.8     66.2   0.2961   2.9612   0.1000   3.2112  -529.164
 20  14    161.9     66.1   0.3002   3.0021   0.1000   3.2517  -527.953
 20  15    162.4     65.6   0.2797   2.7968   0.1000   3.0122  -523.463
 20  16    162.4     65.6   0.2797   2.7968   0.1000   3.0122  -523.463
 20  17    162.4     65.6   0.2797   2.7968   0.1000   3.0122  -523.463
 20  18    161.3     66.7   0.1824   1.8239   0.1000   1.9871  -498.264
 20  19    161.2     66.8   0.1756   1.7556   0.1000   1.9161  -499.133
 21   1    163.3     64.7   0.3454   3.4541   0.1000   3.6832  -535.608
 21   2    164.0     64.0   0.3851   3.8506   0.1000   4.0758  -540.867
 21   3    164.1     63.9   0.3837   3.8371   0.1000   4.0550  -532.929
 21   4    163.9     64.1   0.4382   4.3822   0.1000   4.6431  -545.156
 21   5    164.2     63.8   0.4256   4.2556   0.1000   4.4940  -540.982
 21   6    164.2     63.8   0.4256   4.2556   0.1000   4.4940  -540.982
 21   7    163.8     64.2   0.3788   3.7884   0.1000   4.0183  -536.606
 21   8    163.8     64.2   0.3788   3.7884   0.1000   4.0183  -536.606
 21   9    163.1     64.9   0.3972   3.9723   0.1000   4.2432  -546.786
 21  10    163.5     64.5   0.4085   4.0851   0.1000   4.3451  -541.932
 21  11    163.5     64.5   0.4085   4.0851   0.1000   4.3451  -541.932
 21  12    163.0     65.0   0.2341   2.3413   0.1000   2.5040  -507.662
 21  13    163.2     64.8   0.3382   3.3818   0.1000   3.6103  -532.222
 21  14    163.3     64.7   0.3566   3.5664   0.1000   3.8031  -533.137
 21  15    163.8     64.2   0.3518   3.5181   0.1000   3.7303  -530.316
 21  16    163.8     64.2   0.3518   3.5181   0.1000   3.7303  -530.316
 21  17    163.8     64.2   0.3518   3.5181   0.1000   3.7303  -530.316
 21  18    162.7     65.3   0.2330   2.3302   0.1000   2.5010  -511.900
 21  19    162.5     65.5   0.2545   2.5455   0.1000   2.7372  -516.862
 21  20    162.6     65.4   0.2296   2.2962   0.1000   2.4673  -514.153
 22   1    163.1     64.9   0.4175   4.1750   0.1000   4.4589  -552.116
 22   2    163.9     64.1   0.3200   3.1997   0.1000   3.3890  -530.233
 22   3    164.1     63.9   0.3025   3.0245   0.1000   3.1963  -523.249
 22   4    163.8     64.2   0.3095   3.0946   0.1000   3.2804  -526.514
 22   5    164.1     63.9   0.3004   3.0040   0.1000   3.1738  -522.787
 22   6    164.1     63.9   0.3004   3.0040   0.1000   3.1738  -522.787
 22   7    163.7     64.3   0.2774   2.7737   0.1000   2.9443  -522.260
 22   8    163.7     64.3   0.2774   2.7737   0.1000   2.9443  -522.260
 22   9    163.0     65.0   0.3324   3.3242   0.1000   3.5552  -534.974
 22  10    163.4     64.6   0.3410   3.4095   0.1000   3.6307  -532.200
 22  11    163.4     64.6   0.3410   3.4095   0.1000   3.6307  -532.200
 22  12    162.9     65.1   0.1446   1.4456   0.1000   1.5483  -489.510
 22  13    163.1     64.9   0.2984   2.9838   0.1000   3.1883  -527.101
 22  14    163.2     64.8   0.3251   3.2510   0.1000   3.4699  -529.062
 22  15    163.7     64.3   0.3097   3.0966   0.1000   3.2858  -524.850
 22  16    163.7     64.3   0.3097   3.0966   0.1000   3.2858  -524.850
 22  17    163.7     64.3   0.3097   3.0966   0.1000   3.2858  -524.850
 22  18    162.6     65.4   0.2362   2.3615   0.1000   2.5385  -511.965
 22  19    162.4     65.6   0.2613   2.6131   0.1000   2.8152  -516.887
 22  20    162.5     65.5   0.2274   2.2742   0.1000   2.4466  -509.290
 22  21    163.9     64.1   0.1970   1.9696   0.1000   2.0862  -496.795
 23   1    163.1     64.9   0.4175   4.1750   0.1000   4.4589  -552.116
 23   2    163.9     64.1   0.3200   3.1997   0.1000   3.3890  -530.233
 23   3    164.1     63.9   0.3025   3.0245   0.1000   3.1963  -523.249
 23   4    163.8     64.2   0.3095   3.0946   0.1000   3.2804  -526.514
 23   5    164.1     63.9   0.3004   3.0040   0.1000   3.1738  -522.787
 23   6    164.1     63.9   0.3004   3.0040   0.1000   3.1738  -522.787
 23   7    163.7     64.3   0.2774   2.7737   0.1000   2.9443  -522.260
 23   8    163.7     64.3   0.2774   2.7737   0.1000   2.9443  -522.260
 23   9    163.0     65.0   0.3324   3.3242   0.1000   3.5552  -534.974
 23  10    163.4     64.6   0.3410   3.4095   0.1000   3.6307  -532.200
 23  11    163.4     64.6   0.3410   3.4095   0.1000   3.6307  -532.200
 23  12    162.9     65.1   0.1446   1.4456   0.1000   1.5483  -489.510
 23  13    163.1     64.9   0.2984   2.9838   0.1000   3.1883  -527.101
 23  14    163.2     64.8   0.3251   3.2510   0.1000   3.4699  -529.062
 23  15    163.7     64.3   0.3097   3.0966   0.1000   3.2858  -524.850
 23  16    163.7     64.3   0.3097   3.0966   0.1000   3.2858  -524.850
 23  17    163.7     64.3   0.3097   3.0966   0.1000   3.2858  -524.850
 23  18    162.6     65.4   0.2362   2.3615   0.1000   2.5385  -511.965
 23  19    162.4     65.6   0.2613   2.6131   0.1000   2.8152  -516.887
 23  20    162.5     65.5   0.2274   2.2742   0.1000   2.4466  -509.290
 23  21    163.9     64.1   0.1970   1.9696   0.1000   2.0862  -496.795
 23  22    163.8     64.2   0.0000   0.0000   0.1000   0.0000  -306.459
 24   1    162.7     65.3   0.4272   4.2721   0.1000   4.5839  -551.246
 24   2    163.4     64.6   0.3068   3.0676   0.1000   3.2667  -526.722
 24   3    163.5     64.5   0.3504   3.5040   0.1000   3.7256  -528.756
 24   4    163.3     64.7   0.3803   3.8028   0.1000   4.0529  -537.707
 24   5    163.6     64.4   0.3231   3.2310   0.1000   3.4332  -523.867
 24   6    163.6     64.4   0.3231   3.2310   0.1000   3.4332  -523.867
 24   7    163.3     64.7   0.3109   3.1094   0.1000   3.3169  -524.167
 24   8    163.3     64.7   0.3109   3.1094   0.1000   3.3169  -524.167
 24   9    162.6     65.4   0.3501   3.5006   0.1000   3.7609  -535.734
 24  10    163.0     65.0   0.3127   3.1273   0.1000   3.3459  -525.972
 24  11    163.0     65.0   0.3127   3.1273   0.1000   3.3459  -525.972
 24  12    162.4     65.6   0.1512   1.5123   0.1000   1.6283  -484.683
 24  13    162.6     65.4   0.2381   2.3812   0.1000   2.5587  -516.677
 24  14    162.7     65.3   0.2645   2.6455   0.1000   2.8396  -519.921
 24  15    163.2     64.8   0.2504   2.5040   0.1000   2.6732  -515.159
 24  16    163.2     64.8   0.2504   2.5040   0.1000   2.6732  -515.159
 24  17    163.2     64.8   0.2504   2.5040   0.1000   2.6732  -515.159
 24  18    162.1     65.9   0.2115   2.1153   0.1000   2.2842  -506.589
 24  19    162.0     66.0   0.2064   2.0637   0.1000   2.2332  -505.309
 24  20    162.1     65.9   0.2226   2.2256   0.1000   2.4057  -508.562
 24  21    163.4     64.6   0.2042   2.0415   0.1000   2.1740  -501.517
 24  22    163.3     64.7   0.1151   1.1513   0.1000   1.2278  -460.110
 24  23    163.3     64.7   0.1151   1.1513   0.1000   1.2278  -460.110
 25   1    163.1     64.9   0.3805   3.8051   0.1000   4.0682  -545.332
 25   2    163.8     64.2   0.3216   3.2159   0.1000   3.4103  -530.294
 25   3    164.0     64.0   0.3141   3.1407   0.1000   3.3237  -521.800
 25   4    163.7     64.3   0.3044   3.0438   0.1000   3.2305  -523.356
 25   5    164.0     64.0   0.2662   2.6621   0.1000   2.8162  -517.627
 25   6    164.0     64.0   0.2662   2.6621   0.1000   2.8162  -517.627
 25   7    163.6     64.4   0.2495   2.4951   0.1000   2.6516  -517.330
 25   8    163.6     64.4   0.2495   2.4951   0.1000   2.6516  -517.330
 25   9    162.9     65.1   0.3464   3.4639   0.1000   3.7087  -538.554
 25  10    163.3     64.7   0.3153   3.1531   0.1000   3.3613  -526.523
 25  11    163.3     64.7   0.3153   3.1531   0.1000   3.3613  -526.523
 25  12    162.8     65.2   0.2054   2.0537   0.1000   2.2022  -501.362
 25  13    163.0     65.0   0.2951   2.9511   0.1000   3.1573  -523.934
 25  14    163.1     64.9   0.2829   2.8286   0.1000   3.0229  -519.071
 25  15    163.6     64.4   0.2854   2.8541   0.1000   3.0325  -517.448
 25  16    163.6     64.4   0.2854   2.8541   0.1000   3.0325  -517.448
 25  17    163.6     64.4   0.2854   2.8541   0.1000   3.0325  -517.448
 25  18    162.5     65.5   0.1832   1.8319   0.1000   1.9713  -494.647
 25  19    162.3     65.7   0.1950   1.9496   0.1000   2.1025  -500.437
 25  20    162.4     65.6   0.1535   1.5350   0.1000   1.6532  -495.880
 25  21    163.8     64.2   0.1688   1.6878   0.1000   1.7899  -488.703
 25  22    163.7     64.3   0.1307   1.3074   0.1000   1.3876  -469.141
 25  23    163.7     64.3   0.1307   1.3074   0.1000   1.3876  -469.141
 25  24    163.2     64.8   0.1281   1.2810   0.1000   1.3676  -468.917
 26   1    162.5     65.5   0.4589   4.5894   0.1000   4.9341  -554.133
 26   2    163.2     64.8   0.3849   3.8494   0.1000   4.1091  -534.766
 26   3    163.3     64.7   0.2683   2.6834   0.1000   2.8612  -511.586
 26   4    163.1     64.9   0.3085   3.0847   0.1000   3.2957  -523.056
 26   5    163.4     64.6   0.2524   2.5242   0.1000   2.6891  -514.119
 26   6    163.4     64.6   0.2524   2.5242   0.1000   2.6891  -514.119
 26   7    163.0     65.0   0.2292   2.2920   0.1000   2.4505  -508.093
 26   8    163.0     65.0   0.2292   2.2920   0.1000   2.4505  -508.093
 26   9    162.4     65.6   0.2784   2.7838   0.1000   2.9972  -524.792
 26  10    162.8     65.2   0.2852   2.8521   0.1000   3.0581  -519.642
 26  11    162.8     65.2   0.2852   2.8521   0.1000   3.0581  -519.642
 26  12    162.2     65.8   0.2299   2.2987   0.1000   2.4804  -506.813
 26  13    162.4     65.6   0.3192   3.1918   0.1000   3.4382  -533.772
 26  14    162.5     65.5   0.2815   2.8149   0.1000   3.0289  -527.821
 26  15    163.0     65.0   0.2838   2.8379   0.1000   3.0373  -526.217
 26  16    163.0     65.0   0.2838   2.8379   0.1000   3.0373  -526.217
 26  17    163.0     65.0   0.2838   2.8379   0.1000   3.0373  -526.217
 26  18    162.0     66.0   0.2098   2.0982   0.1000   2.2705  -510.227
 26  19    161.8     66.2   0.2341   2.3407   0.1000   2.5378  -517.659
 26  20    161.9     66.1   0.2079   2.0794   0.1000   2.2527  -512.785
 26  21    163.2     64.8   0.2159   2.1595   0.1000   2.3051  -509.169
 26  22    163.1     64.9   0.2958   2.9583   0.1000   3.1628  -521.055
 26  23    163.1     64.9   0.2958   2.9583   0.1000   3.1628  -521.055
 26  24    162.6     65.4   0.2827   2.8266   0.1000   3.0360  -520.658
 26  25    163.0     65.0   0.1808   1.8077   0.1000   1.9348  -494.921
 27   1    162.5     65.5   0.4589   4.5894   0.1000   4.9341  -554.133
 27   2    163.2     64.8   0.3849   3.8494   0.1000   4.1091  -534.766
 27   3    163.3     64.7   0.2683   2.6834   0.1000   2.8612  -511.586
 27   4    163.1     64.9   0.3085   3.0847   0.1000   3.2957  -523.056
 27   5    163.4     64.6   0.2524   2.5242   0.1000   2.6891  -514.119
 27   6    163.4     64.6   0.2524   2.5242   0.1000   2.6891  -514.119
 27   7    163.0     65.0   0.2292   2.2920   0.1000   2.4505  -508.093
 27   8    163.0     65.0   0.2292   2.2920   0.1000   2.4505  -508.093
 27   9    162.4     65.6   0.2784   2.7838   0.1000   2.9972  -524.792
 27  10    162.8     65.2   0.2852   2.8521   0.1000   3.0581  -519.642
 27  11    162.8     65.2   0.2852   2.8521   0.1000   3.0581  -519.642
 27  12    162.2     65.8   0.2299   2.2987   0.1000   2.4804  -506.813
 27  13    162.4     65.6   0.3192   3.1918   0.1000   3.4382  -533.772
 27  14    162.5     65.5   0.2815   2.8149   0.1000   3.0289  -527.821
 27  15    163.0     65.0   0.2838   2.8379   0.1000   3.0373  -526.217
 27  16    163.0     65.0   0.2838   2.8379   0.1000   3.0373  -526.217
 27  17    163.0     65.0   0.2838   2.8379   0.1000   3.0373  -526.217
 27  18    162.0     66.0   0.2098   2.0982   0.1000   2.2705  -510.227
 27  19    161.8     66.2   0.2341   2.3407   0.1000   2.5378  -517.659
 27  20    161.9     66.1   0.2079   2.0794   0.1000   2.2527  -512.785
 27  21    163.2     64.8   0.2159   2.1595   0.1000   2.3051  -509.169
 27  22    163.1     64.9   0.2958   2.9583   0.1000   3.1628  -521.055
 27  23    163.1     64.9   0.2958   2.9583   0.1000   3.1628  -521.055
 27  24    162.6     65.4   0.2827   2.8266   0.1000   3.0360  -520.658
 27  25    163.0     65.0   0.1808   1.8077   0.1000   1.9348  -494.921
 27  26    162.4     65.6   0.0000   0.0000   0.1000   0.0000  -307.863
 28   1    162.9     65.1   0.3999   3.9988   0.1000   4.2830  -550.506
 28   2    163.5     64.5   0.4020   4.0197   0.1000   4.2738  -542.717
 28   3    163.7     64.3   0.2974   2.9736   0.1000   3.1572  -523.445
 28   4    163.5     64.5   0.3225   3.2253   0.1000   3.4327  -527.670
 28   5    163.7     64.3   0.3064   3.0639   0.1000   3.2504  -523.277
 28   6    163.7     64.3   0.3064   3.0639   0.1000   3.2504  -523.277
 28   7    163.4     64.6   0.2734   2.7336   0.1000   2.9121  -518.733
 28   8    163.4     64.6   0.2734   2.7336   0.1000   2.9121  -518.733
 28   9    162.7     65.3   0.3595   3.5952   0.1000   3.8572  -535.536
 28  10    163.1     64.9   0.2994   2.9943   0.1000   3.1988  -524.027
 28  11    163.1     64.9   0.2994   2.9943   0.1000   3.1988  -524.027
 28  12    162.6     65.4   0.2130   2.1295   0.1000   2.2882  -507.859
 28  13    162.8     65.2   0.2120   2.1197   0.1000   2.2737  -507.263
 28  14    162.9     65.1   0.2142   2.1415   0.1000   2.2945  -508.277
 28  15    163.4     64.6   0.2023   2.0233   0.1000   2.1557  -503.691
 28  16    163.4     64.6   0.2023   2.0233   0.1000   2.1557  -503.691
 28  17    163.4     64.6   0.2023   2.0233   0.1000   2.1557  -503.691
 28  18    162.3     65.7   0.1989   1.9886   0.1000   2.1439  -509.147
 28  19    162.1     65.9   0.2098   2.0983   0.1000   2.2665  -509.939
 28  20    162.2     65.8   0.2056   2.0556   0.1000   2.2187  -504.563
 28  21    163.5     64.5   0.2414   2.4138   0.1000   2.5665  -513.428
 28  22    163.5     64.5   0.1639   1.6391   0.1000   1.7445  -485.120
 28  23    163.5     64.5   0.1639   1.6391   0.1000   1.7445  -485.120
 28  24    163.0     65.0   0.1481   1.4807   0.1000   1.5840  -479.662
 28  25    163.4     64.6   0.1943   1.9434   0.1000   2.0707  -495.387
 28  26    162.8     65.2   0.1859   1.8593   0.1000   1.9936  -499.521
 28  27    162.8     65.2   0.1859   1.8593   0.1000   1.9936  -499.521
 29   1    163.1     64.9   0.4160   4.1598   0.1000   4.4447  -548.547
 29   2    163.8     64.2   0.4055   4.0548   0.1000   4.3001  -543.237
 29   3    163.9     64.1   0.2676   2.6764   0.1000   2.8337  -516.237
 29   4    163.7     64.3   0.3109   3.1090   0.1000   3.2999  -525.213
 29   5    164.0     64.0   0.2881   2.8812   0.1000   3.0486  -517.597
 29   6    164.0     64.0   0.2881   2.8812   0.1000   3.0486  -517.597
 29   7    163.6     64.4   0.2368   2.3684   0.1000   2.5164  -510.658
 29   8    163.6     64.4   0.2368   2.3684   0.1000   2.5164  -510.658
 29   9    163.0     65.0   0.3074   3.0741   0.1000   3.2894  -526.823
 29  10    163.4     64.6   0.2776   2.7760   0.1000   2.9581  -518.160
 29  11    163.4     64.6   0.2776   2.7760   0.1000   2.9581  -518.160
 29  12    162.8     65.2   0.2091   2.0912   0.1000   2.2415  -505.703
 29  13    163.0     65.0   0.2486   2.4861   0.1000   2.6596  -513.288
 29  14    163.1     64.9   0.2462   2.4623   0.1000   2.6313  -512.864
 29  15    163.6     64.4   0.2497   2.4967   0.1000   2.6534  -511.132
 29  16    163.6     64.4   0.2497   2.4967   0.1000   2.6534  -511.132
 29  17    163.6     64.4   0.2497   2.4967   0.1000   2.6534  -511.132
 29  18    162.5     65.5   0.2361   2.3613   0.1000   2.5392  -515.734
 29  19    162.3     65.7   0.2306   2.3063   0.1000   2.4850  -511.031
 29  20    162.4     65.6   0.1853   1.8531   0.1000   1.9948  -502.564
 29  21    163.8     64.2   0.1826   1.8264   0.1000   1.9369  -499.845
 29  22    163.7     64.3   0.1667   1.6666   0.1000   1.7693  -493.515
 29  23    163.7     64.3   0.1667   1.6666   0.1000   1.7693  -493.515
 29  24    163.2     64.8   0.2026   2.0261   0.1000   2.1623  -497.112
 29  25    163.6     64.4   0.2120   2.1195   0.1000   2.2528  -500.218
 29  26    163.0     65.0   0.1656   1.6564   0.1000   1.7717  -492.767
 29  27    163.0     65.0   0.1656   1.6564   0.1000   1.7717  -492.767
 29  28    163.4     64.6   0.0849   0.8488   0.1000   0.9042  -447.227
 30   1    163.1     64.9   0.4160   4.1598   0.1000   4.4447  -548.547
 30   2    163.8     64.2   0.4055   4.0548   0.1000   4.3001  -543.237
 30   3    163.9     64.1   0.2676   2.6764   0.1000   2.8337  -516.237
 30   4    163.7     64.3   0.3109   3.1090   0.1000   3.2999  -525.213
 30   5    164.0     64.0   0.2881   2.8812   0.1000   3.0486  -517.597
 30   6    164.0     64.0   0.2881   2.8812   0.1000   3.0486  -517.597
 30   7    163.6     64.4   0.2368   2.3684   0.1000   2.5164  -510.658
 30   8    163.6     64.4   0.2368   2.3684   0.1000   2.5164  -510.658
 30   9    163.0     65.0   0.3074   3.0741   0.1000   3.2894  -526.823
 30  10    163.4     64.6   0.2776   2.7760   0.1000   2.9581  -518.160
 30  11    163.4     64.6   0.2776   2.7760   0.1000   2.9581  -518.160
 30  12    162.8     65.2   0.2091   2.0912   0.1000   2.2415  -505.703
 30  13    163.0     65.0   0.2486   2.4861   0.1000   2.6596  -513.288
 30  14    163.1     64.9   0.2462   2.4623   0.1000   2.6313  -512.864
 30  15    163.6     64.4   0.2497   2.4967   0.1000   2.6534  -511.132
 30  16    163.6     64.4   0.2497   2.4967   0.1000   2.6534  -511.132
 30  17    163.6     64.4   0.2497   2.4967   0.1000   2.6534  -511.132
 30  18    162.5     65.5   0.2361   2.3613   0.1000   2.5392  -515.734
 30  19    162.3     65.7   0.2306   2.3063   0.1000   2.4850  -511.031
 30  20    162.4     65.6   0.1853   1.8531   0.1000   1.9948  -502.564
 30  21    163.8     64.2   0.1826   1.8264   0.1000   1.9369  -499.845
 30  22    163.7     64.3   0.1667   1.6666   0.1000   1.7693  -493.515
 30  23    163.7     64.3   0.1667   1.6666   0.1000   1.7693  -493.515
 30  24    163.2     64.8   0.2026   2.0261   0.1000   2.1623  -497.112
 30  25    163.6     64.4   0.2120   2.1195   0.1000   2.2528  -500.218
 30  26    163.0     65.0   0.1656   1.6564   0.1000   1.7717  -492.767
 30  27    163.0     65.0   0.1656   1.6564   0.1000   1.7717  -492.767
 30  28    163.4     64.6   0.0849   0.8488   0.1000   0.9042  -447.227
 30  29    163.6     64.4   0.0000   0.0000   0.1000   0.0000  -306.145
 31   1    162.7     65.3   0.3476   3.4757   0.1000   3.7306  -538.651
 31   2    163.3     64.7   0.4078   4.0777   0.1000   4.3455  -544.305
 31   3    163.5     64.5   0.2107   2.1065   0.1000   2.2421  -508.447
 31   4    163.3     64.7   0.2972   2.9719   0.1000   3.1699  -523.680
 31   5    163.5     64.5   0.2625   2.6254   0.1000   2.7920  -512.510
 31   6    163.5     64.5   0.2625   2.6254   0.1000   2.7920  -512.510
 31   7    163.2     64.8   0.2276   2.2756   0.1000   2.4291  -506.915
 31   8    163.2     64.8   0.2276   2.2756   0.1000   2.4291  -506.915
 31   9    162.6     65.4   0.3151   3.1514   0.1000   3.3876  -529.413
 31  10    162.9     65.1   0.2233   2.2326   0.1000   2.3900  -506.369
 31  11    162.9     65.1   0.2233   2.2326   0.1000   2.3900  -506.369
 31  12    162.4     65.6   0.1934   1.9343   0.1000   2.0835  -498.896
 31  13    162.5     65.5   0.1931   1.9305   0.1000   2.0759  -502.604
 31  14    162.6     65.4   0.1751   1.7511   0.1000   1.8808  -495.349
 31  15    163.1     64.9   0.1833   1.8333   0.1000   1.9586  -495.798
 31  16    163.1     64.9   0.1833   1.8333   0.1000   1.9586  -495.798
 31  17    163.1     64.9   0.1833   1.8333   0.1000   1.9586  -495.798
 31  18    162.1     65.9   0.1950   1.9499   0.1000   2.1065  -507.347
 31  19    161.9     66.1   0.2094   2.0936   0.1000   2.2661  -511.349
 31  20    162.0     66.0   0.1841   1.8407   0.1000   1.9908  -496.416
 31  21    163.3     64.7   0.1994   1.9939   0.1000   2.1249  -500.776
 31  22    163.2     64.8   0.1651   1.6510   0.1000   1.7619  -487.125
 31  23    163.2     64.8   0.1651   1.6510   0.1000   1.7619  -487.125
 31  24    162.8     65.2   0.1952   1.9522   0.1000   2.0933  -498.349
 31  25    163.1     64.9   0.2024   2.0241   0.1000   2.1624  -492.065
 31  26    162.6     65.4   0.1733   1.7334   0.1000   1.8625  -495.468
 31  27    162.6     65.4   0.1733   1.7334   0.1000   1.8625  -495.468
 31  28    162.9     65.1   0.0896   0.8961   0.1000   0.9592  -450.135
 31  29    163.2     64.8   0.0684   0.6842   0.1000   0.7306  -429.058
 31  30    163.2     64.8   0.0684   0.6842   0.1000   0.7306  -429.058
 32   1    162.6     65.4   0.4305   4.3046   0.1000   4.6254  -554.945
 32   2    163.2     64.8   0.4028   4.0284   0.1000   4.2988  -545.918
 32   3    163.3     64.7   0.2094   2.0938   0.1000   2.2322  -517.256
 32   4    163.1     64.9   0.2779   2.7793   0.1000   2.9688  -526.230
 32   5    163.4     64.6   0.2570   2.5698   0.1000   2.7368  -519.437
 32   6    163.4     64.6   0.2570   2.5698   0.1000   2.7368  -519.437
 32   7    163.1     64.9   0.2039   2.0394   0.1000   2.1799  -511.621
 32   8    163.1     64.9   0.2039   2.0394   0.1000   2.1799  -511.621
 32   9    162.4     65.6   0.3385   3.3854   0.1000   3.6436  -537.483
 32  10    162.8     65.2   0.2369   2.3691   0.1000   2.5392  -518.031
 32  11    162.8     65.2   0.2369   2.3691   0.1000   2.5392  -518.031
 32  12    162.3     65.7   0.2177   2.1768   0.1000   2.3474  -513.601
 32  13    162.4     65.6   0.2740   2.7399   0.1000   2.9503  -525.232
 32  14    162.5     65.5   0.2681   2.6808   0.1000   2.8835  -522.966
 32  15    163.0     65.0   0.2774   2.7745   0.1000   2.9682  -522.764
 32  16    163.0     65.0   0.2774   2.7745   0.1000   2.9682  -522.764
 32  17    163.0     65.0   0.2774   2.7745   0.1000   2.9682  -522.764
 32  18    162.0     66.0   0.2015   2.0145   0.1000   2.1789  -509.262
 32  19    161.8     66.2   0.2009   2.0090   0.1000   2.1770  -509.242
 32  20    161.9     66.1   0.1963   1.9626   0.1000   2.1254  -506.431
 32  21    163.2     64.8   0.2581   2.5807   0.1000   2.7540  -516.266
 32  22    163.1     64.9   0.1696   1.6957   0.1000   1.8122  -496.342
 32  23    163.1     64.9   0.1696   1.6957   0.1000   1.8122  -496.342
 32  24    162.7     65.3   0.1920   1.9202   0.1000   2.0613  -498.536
 32  25    163.0     65.0   0.1834   1.8344   0.1000   1.9625  -495.412
 32  26    162.5     65.5   0.1745   1.7451   0.1000   1.8772  -497.193
 32  27    162.5     65.5   0.1745   1.7451   0.1000   1.8772  -497.193
 32  28    162.8     65.2   0.0954   0.9543   0.1000   1.0228  -450.852
 32  29    163.1     64.9   0.0658   0.6584   0.1000   0.7039  -438.391
 32  30    163.1     64.9   0.0658   0.6584   0.1000   0.7039  -438.391
 32  31    162.6     65.4   0.0809   0.8091   0.1000   0.8689  -449.423
 33   1    162.0     66.0   0.3692   3.6916   0.1000   3.9947  -546.567
 33   2    162.6     65.4   0.4112   4.1117   0.1000   4.4180  -548.273
 33   3    162.7     65.3   0.2756   2.7561   0.1000   2.9587  -520.244
 33   4    162.5     65.5   0.2979   2.9788   0.1000   3.2044  -530.963
 33   5    162.8     65.2   0.3129   3.1293   0.1000   3.3554  -528.740
 33   6    162.8     65.2   0.3129   3.1293   0.1000   3.3554  -528.740
 33   7    162.4     65.6   0.2769   2.7690   0.1000   2.9808  -522.766
 33   8    162.4     65.6   0.2769   2.7690   0.1000   2.9808  -522.766
 33   9    161.8     66.2   0.2970   2.9703   0.1000   3.2203  -533.210
 33  10    162.2     65.8   0.2843   2.8427   0.1000   3.0685  -525.917
 33  11    162.2     65.8   0.2843   2.8427   0.1000   3.0685  -525.917
 33  12    161.6     66.4   0.1769   1.7690   0.1000   1.9208  -499.834
 33  13    161.8     66.2   0.2326   2.3259   0.1000   2.5223  -512.701
 33  14    161.9     66.1   0.2740   2.7402   0.1000   2.9680  -519.902
 33  15    162.4     65.6   0.2645   2.6453   0.1000   2.8491  -516.383
 33  16    162.4     65.6   0.2645   2.6453   0.1000   2.8491  -516.383
 33  17    162.4     65.6   0.2645   2.6453   0.1000   2.8491  -516.383
 33  18    161.3     66.7   0.1983   1.9834   0.1000   2.1609  -506.246
 33  19    161.2     66.8   0.1812   1.8124   0.1000   1.9782  -505.785
 33  20    161.2     66.8   0.1828   1.8282   0.1000   1.9946  -505.346
 33  21    162.6     65.4   0.1643   1.6431   0.1000   1.7655  -495.620
 33  22    162.5     65.5   0.1522   1.5223   0.1000   1.6377  -487.825
 33  23    162.5     65.5   0.1522   1.5223   0.1000   1.6377  -487.825
 33  24    162.1     65.9   0.1478   1.4780   0.1000   1.5976  -486.480
 33  25    162.4     65.6   0.1708   1.7082   0.1000   1.8398  -492.508
 33  26    161.9     66.1   0.2003   2.0029   0.1000   2.1698  -507.413
 33  27    161.9     66.1   0.2003   2.0029   0.1000   2.1698  -507.413
 33  28    162.2     65.8   0.1520   1.5202   0.1000   1.6409  -487.425
 33  29    162.4     65.6   0.1633   1.6332   0.1000   1.7581  -484.798
 33  30    162.4     65.6   0.1633   1.6332   0.1000   1.7581  -484.798
 33  31    162.0     66.0   0.1645   1.6445   0.1000   1.7786  -486.711
 33  32    161.9     66.1   0.1209   1.2085   0.1000   1.3088  -480.369
 34   1    162.0     66.0   0.3692   3.6916   0.1000   3.9947  -546.567
 34   2    162.6     65.4   0.4112   4.1117   0.1000   4.4180  -548.273
 34   3    162.7     65.3   0.2756   2.7561   0.1000   2.9587  -520.244
 34   4    162.5     65.5   0.2979   2.9788   0.1000   3.2044  -530.963
 34   5    162.8     65.2   0.3129   3.1293   0.1000   3.3554  -528.740
 34   6    162.8     65.2   0.3129   3.1293   0.1000   3.3554  -528.740
 34   7    162.4     65.6   0.2769   2.7690   0.1000   2.9808  -522.766
 34   8    162.4     65.6   0.2769   2.7690   0.1000   2.9808  -522.766
 34   9    161.8     66.2   0.2970   2.9703   0.1000   3.2203  -533.210
 34  10    162.2     65.8   0.2843   2.8427   0.1000   3.0685  -525.917
 34  11    162.2     65.8   0.2843   2.8427   0.1000   3.0685  -525.917
 34  12    161.6     66.4   0.1769   1.7690   0.1000   1.9208  -499.834
 34  13    161.8     66.2   0.2326   2.3259   0.1000   2.5223  -512.701
 34  14    161.9     66.1   0.2740   2.7402   0.1000   2.9680  -519.902
 34  15    162.4     65.6   0.2645   2.6453   0.1000   2.8491  -516.383
 34  16    162.4     65.6   0.2645   2.6453   0.1000   2.8491  -516.383
 34  17    162.4     65.6   0.2645   2.6453   0.1000   2.8491  -516.383
 34  18    161.3     66.7   0.1983   1.9834   0.1000   2.1609  -506.246
 34  19    161.2     66.8   0.1812   1.8124   0.1000   1.9782  -505.785
 34  20    161.2     66.8   0.1828   1.8282   0.1000   1.9946  -505.346
 34  21    162.6     65.4   0.1643   1.6431   0.1000   1.7655  -495.620
 34  22    162.5     65.5   0.1522   1.5223   0.1000   1.6377  -487.825
 34  23    162.5     65.5   0.1522   1.5223   0.1000   1.6377  -487.825
 34  24    162.1     65.9   0.1478   1.4780   0.1000   1.5976  -486.480
 34  25    162.4     65.6   0.1708   1.7082   0.1000   1.8398  -492.508
 34  26    161.9     66.1   0.2003   2.0029   0.1000   2.1698  -507.413
 34  27    161.9     66.1   0.2003   2.0029   0.1000   2.1698  -507.413
 34  28    162.2     65.8   0.1520   1.5202   0.1000   1.6409  -487.425
 34  29    162.4     65.6   0.1633   1.6332   0.1000   1.7581  -484.798
 34  30    162.4     65.6   0.1633   1.6332   0.1000   1.7581  -484.798
 34  31    162.0     66.0   0.1645   1.6445   0.1000   1.7786  -486.711
 34  32    161.9     66.1   0.1209   1.2085   0.1000   1.3088  -480.369
 34  33    161.2     66.8   0.0000   0.0000   0.1000   0.0000  -308.944
 35   1    162.5     65.5   0.4425   4.4250   0.1000   4.7583  -552.049
 35   2    163.3     64.7   0.4373   4.3726   0.1000   4.6639  -545.559
 35   3    163.4     64.6   0.2691   2.6915   0.1000   2.8652  -513.549
 35   4    163.2     64.8   0.3236   3.2364   0.1000   3.4548  -530.139
 35   5    163.5     64.5   0.2632   2.6321   0.1000   2.8006  -519.629
 35   6    163.5     64.5   0.2632   2.6321   0.1000   2.8006  -519.629
 35   7    163.1     64.9   0.2207   2.2069   0.1000   2.3587  -513.090
 35   8    163.1     64.9   0.2207   2.2069   0.1000   2.3587  -513.090
 35   9    162.4     65.6   0.3156   3.1558   0.1000   3.3984  -537.927
 35  10    162.8     65.2   0.2558   2.5579   0.1000   2.7425  -520.988
 35  11    162.8     65.2   0.2558   2.5579   0.1000   2.7425  -520.988
 35  12    162.2     65.8   0.1300   1.2997   0.1000   1.4019  -483.164
 35  13    162.4     65.6   0.2533   2.5334   0.1000   2.7268  -516.722
 35  14    162.5     65.5   0.2680   2.6803   0.1000   2.8816  -517.420
 35  15    163.1     64.9   0.2715   2.7152   0.1000   2.9022  -515.773
 35  16    163.1     64.9   0.2715   2.7152   0.1000   2.9022  -515.773
 35  17    163.1     64.9   0.2715   2.7152   0.1000   2.9022  -515.773
 35  18    161.9     66.1   0.2116   2.1156   0.1000   2.2900  -504.725
 35  19    161.7     66.3   0.1842   1.8424   0.1000   1.9987  -505.461
 35  20    161.8     66.2   0.1945   1.9448   0.1000   2.1070  -505.712
 35  21    163.3     64.7   0.2400   2.4002   0.1000   2.5600  -509.284
 35  22    163.2     64.8   0.1951   1.9514   0.1000   2.0835  -503.451
 35  23    163.2     64.8   0.1951   1.9514   0.1000   2.0835  -503.451
 35  24    162.7     65.3   0.1849   1.8489   0.1000   1.9854  -498.133
 35  25    163.1     64.9   0.1578   1.5782   0.1000   1.6871  -488.543
 35  26    162.4     65.6   0.1885   1.8851   0.1000   2.0292  -490.320
 35  27    162.4     65.6   0.1885   1.8851   0.1000   2.0292  -490.320
 35  28    162.8     65.2   0.1859   1.8591   0.1000   1.9925  -493.191
 35  29    163.1     64.9   0.1765   1.7652   0.1000   1.8871  -490.751
 35  30    163.1     64.9   0.1765   1.7652   0.1000   1.8871  -490.751
 35  31    162.6     65.4   0.2013   2.0132   0.1000   2.1633  -497.371
 35  32    162.5     65.5   0.1195   1.1948   0.1000   1.2856  -469.962
 35  33    161.8     66.2   0.1117   1.1173   0.1000   1.2105  -472.099
 35  34    161.8     66.2   0.1117   1.1173   0.1000   1.2105  -472.099
 36   1    163.4     64.6   0.3458   3.4578   0.1000   3.6834  -537.704
 36   2    164.1     63.9   0.4122   4.1221   0.1000   4.3575  -540.126
 36   3    164.2     63.8   0.3312   3.3116   0.1000   3.4942  -523.687
 36   4    164.0     64.0   0.3353   3.3526   0.1000   3.5469  -530.288
 36   5    164.3     63.7   0.3404   3.4042   0.1000   3.5904  -527.881
 36   6    164.3     63.7   0.3404   3.4042   0.1000   3.5904  -527.881
 36   7    163.9     64.1   0.2951   2.9507   0.1000   3.1253  -522.265
 36   8    163.9     64.1   0.2951   2.9507   0.1000   3.1253  -522.265
 36   9    163.3     64.7   0.4020   4.0198   0.1000   4.2880  -544.788
 36  10    163.6     64.4   0.3130   3.1301   0.1000   3.3251  -524.734
 36  11    163.6     64.4   0.3130   3.1301   0.1000   3.3251  -524.734
 36  12    163.1     64.9   0.1615   1.6154   0.1000   1.7261  -486.608
 36  13    163.3     64.7   0.2099   2.0985   0.1000   2.2376  -503.002
 36  14    163.4     64.6   0.2156   2.1557   0.1000   2.2960  -501.959
 36  15    163.9     64.1   0.2195   2.1946   0.1000   2.3246  -500.956
 36  16    163.9     64.1   0.2195   2.1946   0.1000   2.3246  -500.956
 36  17    163.9     64.1   0.2195   2.1946   0.1000   2.3246  -500.956
 36  18    162.8     65.2   0.1877   1.8770   0.1000   2.0121  -495.089
 36  19    162.6     65.4   0.1845   1.8450   0.1000   1.9820  -498.779
 36  20    162.7     65.3   0.2290   2.2904   0.1000   2.4575  -504.467
 36  21    164.1     63.9   0.1362   1.3621   0.1000   1.4399  -482.958
 36  22    164.0     64.0   0.1557   1.5569   0.1000   1.6475  -484.707
 36  23    164.0     64.0   0.1557   1.5569   0.1000   1.6475  -484.707
 36  24    163.5     64.5   0.1561   1.5610   0.1000   1.6608  -488.404
 36  25    163.9     64.1   0.1443   1.4435   0.1000   1.5293  -478.171
 36  26    163.3     64.7   0.1865   1.8652   0.1000   1.9889  -487.434
 36  27    163.3     64.7   0.1865   1.8652   0.1000   1.9889  -487.434
 36  28    163.7     64.3   0.1251   1.2511   0.1000   1.3285  -475.778
 36  29    163.9     64.1   0.2023   2.0232   0.1000   2.1434  -497.717
 36  30    163.9     64.1   0.2023   2.0232   0.1000   2.1434  -497.717
 36  31    163.4     64.6   0.1674   1.6738   0.1000   1.7818  -479.705
 36  32    163.3     64.7   0.1622   1.6217   0.1000   1.7285  -487.977
 36  33    162.7     65.3   0.0807   0.8074   0.1000   0.8663  -452.115
 36  34    162.7     65.3   0.0807   0.8074   0.1000   0.8663  -452.115
 36  35    163.4     64.6   0.1099   1.0985   0.1000   1.1705  -467.129
 37   1    163.1     64.9   0.3894   3.8944   0.1000   4.1602  -545.281
 37   2    163.9     64.1   0.4189   4.1890   0.1000   4.4375  -539.446
 37   3    164.1     63.9   0.2825   2.8254   0.1000   2.9860  -517.617
 37   4    163.8     64.2   0.3097   3.0967   0.1000   3.2833  -527.303
 37   5    164.1     63.9   0.3187   3.1867   0.1000   3.3668  -526.184
 37   6    164.1     63.9   0.3187   3.1867   0.1000   3.3668  -526.184
 37   7    163.7     64.3   0.2867   2.8671   0.1000   3.0445  -523.066
 37   8    163.7     64.3   0.2867   2.8671   0.1000   3.0445  -523.066
 37   9    163.0     65.0   0.3702   3.7019   0.1000   3.9610  -541.616
 37  10    163.4     64.6   0.3225   3.2247   0.1000   3.4349  -530.664
 37  11    163.4     64.6   0.3225   3.2247   0.1000   3.4349  -530.664
 37  12    162.9     65.1   0.1994   1.9939   0.1000   2.1358  -503.536
 37  13    163.1     64.9   0.2351   2.3510   0.1000   2.5124  -509.892
 37  14    163.2     64.8   0.2451   2.4506   0.1000   2.6158  -512.502
 37  15    163.7     64.3   0.2535   2.5347   0.1000   2.6892  -512.289
 37  16    163.7     64.3   0.2535   2.5347   0.1000   2.6892  -512.289
 37  17    163.7     64.3   0.2535   2.5347   0.1000   2.6892  -512.289
 37  18    162.5     65.5   0.2048   2.0479   0.1000   2.2022  -502.897
 37  19    162.3     65.7   0.2171   2.1707   0.1000   2.3394  -510.884
 37  20    162.4     65.6   0.2384   2.3841   0.1000   2.5660  -506.976
 37  21    163.9     64.1   0.1543   1.5434   0.1000   1.6349  -484.429
 37  22    163.8     64.2   0.2217   2.2165   0.1000   2.3490  -497.819
 37  23    163.8     64.2   0.2217   2.2165   0.1000   2.3490  -497.819
 37  24    163.3     64.7   0.1784   1.7840   0.1000   1.9027  -491.278
 37  25    163.7     64.3   0.1145   1.1455   0.1000   1.2156  -467.176
 37  26    163.0     65.0   0.1952   1.9523   0.1000   2.0879  -491.943
 37  27    163.0     65.0   0.1952   1.9523   0.1000   2.0879  -491.943
 37  28    163.4     64.6   0.1805   1.8052   0.1000   1.9216  -486.935
 37  29    163.7     64.3   0.2209   2.2093   0.1000   2.3457  -497.434
 37  30    163.7     64.3   0.2209   2.2093   0.1000   2.3457  -497.434
 37  31    163.2     64.8   0.2083   2.0828   0.1000   2.2232  -496.452
 37  32    163.1     64.9   0.1463   1.4634   0.1000   1.5645  -481.997
 37  33    162.4     65.6   0.0733   0.7327   0.1000   0.7886  -447.035
 37  34    162.4     65.6   0.0733   0.7327   0.1000   0.7886  -447.035
 37  35    163.2     64.8   0.1079   1.0788   0.1000   1.1518  -462.435
 37  36    164.0     64.0   0.0543   0.5429   0.1000   0.5745  -412.070
 38   1    163.2     64.8   0.4013   4.0126   0.1000   4.2811  -547.002
 38   2    163.9     64.1   0.3907   3.9071   0.1000   4.1363  -533.770
 38   3    164.1     63.9   0.2994   2.9941   0.1000   3.1638  -518.668
 38   4    163.8     64.2   0.3350   3.3497   0.1000   3.5502  -528.695
 38   5    164.2     63.8   0.3278   3.2778   0.1000   3.4612  -524.407
 38   6    164.2     63.8   0.3278   3.2778   0.1000   3.4612  -524.407
 38   7    163.7     64.3   0.3050   3.0499   0.1000   3.2369  -521.125
 38   8    163.7     64.3   0.3050   3.0499   0.1000   3.2369  -521.125
 38   9    163.1     64.9   0.3763   3.7632   0.1000   4.0233  -539.588
 38  10    163.5     64.5   0.3259   3.2594   0.1000   3.4690  -527.508
 38  11    163.5     64.5   0.3259   3.2594   0.1000   3.4690  -527.508
 38  12    163.0     65.0   0.1581   1.5810   0.1000   1.6912  -483.592
 38  13    163.2     64.8   0.2239   2.2393   0.1000   2.3910  -507.253
 38  14    163.3     64.7   0.2574   2.5737   0.1000   2.7449  -514.461
 38  15    163.8     64.2   0.2508   2.5076   0.1000   2.6582  -510.601
 38  16    163.8     64.2   0.2508   2.5076   0.1000   2.6582  -510.601
 38  17    163.8     64.2   0.2508   2.5076   0.1000   2.6582  -510.601
 38  18    162.6     65.4   0.1878   1.8785   0.1000   2.0178  -498.823
 38  19    162.5     65.5   0.1710   1.7095   0.1000   1.8398  -500.006
 38  20    162.5     65.5   0.1867   1.8671   0.1000   2.0079  -493.941
 38  21    163.9     64.1   0.1530   1.5296   0.1000   1.6194  -484.642
 38  22    163.9     64.1   0.1570   1.5703   0.1000   1.6627  -483.245
 38  23    163.9     64.1   0.1570   1.5703   0.1000   1.6627  -483.245
 38  24    163.4     64.6   0.1590   1.5902   0.1000   1.6939  -480.462
 38  25    163.8     64.2   0.1598   1.5979   0.1000   1.6942  -484.283
 38  26    163.1     64.9   0.1694   1.6937   0.1000   1.8090  -487.750
 38  27    163.1     64.9   0.1694   1.6937   0.1000   1.8090  -487.750
 38  28    163.5     64.5   0.1662   1.6621   0.1000   1.7678  -481.069
 38  29    163.8     64.2   0.1872   1.8721   0.1000   1.9857  -488.736
 38  30    163.8     64.2   0.1872   1.8721   0.1000   1.9857  -488.736
 38  31    163.3     64.7   0.1821   1.8206   0.1000   1.9412  -488.923
 38  32    163.2     64.8   0.1513   1.5132   0.1000   1.6160  -482.943
 38  33    162.5     65.5   0.0694   0.6944   0.1000   0.7467  -443.089
 38  34    162.5     65.5   0.0694   0.6944   0.1000   0.7467  -443.089
 38  35    163.3     64.7   0.1246   1.2459   0.1000   1.3289  -462.636
 38  36    164.1     63.9   0.0534   0.5344   0.1000   0.5650  -416.048
 38  37    163.9     64.1   0.0336   0.3360   0.1000   0.3558  -390.764

