Supplemental results for CODEML (seqf: /gpfs/scratch/cltucker/EBH381-Group-Project/SIV_aligned_NEF.fas  treef: )


pairwise comparison (Goldman & Yang 1994)
seq seq        N       S       dN       dS     dN/dS   Paras.
  2   1    359.4    120.6   0.5064  10.1285   0.0500   8.7738 -1174.669
  3   1    356.7    123.3   0.4085   8.1701   0.0500   7.2048 -1155.249
  3   2    354.3    125.7   0.3624   7.2480   0.0500   6.4966 -1142.828
  4   1    357.5    122.5   0.3936   7.8716   0.0500   6.9074 -1141.887
  4   2    355.0    125.0   0.3355   6.7100   0.0500   5.9848 -1132.183
  4   3    352.4    127.6   0.0638   1.2762   0.0500   1.1584 -1009.614
  5   1    356.8    123.2   0.3947   7.8939   0.0500   6.9583 -1141.222
  5   2    354.4    125.6   0.4155   8.3097   0.0500   7.4458 -1156.414
  5   3    351.7    128.3   0.0521   1.0412   0.0500   0.9491  -986.997
  5   4    352.4    127.6   0.0451   0.9019   0.0500   0.8184  -993.697
  6   1    356.8    123.2   0.3947   7.8939   0.0500   6.9583 -1141.222
  6   2    354.4    125.6   0.4155   8.3097   0.0500   7.4458 -1156.414
  6   3    351.7    128.3   0.0521   1.0412   0.0500   0.9491  -986.997
  6   4    352.4    127.6   0.0451   0.9019   0.0500   0.8184  -993.697
  6   5    351.8    128.2   0.0000   0.0000   0.0500   0.0000  -652.070
  7   1    357.3    122.7   0.4127   8.2531   0.0500   7.2502 -1145.013
  7   2    354.9    125.1   0.3832   7.6636   0.0500   6.8434 -1146.536
  7   3    352.2    127.8   0.0544   1.0883   0.0500   0.9891  -994.991
  7   4    352.9    127.1   0.0434   0.8681   0.0500   0.7853  -980.896
  7   5    352.2    127.8   0.0107   0.2150   0.0500   0.1953  -790.978
  7   6    352.2    127.8   0.0107   0.2150   0.0500   0.1953  -790.978
  8   1    357.3    122.7   0.4127   8.2531   0.0500   7.2502 -1145.013
  8   2    354.9    125.1   0.3832   7.6636   0.0500   6.8434 -1146.536
  8   3    352.2    127.8   0.0544   1.0883   0.0500   0.9891  -994.991
  8   4    352.9    127.1   0.0434   0.8681   0.0500   0.7853  -980.896
  8   5    352.2    127.8   0.0107   0.2150   0.0500   0.1953  -790.978
  8   6    352.2    127.8   0.0107   0.2150   0.0500   0.1953  -790.978
  8   7    352.7    127.3   0.0000   0.0000   0.0500   0.0000  -650.549
  9   1    357.4    122.6   0.4056   8.1126   0.0500   7.1214 -1144.573
  9   2    355.0    125.0   0.3979   7.9580   0.0500   7.1003 -1153.185
  9   3    352.3    127.7   0.0436   0.8716   0.0500   0.7914  -983.840
  9   4    353.1    126.9   0.0606   1.2118   0.0500   1.0951 -1013.817
  9   5    352.4    127.6   0.0228   0.4566   0.0500   0.4144  -878.409
  9   6    352.4    127.6   0.0228   0.4566   0.0500   0.4144  -878.409
  9   7    352.9    127.1   0.0207   0.4137   0.0500   0.3743  -854.151
  9   8    352.9    127.1   0.0207   0.4137   0.0500   0.3743  -854.151
 10   1    357.9    122.1   0.4076   8.1518   0.0500   7.1346 -1143.158
 10   2    355.4    124.6   0.4065   8.1306   0.0500   7.2330 -1151.437
 10   3    352.8    127.2   0.0585   1.1694   0.0500   1.0583  -997.939
 10   4    353.5    126.5   0.0546   1.0913   0.0500   0.9831 -1008.787
 10   5    352.9    127.1   0.0188   0.3758   0.0500   0.3400  -853.524
 10   6    352.9    127.1   0.0188   0.3758   0.0500   0.3400  -853.524
 10   7    353.3    126.7   0.0198   0.3963   0.0500   0.3574  -841.470
 10   8    353.3    126.7   0.0198   0.3963   0.0500   0.3574  -841.470
 10   9    353.5    126.5   0.0186   0.3728   0.0500   0.3360  -844.377
 11   1    357.9    122.1   0.4076   8.1518   0.0500   7.1346 -1143.158
 11   2    355.4    124.6   0.4065   8.1306   0.0500   7.2330 -1151.437
 11   3    352.8    127.2   0.0585   1.1694   0.0500   1.0583  -997.939
 11   4    353.5    126.5   0.0546   1.0913   0.0500   0.9831 -1008.787
 11   5    352.9    127.1   0.0188   0.3758   0.0500   0.3400  -853.524
 11   6    352.9    127.1   0.0188   0.3758   0.0500   0.3400  -853.524
 11   7    353.3    126.7   0.0198   0.3963   0.0500   0.3574  -841.470
 11   8    353.3    126.7   0.0198   0.3963   0.0500   0.3574  -841.470
 11   9    353.5    126.5   0.0186   0.3728   0.0500   0.3360  -844.377
 11  10    354.0    126.0   0.0000   0.0000   0.0500   0.0000  -650.432
 12   1    359.5    120.5   0.5396  10.7910   0.0500   9.3366 -1183.916
 12   2    357.2    122.8   0.5173  10.3452   0.0500   9.0961 -1182.534
 12   3    354.6    125.4   0.5167  10.3347   0.0500   9.2446 -1187.470
 12   4    355.3    124.7   0.5082  10.1632   0.0500   9.0495 -1184.704
 12   5    354.7    125.3   0.5270  10.5393   0.0500   9.4238 -1186.930
 12   6    354.7    125.3   0.5270  10.5393   0.0500   9.4238 -1186.930
 12   7    355.1    124.9   0.5112  10.2237   0.0500   9.1140 -1183.731
 12   8    355.1    124.9   0.5112  10.2237   0.0500   9.1140 -1183.731
 12   9    355.3    124.7   0.5024  10.0476   0.0500   8.9487 -1181.540
 12  10    355.8    124.2   0.5429  10.8581   0.0500   9.6380 -1187.449
 12  11    355.8    124.2   0.5429  10.8581   0.0500   9.6380 -1187.449
 13   1    359.3    120.7   0.5543  11.0865   0.0500   9.6078 -1189.688
 13   2    356.9    123.1   0.5471  10.9418   0.0500   9.6374 -1193.554
 13   3    354.3    125.7   0.5530  11.0607   0.0500   9.9173 -1201.214
 13   4    355.0    125.0   0.5430  10.8597   0.0500   9.6899 -1196.689
 13   5    354.3    125.7   0.5017  10.0332   0.0500   8.9931 -1187.569
 13   6    354.3    125.7   0.5017  10.0332   0.0500   8.9931 -1187.569
 13   7    354.8    125.2   0.5278  10.5550   0.0500   9.4295 -1192.785
 13   8    354.8    125.2   0.5278  10.5550   0.0500   9.4295 -1192.785
 13   9    354.9    125.1   0.5396  10.7917   0.0500   9.6322 -1196.116
 13  10    355.4    124.6   0.5277  10.5548   0.0500   9.3924 -1190.529
 13  11    355.4    124.6   0.5277  10.5548   0.0500   9.3924 -1190.529
 13  12    357.1    122.9   0.4324   8.6482   0.0500   7.6063 -1160.738
 14   1    359.2    120.8   0.5185  10.3703   0.0500   8.9958 -1182.557
 14   2    356.8    123.2   0.5401  10.8020   0.0500   9.5232 -1193.221
 14   3    354.1    125.9   0.5404  10.8071   0.0500   9.6992 -1199.495
 14   4    354.8    125.2   0.5375  10.7497   0.0500   9.6007 -1196.386
 14   5    354.2    125.8   0.4939   9.8789   0.0500   8.8630 -1185.081
 14   6    354.2    125.8   0.4939   9.8789   0.0500   8.8630 -1185.081
 14   7    354.7    125.3   0.5099  10.1985   0.0500   9.1192 -1188.446
 14   8    354.7    125.3   0.5099  10.1985   0.0500   9.1192 -1188.446
 14   9    354.8    125.2   0.5091  10.1829   0.0500   9.0974 -1189.280
 14  10    355.2    124.8   0.4977   9.9536   0.0500   8.8659 -1183.615
 14  11    355.2    124.8   0.4977   9.9536   0.0500   8.8659 -1183.615
 14  12    357.0    123.0   0.4126   8.2512   0.0500   7.2643 -1155.605
 14  13    356.7    123.3   0.0057   0.1135   0.0500   0.1001  -734.829
 15   1    359.4    120.6   0.5531  11.0615   0.0500   9.5817 -1189.008
 15   2    357.0    123.0   0.5424  10.8481   0.0500   9.5501 -1193.532
 15   3    354.3    125.7   0.5545  11.0906   0.0500   9.9396 -1202.500
 15   4    355.1    124.9   0.5341  10.6821   0.0500   9.5268 -1196.190
 15   5    354.4    125.6   0.5092  10.1834   0.0500   9.1235 -1188.706
 15   6    354.4    125.6   0.5092  10.1834   0.0500   9.1235 -1188.706
 15   7    354.9    125.1   0.5131  10.2611   0.0500   9.1622 -1189.486
 15   8    354.9    125.1   0.5131  10.2611   0.0500   9.1622 -1189.486
 15   9    355.0    125.0   0.5124  10.2475   0.0500   9.1421 -1190.437
 15  10    355.5    124.5   0.5131  10.2611   0.0500   9.1269 -1187.231
 15  11    355.5    124.5   0.5131  10.2611   0.0500   9.1269 -1187.231
 15  12    357.2    122.8   0.4245   8.4910   0.0500   7.4648 -1159.990
 15  13    356.9    123.1   0.0057   0.1131   0.0500   0.0996  -733.568
 15  14    356.8    123.2   0.0037   0.0736   0.0500   0.0649  -711.478
 16   1    359.2    120.8   0.5467  10.9346   0.0500   9.4805 -1188.067
 16   2    356.9    123.1   0.5489  10.9779   0.0500   9.6735 -1194.831
 16   3    354.2    125.8   0.5609  11.2182   0.0500  10.0626 -1203.762
 16   4    354.9    125.1   0.5405  10.8095   0.0500   9.6491 -1197.524
 16   5    354.2    125.8   0.5033  10.0655   0.0500   9.0256 -1187.575
 16   6    354.2    125.8   0.5033  10.0655   0.0500   9.0256 -1187.575
 16   7    354.7    125.3   0.5193  10.3868   0.0500   9.2829 -1190.903
 16   8    354.7    125.3   0.5193  10.3868   0.0500   9.2829 -1190.903
 16   9    354.9    125.1   0.5185  10.3701   0.0500   9.2598 -1191.797
 16  10    355.3    124.7   0.5072  10.1450   0.0500   9.0313 -1186.112
 16  11    355.3    124.7   0.5072  10.1450   0.0500   9.0313 -1186.112
 16  12    357.1    122.9   0.4302   8.6043   0.0500   7.5708 -1161.450
 16  13    356.8    123.2   0.0053   0.1052   0.0500   0.0927  -727.879
 16  14    356.7    123.3   0.0033   0.0661   0.0500   0.0583  -705.359
 16  15    356.9    123.1   0.0004   0.0071   0.0500   0.0063  -656.816
 17   1    359.2    120.8   0.5467  10.9346   0.0500   9.4805 -1188.067
 17   2    356.9    123.1   0.5489  10.9779   0.0500   9.6735 -1194.831
 17   3    354.2    125.8   0.5609  11.2182   0.0500  10.0626 -1203.762
 17   4    354.9    125.1   0.5405  10.8095   0.0500   9.6491 -1197.524
 17   5    354.2    125.8   0.5033  10.0655   0.0500   9.0256 -1187.575
 17   6    354.2    125.8   0.5033  10.0655   0.0500   9.0256 -1187.575
 17   7    354.7    125.3   0.5193  10.3868   0.0500   9.2829 -1190.903
 17   8    354.7    125.3   0.5193  10.3868   0.0500   9.2829 -1190.903
 17   9    354.9    125.1   0.5185  10.3701   0.0500   9.2598 -1191.797
 17  10    355.3    124.7   0.5072  10.1450   0.0500   9.0313 -1186.112
 17  11    355.3    124.7   0.5072  10.1450   0.0500   9.0313 -1186.112
 17  12    357.1    122.9   0.4302   8.6043   0.0500   7.5708 -1161.450
 17  13    356.8    123.2   0.0053   0.1052   0.0500   0.0927  -727.879
 17  14    356.7    123.3   0.0033   0.0661   0.0500   0.0583  -705.359
 17  15    356.9    123.1   0.0004   0.0071   0.0500   0.0063  -656.816
 17  16    356.7    123.3   0.0000   0.0000   0.0500   0.0000  -647.421
 18   1    357.6    122.4   0.5043  10.0867   0.0500   8.8424 -1178.990
 18   2    355.2    124.8   0.4978   9.9563   0.0500   8.8734 -1180.483
 18   3    352.5    127.5   0.5336  10.6716   0.0500   9.6795 -1194.637
 18   4    353.2    126.8   0.5410  10.8199   0.0500   9.7682 -1195.382
 18   5    352.5    127.5   0.5093  10.1860   0.0500   9.2378 -1185.970
 18   6    352.5    127.5   0.5093  10.1860   0.0500   9.2378 -1185.970
 18   7    353.0    127.0   0.4999   9.9971   0.0500   9.0379 -1182.789
 18   8    353.0    127.0   0.4999   9.9971   0.0500   9.0379 -1182.789
 18   9    353.2    126.8   0.5170  10.3393   0.0500   9.3363 -1187.665
 18  10    353.6    126.4   0.5056  10.1120   0.0500   9.1032 -1183.882
 18  11    353.6    126.4   0.5056  10.1120   0.0500   9.1032 -1183.882
 18  12    355.4    124.6   0.4131   8.2620   0.0500   7.3495 -1157.306
 18  13    355.1    124.9   0.1861   3.7222   0.0500   3.3188 -1058.573
 18  14    355.0    125.0   0.1698   3.3967   0.0500   3.0311 -1052.052
 18  15    355.2    124.8   0.1822   3.6432   0.0500   3.2466 -1054.673
 18  16    355.0    125.0   0.1766   3.5321   0.0500   3.1505 -1052.502
 18  17    355.0    125.0   0.1766   3.5321   0.0500   3.1505 -1052.502
 19   1    359.6    120.4   0.5608  11.2159   0.0500   9.7020 -1185.013
 19   2    357.2    122.8   0.5573  11.1454   0.0500   9.7986 -1193.103
 19   3    354.6    125.4   0.5856  11.7118   0.0500  10.4768 -1204.749
 19   4    355.3    124.7   0.5571  11.1421   0.0500   9.9211 -1196.151
 19   5    354.6    125.4   0.5331  10.6616   0.0500   9.5345 -1192.042
 19   6    354.6    125.4   0.5331  10.6616   0.0500   9.5345 -1192.042
 19   7    355.1    124.9   0.5314  10.6283   0.0500   9.4757 -1191.039
 19   8    355.1    124.9   0.5314  10.6283   0.0500   9.4757 -1191.039
 19   9    355.3    124.7   0.5572  11.1449   0.0500   9.9258 -1196.265
 19  10    355.8    124.2   0.5379  10.7577   0.0500   9.5499 -1189.731
 19  11    355.8    124.2   0.5379  10.7577   0.0500   9.5499 -1189.731
 19  12    357.5    122.5   0.4333   8.6651   0.0500   7.6030 -1158.790
 19  13    357.1    122.9   0.1695   3.3904   0.0500   2.9818 -1055.714
 19  14    357.0    123.0   0.2020   4.0400   0.0500   3.5563 -1066.218
 19  15    357.2    122.8   0.1983   3.9658   0.0500   3.4862 -1063.876
 19  16    357.1    122.9   0.1918   3.8354   0.0500   3.3744 -1061.841
 19  17    357.1    122.9   0.1918   3.8354   0.0500   3.3744 -1061.841
 19  18    355.4    124.6   0.0440   0.8803   0.0500   0.7833  -977.583
 20   1    359.5    120.5   0.4882   9.7636   0.0500   8.4516 -1172.263
 20   2    357.1    122.9   0.5005  10.0101   0.0500   8.8051 -1186.876
 20   3    354.5    125.5   0.4210   8.4190   0.0500   7.5367 -1168.145
 20   4    355.2    124.8   0.4496   8.9916   0.0500   8.0109 -1172.944
 20   5    354.6    125.4   0.4630   9.2592   0.0500   8.2852 -1176.005
 20   6    354.6    125.4   0.4630   9.2592   0.0500   8.2852 -1176.005
 20   7    355.0    125.0   0.4680   9.3605   0.0500   8.3490 -1177.166
 20   8    355.0    125.0   0.4680   9.3605   0.0500   8.3490 -1177.166
 20   9    355.2    124.8   0.4513   9.0269   0.0500   8.0448 -1171.515
 20  10    355.6    124.4   0.4520   9.0398   0.0500   8.0306 -1168.070
 20  11    355.6    124.4   0.4520   9.0398   0.0500   8.0306 -1168.070
 20  12    357.4    122.6   0.3965   7.9310   0.0500   6.9650 -1150.223
 20  13    357.1    122.9   0.4610   9.2198   0.0500   8.1128 -1171.478
 20  14    356.9    123.1   0.4408   8.8156   0.0500   7.7648 -1165.722
 20  15    357.1    122.9   0.4484   8.9685   0.0500   7.8882 -1167.644
 20  16    357.0    123.0   0.4547   9.0934   0.0500   8.0051 -1169.144
 20  17    357.0    123.0   0.4547   9.0934   0.0500   8.0051 -1169.144
 20  18    355.4    124.6   0.4086   8.1728   0.0500   7.2738 -1156.932
 20  19    357.4    122.6   0.4909   9.8176   0.0500   8.6201 -1174.173
 21   1    359.6    120.4   0.5124  10.2487   0.0500   8.8611 -1176.532
 21   2    357.3    122.7   0.4385   8.7709   0.0500   7.7066 -1164.094
 21   3    354.5    125.5   0.4669   9.3379   0.0500   8.3564 -1176.890
 21   4    355.3    124.7   0.4936   9.8713   0.0500   8.7886 -1182.154
 21   5    354.6    125.4   0.5153  10.3063   0.0500   9.2194 -1188.800
 21   6    354.6    125.4   0.5153  10.3063   0.0500   9.2194 -1188.800
 21   7    355.1    124.9   0.5164  10.3276   0.0500   9.2052 -1186.814
 21   8    355.1    124.9   0.5164  10.3276   0.0500   9.2052 -1186.814
 21   9    355.3    124.7   0.5053  10.1064   0.0500   9.0016 -1185.104
 21  10    355.7    124.3   0.4978   9.9566   0.0500   8.8437 -1180.632
 21  11    355.7    124.3   0.4978   9.9566   0.0500   8.8437 -1180.632
 21  12    357.4    122.6   0.4917   9.8350   0.0500   8.6342 -1174.823
 21  13    357.2    122.8   0.4707   9.4131   0.0500   8.2751 -1168.922
 21  14    357.1    122.9   0.4532   9.0631   0.0500   7.9749 -1165.388
 21  15    357.3    122.7   0.4507   9.0133   0.0500   7.9195 -1164.555
 21  16    357.1    122.9   0.4565   9.1299   0.0500   8.0298 -1166.067
 21  17    357.1    122.9   0.4565   9.1299   0.0500   8.0298 -1166.067
 21  18    355.5    124.5   0.4184   8.3676   0.0500   7.4430 -1153.336
 21  19    357.4    122.6   0.4386   8.7721   0.0500   7.6990 -1155.707
 21  20    357.4    122.6   0.3290   6.5800   0.0500   5.7781 -1123.962
 22   1    358.6    121.4   0.5462  10.9240   0.0500   9.5117 -1186.138
 22   2    356.2    123.8   0.4462   8.9238   0.0500   7.8989 -1169.742
 22   3    353.5    126.5   0.4872   9.7439   0.0500   8.7794 -1186.078
 22   4    354.2    125.8   0.4533   9.0659   0.0500   8.1296 -1172.011
 22   5    353.5    126.5   0.4377   8.7542   0.0500   7.8863 -1164.020
 22   6    353.5    126.5   0.4377   8.7542   0.0500   7.8863 -1164.020
 22   7    354.0    126.0   0.4591   9.1811   0.0500   8.2441 -1169.824
 22   8    354.0    126.0   0.4591   9.1811   0.0500   8.2441 -1169.824
 22   9    354.2    125.8   0.4503   9.0053   0.0500   8.0772 -1168.305
 22  10    354.6    125.4   0.4528   9.0551   0.0500   8.0977 -1165.775
 22  11    354.6    125.4   0.4528   9.0551   0.0500   8.0977 -1165.775
 22  12    356.4    123.6   0.4924   9.8472   0.0500   8.7017 -1178.043
 22  13    356.1    123.9   0.4280   8.5593   0.0500   7.5800 -1157.775
 22  14    356.0    124.0   0.4065   8.1291   0.0500   7.2051 -1151.505
 22  15    356.2    123.8   0.4179   8.3581   0.0500   7.3976 -1154.183
 22  16    356.1    123.9   0.4196   8.3911   0.0500   7.4338 -1155.093
 22  17    356.1    123.9   0.4196   8.3911   0.0500   7.4338 -1155.093
 22  18    354.3    125.7   0.3605   7.2093   0.0500   6.4631 -1136.575
 22  19    356.4    123.6   0.4211   8.4229   0.0500   7.4451 -1153.890
 22  20    356.4    123.6   0.2816   5.6326   0.0500   4.9795 -1110.737
 22  21    356.5    123.5   0.2814   5.6274   0.0500   4.9711 -1105.056
 23   1    358.4    121.6   0.5444  10.8879   0.0500   9.4948 -1186.175
 23   2    356.0    124.0   0.4417   8.8342   0.0500   7.8317 -1169.591
 23   3    353.3    126.7   0.4936   9.8715   0.0500   8.9092 -1188.288
 23   4    354.0    126.0   0.4434   8.8679   0.0500   7.9649 -1169.837
 23   5    353.3    126.7   0.4289   8.5788   0.0500   7.7412 -1161.956
 23   6    353.3    126.7   0.4289   8.5788   0.0500   7.7412 -1161.956
 23   7    353.8    126.2   0.4490   8.9802   0.0500   8.0767 -1167.564
 23   8    353.8    126.2   0.4490   8.9802   0.0500   8.0767 -1167.564
 23   9    354.0    126.0   0.4405   8.8095   0.0500   7.9145 -1166.082
 23  10    354.4    125.6   0.4429   8.8576   0.0500   7.9345 -1163.756
 23  11    354.4    125.6   0.4429   8.8576   0.0500   7.9345 -1163.756
 23  12    356.2    123.8   0.4975   9.9508   0.0500   8.8080 -1180.347
 23  13    355.9    124.1   0.4273   8.5459   0.0500   7.5800 -1157.870
 23  14    355.8    124.2   0.4059   8.1183   0.0500   7.2068 -1151.583
 23  15    356.0    124.0   0.4172   8.3448   0.0500   7.3974 -1154.256
 23  16    355.8    124.2   0.4189   8.3776   0.0500   7.4336 -1155.178
 23  17    355.8    124.2   0.4189   8.3776   0.0500   7.4336 -1155.178
 23  18    354.0    126.0   0.3645   7.2905   0.0500   6.5464 -1138.932
 23  19    356.1    123.9   0.4206   8.4119   0.0500   7.4476 -1154.314
 23  20    356.1    123.9   0.2823   5.6464   0.0500   4.9997 -1110.953
 23  21    356.3    123.7   0.2867   5.7333   0.0500   5.0722 -1107.846
 23  22    355.1    124.9   0.0021   0.0430   0.0500   0.0383  -682.116
 24   1    356.9    123.1   0.5260  10.5209   0.0500   9.2659 -1185.681
 24   2    354.5    125.5   0.4785   9.5705   0.0500   8.5679 -1179.761
 24   3    351.9    128.1   0.4882   9.7649   0.0500   8.8947 -1188.804
 24   4    352.6    127.4   0.4578   9.1559   0.0500   8.3016 -1174.717
 24   5    351.9    128.1   0.4424   8.8474   0.0500   8.0566 -1168.676
 24   6    351.9    128.1   0.4424   8.8474   0.0500   8.0566 -1168.676
 24   7    352.4    127.6   0.4414   8.8281   0.0500   8.0145 -1168.537
 24   8    352.4    127.6   0.4414   8.8281   0.0500   8.0145 -1168.537
 24   9    352.5    127.5   0.4411   8.8223   0.0500   8.0009 -1168.061
 24  10    353.0    127.0   0.4391   8.7811   0.0500   7.9379 -1164.597
 24  11    353.0    127.0   0.4391   8.7811   0.0500   7.9379 -1164.597
 24  12    354.8    125.2   0.4569   9.1377   0.0500   8.1642 -1178.102
 24  13    354.4    125.6   0.4221   8.4416   0.0500   7.5600 -1162.364
 24  14    354.3    125.7   0.3972   7.9438   0.0500   7.1207 -1155.061
 24  15    354.5    125.5   0.4039   8.0782   0.0500   7.2311 -1156.584
 24  16    354.4    125.6   0.4055   8.1094   0.0500   7.2653 -1157.465
 24  17    354.4    125.6   0.4055   8.1094   0.0500   7.2653 -1157.465
 24  18    352.7    127.3   0.3755   7.5098   0.0500   6.8048 -1147.073
 24  19    354.8    125.2   0.4224   8.4476   0.0500   7.5483 -1157.690
 24  20    354.7    125.3   0.2940   5.8801   0.0500   5.2572 -1118.732
 24  21    354.7    125.3   0.2734   5.4673   0.0500   4.8862 -1111.624
 24  22    353.7    126.3   0.0708   1.4161   0.0500   1.2746 -1010.401
 24  23    353.4    126.6   0.0702   1.4032   0.0500   1.2650 -1010.658
 25   1    358.6    121.4   0.5165  10.3291   0.0500   8.9930 -1179.833
 25   2    356.2    123.8   0.4955   9.9100   0.0500   8.7712 -1182.505
 25   3    353.5    126.5   0.4812   9.6245   0.0500   8.6704 -1184.396
 25   4    354.3    125.7   0.5008  10.0160   0.0500   8.9805 -1181.828
 25   5    353.6    126.4   0.4400   8.8008   0.0500   7.9270 -1163.387
 25   6    353.6    126.4   0.4400   8.8008   0.0500   7.9270 -1163.387
 25   7    354.0    126.0   0.4716   9.4313   0.0500   8.4677 -1171.650
 25   8    354.0    126.0   0.4716   9.4313   0.0500   8.4677 -1171.650
 25   9    354.2    125.8   0.4285   8.5698   0.0500   7.6855 -1161.451
 25  10    354.7    125.3   0.4256   8.5119   0.0500   7.6106 -1156.492
 25  11    354.7    125.3   0.4256   8.5119   0.0500   7.6106 -1156.492
 25  12    356.5    123.5   0.4594   9.1876   0.0500   8.1175 -1170.155
 25  13    356.1    123.9   0.4548   9.0960   0.0500   8.0545 -1168.985
 25  14    356.0    124.0   0.4372   8.7432   0.0500   7.7486 -1164.322
 25  15    356.2    123.8   0.4432   8.8637   0.0500   7.8444 -1165.530
 25  16    356.1    123.9   0.4450   8.8991   0.0500   7.8830 -1166.416
 25  17    356.1    123.9   0.4450   8.8991   0.0500   7.8830 -1166.416
 25  18    354.3    125.7   0.3989   7.9787   0.0500   7.1519 -1151.496
 25  19    356.4    123.6   0.4385   8.7694   0.0500   7.7502 -1160.047
 25  20    356.4    123.6   0.2698   5.3962   0.0500   4.7699 -1102.857
 25  21    356.5    123.5   0.3256   6.5125   0.0500   5.7528 -1128.405
 25  22    355.3    124.7   0.0951   1.9025   0.0500   1.6937 -1013.101
 25  23    355.1    124.9   0.0918   1.8366   0.0500   1.6376 -1012.593
 25  24    353.7    126.3   0.0356   0.7125   0.0500   0.6412  -919.645
 26   1    360.1    119.9   0.6054  12.1084   0.0500  10.4383 -1192.349
 26   2    357.7    122.3   0.5247  10.4946   0.0500   9.1935 -1187.069
 26   3    355.0    125.0   0.4889   9.7770   0.0500   8.7247 -1185.633
 26   4    355.8    124.2   0.4402   8.8044   0.0500   7.8160 -1165.778
 26   5    355.0    125.0   0.4682   9.3645   0.0500   8.3531 -1171.703
 26   6    355.0    125.0   0.4682   9.3645   0.0500   8.3531 -1171.703
 26   7    355.6    124.4   0.4890   9.7801   0.0500   8.6914 -1175.638
 26   8    355.6    124.4   0.4890   9.7801   0.0500   8.6914 -1175.638
 26   9    355.7    124.3   0.4775   9.5502   0.0500   8.4818 -1173.293
 26  10    356.1    123.9   0.4785   9.5700   0.0500   8.4767 -1171.557
 26  11    356.1    123.9   0.4785   9.5700   0.0500   8.4767 -1171.557
 26  12    357.8    122.2   0.5111  10.2216   0.0500   8.9488 -1185.859
 26  13    357.6    122.4   0.5556  11.1127   0.0500   9.7403 -1190.055
 26  14    357.5    122.5   0.5308  10.6160   0.0500   9.3138 -1184.960
 26  15    357.7    122.3   0.5384  10.7675   0.0500   9.4328 -1186.476
 26  16    357.6    122.4   0.5447  10.8950   0.0500   9.5540 -1187.843
 26  17    357.6    122.4   0.5447  10.8950   0.0500   9.5540 -1187.843
 26  18    355.9    124.1   0.4836   9.6714   0.0500   8.5771 -1169.675
 26  19    357.9    122.1   0.4924   9.8482   0.0500   8.6188 -1168.740
 26  20    357.8    122.2   0.3046   6.0927   0.0500   5.3351 -1116.407
 26  21    358.0    122.0   0.2530   5.0590   0.0500   4.4222 -1097.479
 26  22    356.9    123.1   0.2461   4.9212   0.0500   4.3341 -1088.478
 26  23    356.7    123.3   0.2480   4.9608   0.0500   4.3753 -1088.881
 26  24    355.2    124.8   0.2650   5.3010   0.0500   4.7240 -1101.791
 26  25    356.9    123.1   0.3130   6.2593   0.0500   5.5125 -1115.253
 27   1    360.1    119.9   0.6054  12.1084   0.0500  10.4383 -1192.349
 27   2    357.7    122.3   0.5247  10.4946   0.0500   9.1935 -1187.069
 27   3    355.0    125.0   0.4889   9.7770   0.0500   8.7247 -1185.633
 27   4    355.8    124.2   0.4402   8.8044   0.0500   7.8160 -1165.778
 27   5    355.0    125.0   0.4682   9.3645   0.0500   8.3531 -1171.703
 27   6    355.0    125.0   0.4682   9.3645   0.0500   8.3531 -1171.703
 27   7    355.6    124.4   0.4890   9.7801   0.0500   8.6914 -1175.638
 27   8    355.6    124.4   0.4890   9.7801   0.0500   8.6914 -1175.638
 27   9    355.7    124.3   0.4775   9.5502   0.0500   8.4818 -1173.293
 27  10    356.1    123.9   0.4785   9.5700   0.0500   8.4767 -1171.557
 27  11    356.1    123.9   0.4785   9.5700   0.0500   8.4767 -1171.557
 27  12    357.8    122.2   0.5111  10.2216   0.0500   8.9488 -1185.859
 27  13    357.6    122.4   0.5556  11.1127   0.0500   9.7403 -1190.055
 27  14    357.5    122.5   0.5308  10.6160   0.0500   9.3138 -1184.960
 27  15    357.7    122.3   0.5384  10.7675   0.0500   9.4328 -1186.476
 27  16    357.6    122.4   0.5447  10.8950   0.0500   9.5540 -1187.843
 27  17    357.6    122.4   0.5447  10.8950   0.0500   9.5540 -1187.843
 27  18    355.9    124.1   0.4836   9.6714   0.0500   8.5771 -1169.675
 27  19    357.9    122.1   0.4924   9.8482   0.0500   8.6188 -1168.740
 27  20    357.8    122.2   0.3046   6.0927   0.0500   5.3351 -1116.407
 27  21    358.0    122.0   0.2530   5.0590   0.0500   4.4222 -1097.479
 27  22    356.9    123.1   0.2461   4.9212   0.0500   4.3341 -1088.478
 27  23    356.7    123.3   0.2480   4.9608   0.0500   4.3753 -1088.881
 27  24    355.2    124.8   0.2650   5.3010   0.0500   4.7240 -1101.791
 27  25    356.9    123.1   0.3130   6.2593   0.0500   5.5125 -1115.253
 27  26    358.5    121.5   0.0000   0.0000   0.0500   0.0000  -645.140
 28   1    358.9    121.1   0.5054  10.1082   0.0500   8.7814 -1178.282
 28   2    356.6    123.4   0.5056  10.1128   0.0500   8.9276 -1187.155
 28   3    353.9    126.1   0.4776   9.5525   0.0500   8.5842 -1183.467
 28   4    354.7    125.3   0.4347   8.6933   0.0500   7.7740 -1166.539
 28   5    354.0    126.0   0.4233   8.4655   0.0500   7.6039 -1163.080
 28   6    354.0    126.0   0.4233   8.4655   0.0500   7.6039 -1163.080
 28   7    354.5    125.5   0.4610   9.2199   0.0500   8.2539 -1172.992
 28   8    354.5    125.5   0.4610   9.2199   0.0500   8.2539 -1172.992
 28   9    354.6    125.4   0.4533   9.0660   0.0500   8.1101 -1170.708
 28  10    355.1    124.9   0.4334   8.6674   0.0500   7.7298 -1162.841
 28  11    355.1    124.9   0.4334   8.6674   0.0500   7.7298 -1162.841
 28  12    356.8    123.2   0.4769   9.5371   0.0500   8.4080 -1182.348
 28  13    356.5    123.5   0.4911   9.8226   0.0500   8.6748 -1182.661
 28  14    356.4    123.6   0.4712   9.4233   0.0500   8.3304 -1177.253
 28  15    356.6    123.4   0.4789   9.5782   0.0500   8.4552 -1179.717
 28  16    356.5    123.5   0.4731   9.4621   0.0500   8.3602 -1178.596
 28  17    356.5    123.5   0.4731   9.4621   0.0500   8.3602 -1178.596
 28  18    354.8    125.2   0.4613   9.2267   0.0500   8.2419 -1174.353
 28  19    356.8    123.2   0.4899   9.7979   0.0500   8.6354 -1176.323
 28  20    356.7    123.3   0.2517   5.0344   0.0500   4.4408 -1094.074
 28  21    356.8    123.2   0.2568   5.1363   0.0500   4.5263 -1103.526
 28  22    355.8    124.2   0.2812   5.6239   0.0500   4.9898 -1107.244
 28  23    355.6    124.4   0.2815   5.6302   0.0500   5.0033 -1107.299
 28  24    354.1    125.9   0.2786   5.5729   0.0500   5.0015 -1113.042
 28  25    355.8    124.2   0.2460   4.9196   0.0500   4.3645 -1091.549
 28  26    357.3    122.7   0.2611   5.2217   0.0500   4.5881 -1095.959
 28  27    357.3    122.7   0.2611   5.2217   0.0500   4.5881 -1095.959
 29   1    357.9    122.1   0.5637  11.2749   0.0500   9.8672 -1195.044
 29   2    355.5    124.5   0.5411  10.8220   0.0500   9.6249 -1192.261
 29   3    352.8    127.2   0.4834   9.6678   0.0500   8.7533 -1182.065
 29   4    353.5    126.5   0.4984   9.9677   0.0500   8.9806 -1182.648
 29   5    352.8    127.2   0.4568   9.1356   0.0500   8.2680 -1172.748
 29   6    352.8    127.2   0.4568   9.1356   0.0500   8.2680 -1172.748
 29   7    353.4    126.6   0.4899   9.7972   0.0500   8.8367 -1179.782
 29   8    353.4    126.6   0.4899   9.7972   0.0500   8.8367 -1179.782
 29   9    353.5    126.5   0.4665   9.3306   0.0500   8.4095 -1173.845
 29  10    353.9    126.1   0.4492   8.9830   0.0500   8.0722 -1167.670
 29  11    353.9    126.1   0.4492   8.9830   0.0500   8.0722 -1167.670
 29  12    355.7    124.3   0.5168  10.3353   0.0500   9.1804 -1189.591
 29  13    355.4    124.6   0.4904   9.8082   0.0500   8.7269 -1184.027
 29  14    355.3    124.7   0.4650   9.3000   0.0500   8.2828 -1177.241
 29  15    355.5    124.5   0.4799   9.5972   0.0500   8.5352 -1181.098
 29  16    355.3    124.7   0.4736   9.4728   0.0500   8.4323 -1179.898
 29  17    355.3    124.7   0.4736   9.4728   0.0500   8.4323 -1179.898
 29  18    353.7    126.3   0.4810   9.6201   0.0500   8.6586 -1178.835
 29  19    355.7    124.3   0.4845   9.6897   0.0500   8.6048 -1178.664
 29  20    355.6    124.4   0.2886   5.7724   0.0500   5.1299 -1109.182
 29  21    355.8    124.2   0.2646   5.2922   0.0500   4.6979 -1103.513
 29  22    354.7    125.3   0.3042   6.0846   0.0500   5.4394 -1109.719
 29  23    354.5    125.5   0.3095   6.1892   0.0500   5.5415 -1112.390
 29  24    353.0    127.0   0.3279   6.5579   0.0500   5.9300 -1130.201
 29  25    354.7    125.3   0.2879   5.7581   0.0500   5.1470 -1108.217
 29  26    356.2    123.8   0.3256   6.5120   0.0500   5.7638 -1121.699
 29  27    356.2    123.8   0.3256   6.5120   0.0500   5.7638 -1121.699
 29  28    355.0    125.0   0.0543   1.0858   0.0500   0.9685  -982.933
 30   1    357.9    122.1   0.5637  11.2749   0.0500   9.8672 -1195.044
 30   2    355.5    124.5   0.5411  10.8220   0.0500   9.6249 -1192.261
 30   3    352.8    127.2   0.4834   9.6678   0.0500   8.7533 -1182.065
 30   4    353.5    126.5   0.4984   9.9677   0.0500   8.9806 -1182.648
 30   5    352.8    127.2   0.4568   9.1356   0.0500   8.2680 -1172.748
 30   6    352.8    127.2   0.4568   9.1356   0.0500   8.2680 -1172.748
 30   7    353.4    126.6   0.4899   9.7972   0.0500   8.8367 -1179.782
 30   8    353.4    126.6   0.4899   9.7972   0.0500   8.8367 -1179.782
 30   9    353.5    126.5   0.4665   9.3306   0.0500   8.4095 -1173.845
 30  10    353.9    126.1   0.4492   8.9830   0.0500   8.0722 -1167.670
 30  11    353.9    126.1   0.4492   8.9830   0.0500   8.0722 -1167.670
 30  12    355.7    124.3   0.5168  10.3353   0.0500   9.1804 -1189.591
 30  13    355.4    124.6   0.4904   9.8082   0.0500   8.7269 -1184.027
 30  14    355.3    124.7   0.4650   9.3000   0.0500   8.2828 -1177.241
 30  15    355.5    124.5   0.4799   9.5972   0.0500   8.5352 -1181.098
 30  16    355.3    124.7   0.4736   9.4728   0.0500   8.4323 -1179.898
 30  17    355.3    124.7   0.4736   9.4728   0.0500   8.4323 -1179.898
 30  18    353.7    126.3   0.4810   9.6201   0.0500   8.6586 -1178.835
 30  19    355.7    124.3   0.4845   9.6897   0.0500   8.6048 -1178.664
 30  20    355.6    124.4   0.2886   5.7724   0.0500   5.1299 -1109.182
 30  21    355.8    124.2   0.2646   5.2922   0.0500   4.6979 -1103.513
 30  22    354.7    125.3   0.3042   6.0846   0.0500   5.4394 -1109.719
 30  23    354.5    125.5   0.3095   6.1892   0.0500   5.5415 -1112.390
 30  24    353.0    127.0   0.3279   6.5579   0.0500   5.9300 -1130.201
 30  25    354.7    125.3   0.2879   5.7581   0.0500   5.1470 -1108.217
 30  26    356.2    123.8   0.3256   6.5120   0.0500   5.7638 -1121.699
 30  27    356.2    123.8   0.3256   6.5120   0.0500   5.7638 -1121.699
 30  28    355.0    125.0   0.0543   1.0858   0.0500   0.9685  -982.933
 30  29    353.9    126.1   0.0000   0.0000   0.0500   0.0000  -650.986
 31   1    359.5    120.5   0.5891  11.7820   0.0500  10.1967 -1193.879
 31   2    357.1    122.9   0.4935   9.8707   0.0500   8.6816 -1179.067
 31   3    354.4    125.6   0.5167  10.3349   0.0500   9.2570 -1189.169
 31   4    355.2    124.8   0.5265  10.5299   0.0500   9.3839 -1187.636
 31   5    354.5    125.5   0.5009  10.0183   0.0500   8.9699 -1181.020
 31   6    354.5    125.5   0.5009  10.0183   0.0500   8.9699 -1181.020
 31   7    355.0    125.0   0.5285  10.5697   0.0500   9.4300 -1186.676
 31   8    355.0    125.0   0.5285  10.5697   0.0500   9.4300 -1186.676
 31   9    355.1    124.9   0.4966   9.9313   0.0500   8.8538 -1180.445
 31  10    355.5    124.5   0.5026  10.0525   0.0500   8.9368 -1179.529
 31  11    355.5    124.5   0.5026  10.0525   0.0500   8.9368 -1179.529
 31  12    357.3    122.7   0.5188  10.3762   0.0500   9.1175 -1184.622
 31  13    357.1    122.9   0.4857   9.7134   0.0500   8.5474 -1177.609
 31  14    356.9    123.1   0.4600   9.2008   0.0500   8.1040 -1170.411
 31  15    357.1    122.9   0.4683   9.3658   0.0500   8.2373 -1173.232
 31  16    357.0    123.0   0.4743   9.4861   0.0500   8.3513 -1174.709
 31  17    357.0    123.0   0.4743   9.4861   0.0500   8.3513 -1174.709
 31  18    355.3    124.7   0.4238   8.4760   0.0500   7.5467 -1157.563
 31  19    357.3    122.7   0.4365   8.7295   0.0500   7.6687 -1160.357
 31  20    357.2    122.8   0.3356   6.7117   0.0500   5.8994 -1132.196
 31  21    357.4    122.6   0.3088   6.1768   0.0500   5.4214 -1117.581
 31  22    356.3    123.7   0.2636   5.2728   0.0500   4.6624 -1094.474
 31  23    356.1    123.9   0.2679   5.3575   0.0500   4.7445 -1096.930
 31  24    354.6    125.4   0.3063   6.1263   0.0500   5.4802 -1122.895
 31  25    356.3    123.7   0.2790   5.5801   0.0500   4.9339 -1104.953
 31  26    357.9    122.1   0.3404   6.8089   0.0500   5.9580 -1126.706
 31  27    357.9    122.1   0.3404   6.8089   0.0500   5.9580 -1126.706
 31  28    356.7    123.3   0.0980   1.9597   0.0500   1.7286 -1038.208
 31  29    355.6    124.4   0.1017   2.0341   0.0500   1.8075 -1037.900
 31  30    355.6    124.4   0.1017   2.0341   0.0500   1.8075 -1037.900
 32   1    358.9    121.1   0.5357  10.7137   0.0500   9.3102 -1185.312
 32   2    356.6    123.4   0.5119  10.2388   0.0500   9.0406 -1184.496
 32   3    353.8    126.2   0.5158  10.3154   0.0500   9.2755 -1191.839
 32   4    354.6    125.4   0.5094  10.1881   0.0500   9.1143 -1186.534
 32   5    353.9    126.1   0.4744   9.4889   0.0500   8.5280 -1176.368
 32   6    353.9    126.1   0.4744   9.4889   0.0500   8.5280 -1176.368
 32   7    354.4    125.6   0.5075  10.1493   0.0500   9.0886 -1184.254
 32   8    354.4    125.6   0.5075  10.1493   0.0500   9.0886 -1184.254
 32   9    354.5    125.5   0.4869   9.7372   0.0500   8.7147 -1181.388
 32  10    355.0    125.0   0.4819   9.6380   0.0500   8.6015 -1177.008
 32  11    355.0    125.0   0.4819   9.6380   0.0500   8.6015 -1177.008
 32  12    356.7    123.3   0.4747   9.4950   0.0500   8.3772 -1176.079
 32  13    356.5    123.5   0.4700   9.4005   0.0500   8.3042 -1177.824
 32  14    356.3    123.7   0.4458   8.9162   0.0500   7.8843 -1170.426
 32  15    356.6    123.4   0.4433   8.8665   0.0500   7.8289 -1170.368
 32  16    356.4    123.6   0.4491   8.9823   0.0500   7.9387 -1171.920
 32  17    356.4    123.6   0.4491   8.9823   0.0500   7.9387 -1171.920
 32  18    354.8    125.2   0.4219   8.4373   0.0500   7.5383 -1160.096
 32  19    356.7    123.3   0.4239   8.4782   0.0500   7.4764 -1159.551
 32  20    356.6    123.4   0.3228   6.4555   0.0500   5.6976 -1124.494
 32  21    356.8    123.2   0.2875   5.7498   0.0500   5.0669 -1111.903
 32  22    355.8    124.2   0.2928   5.8559   0.0500   5.1963 -1104.892
 32  23    355.6    124.4   0.2970   5.9397   0.0500   5.2785 -1107.234
 32  24    354.0    126.0   0.2948   5.8962   0.0500   5.2944 -1118.187
 32  25    355.8    124.2   0.2900   5.8002   0.0500   5.1466 -1105.657
 32  26    357.3    122.7   0.3089   6.1775   0.0500   5.4275 -1115.060
 32  27    357.3    122.7   0.3089   6.1775   0.0500   5.4275 -1115.060
 32  28    356.1    123.9   0.0632   1.2645   0.0500   1.1200  -999.478
 32  29    355.0    125.0   0.0914   1.8286   0.0500   1.6315 -1035.437
 32  30    355.0    125.0   0.0914   1.8286   0.0500   1.6315 -1035.437
 32  31    356.7    123.3   0.0450   0.9003   0.0500   0.7942  -960.701
 33   1    357.7    122.3   0.5340  10.6809   0.0500   9.3559 -1187.817
 33   2    355.3    124.7   0.4265   8.5300   0.0500   7.5941 -1167.273
 33   3    352.7    127.3   0.5358  10.7157   0.0500   9.7068 -1201.167
 33   4    353.4    126.6   0.4639   9.2779   0.0500   8.3654 -1179.231
 33   5    352.8    127.2   0.4766   9.5323   0.0500   8.6317 -1181.258
 33   6    352.8    127.2   0.4766   9.5323   0.0500   8.6317 -1181.258
 33   7    353.2    126.8   0.4667   9.3337   0.0500   8.4257 -1178.882
 33   8    353.2    126.8   0.4667   9.3337   0.0500   8.4257 -1178.882
 33   9    353.4    126.6   0.4762   9.5231   0.0500   8.5887 -1180.593
 33  10    353.9    126.1   0.4638   9.2756   0.0500   8.3381 -1175.924
 33  11    353.9    126.1   0.4638   9.2756   0.0500   8.3381 -1175.924
 33  12    355.6    124.4   0.4980   9.9600   0.0500   8.8501 -1187.077
 33  13    355.3    124.7   0.4978   9.9556   0.0500   8.8661 -1181.664
 33  14    355.1    124.9   0.4619   9.2381   0.0500   8.2351 -1173.296
 33  15    355.3    124.7   0.4571   9.1429   0.0500   8.1388 -1173.027
 33  16    355.2    124.8   0.4630   9.2597   0.0500   8.2498 -1174.461
 33  17    355.2    124.8   0.4630   9.2597   0.0500   8.2498 -1174.461
 33  18    353.5    126.5   0.4292   8.5839   0.0500   7.7330 -1164.045
 33  19    355.6    124.4   0.4253   8.5066   0.0500   7.5584 -1159.104
 33  20    355.5    124.5   0.2868   5.7360   0.0500   5.1005 -1110.542
 33  21    355.6    124.4   0.2073   4.1453   0.0500   3.6844 -1080.354
 33  22    354.5    125.5   0.2654   5.3079   0.0500   4.7499 -1094.384
 33  23    354.3    125.7   0.2649   5.2989   0.0500   4.7497 -1094.581
 33  24    352.9    127.1   0.2818   5.6367   0.0500   5.1000 -1113.864
 33  25    354.6    125.4   0.2785   5.5704   0.0500   4.9840 -1107.895
 33  26    356.0    124.0   0.2651   5.3027   0.0500   4.6998 -1099.187
 33  27    356.0    124.0   0.2651   5.3027   0.0500   4.6998 -1099.187
 33  28    354.9    125.1   0.1629   3.2588   0.0500   2.9089 -1052.513
 33  29    353.8    126.2   0.2020   4.0394   0.0500   3.6328 -1073.635
 33  30    353.8    126.2   0.2020   4.0394   0.0500   3.6328 -1073.635
 33  31    355.4    124.6   0.2089   4.1772   0.0500   3.7161 -1078.275
 33  32    354.8    125.2   0.2124   4.2477   0.0500   3.7939 -1082.051
 34   1    357.7    122.3   0.5340  10.6809   0.0500   9.3559 -1187.817
 34   2    355.3    124.7   0.4265   8.5300   0.0500   7.5941 -1167.273
 34   3    352.7    127.3   0.5358  10.7157   0.0500   9.7068 -1201.167
 34   4    353.4    126.6   0.4639   9.2779   0.0500   8.3654 -1179.231
 34   5    352.8    127.2   0.4766   9.5323   0.0500   8.6317 -1181.258
 34   6    352.8    127.2   0.4766   9.5323   0.0500   8.6317 -1181.258
 34   7    353.2    126.8   0.4667   9.3337   0.0500   8.4257 -1178.882
 34   8    353.2    126.8   0.4667   9.3337   0.0500   8.4257 -1178.882
 34   9    353.4    126.6   0.4762   9.5231   0.0500   8.5887 -1180.593
 34  10    353.9    126.1   0.4638   9.2756   0.0500   8.3381 -1175.924
 34  11    353.9    126.1   0.4638   9.2756   0.0500   8.3381 -1175.924
 34  12    355.6    124.4   0.4980   9.9600   0.0500   8.8501 -1187.077
 34  13    355.3    124.7   0.4978   9.9556   0.0500   8.8661 -1181.664
 34  14    355.1    124.9   0.4619   9.2381   0.0500   8.2351 -1173.296
 34  15    355.3    124.7   0.4571   9.1429   0.0500   8.1388 -1173.027
 34  16    355.2    124.8   0.4630   9.2597   0.0500   8.2498 -1174.461
 34  17    355.2    124.8   0.4630   9.2597   0.0500   8.2498 -1174.461
 34  18    353.5    126.5   0.4292   8.5839   0.0500   7.7330 -1164.045
 34  19    355.6    124.4   0.4253   8.5066   0.0500   7.5584 -1159.104
 34  20    355.5    124.5   0.2868   5.7360   0.0500   5.1005 -1110.542
 34  21    355.6    124.4   0.2073   4.1453   0.0500   3.6844 -1080.354
 34  22    354.5    125.5   0.2654   5.3079   0.0500   4.7499 -1094.384
 34  23    354.3    125.7   0.2649   5.2989   0.0500   4.7497 -1094.581
 34  24    352.9    127.1   0.2818   5.6367   0.0500   5.1000 -1113.864
 34  25    354.6    125.4   0.2785   5.5704   0.0500   4.9840 -1107.895
 34  26    356.0    124.0   0.2651   5.3027   0.0500   4.6998 -1099.187
 34  27    356.0    124.0   0.2651   5.3027   0.0500   4.6998 -1099.187
 34  28    354.9    125.1   0.1629   3.2588   0.0500   2.9089 -1052.513
 34  29    353.8    126.2   0.2020   4.0394   0.0500   3.6328 -1073.635
 34  30    353.8    126.2   0.2020   4.0394   0.0500   3.6328 -1073.635
 34  31    355.4    124.6   0.2089   4.1772   0.0500   3.7161 -1078.275
 34  32    354.8    125.2   0.2124   4.2477   0.0500   3.7939 -1082.051
 34  33    353.7    126.3   0.0000   0.0000   0.0500   0.0000  -651.173
 35   1    360.0    120.0   0.6112  12.2239   0.0500  10.5422 -1199.234
 35   2    357.7    122.3   0.4230   8.4591   0.0500   7.4115 -1163.690
 35   3    355.0    125.0   0.4912   9.8241   0.0500   8.7633 -1184.120
 35   4    355.8    124.2   0.4507   9.0149   0.0500   8.0011 -1171.988
 35   5    355.1    124.9   0.4783   9.5661   0.0500   8.5283 -1179.750
 35   6    355.1    124.9   0.4783   9.5661   0.0500   8.5283 -1179.750
 35   7    355.6    124.4   0.4721   9.4416   0.0500   8.3879 -1178.419
 35   8    355.6    124.4   0.4721   9.4416   0.0500   8.3879 -1178.419
 35   9    355.7    124.3   0.5010  10.0201   0.0500   8.8972 -1184.699
 35  10    356.2    123.8   0.4651   9.3028   0.0500   8.2356 -1174.110
 35  11    356.2    123.8   0.4651   9.3028   0.0500   8.2356 -1174.110
 35  12    357.8    122.2   0.5008  10.0155   0.0500   8.7666 -1176.110
 35  13    357.6    122.4   0.4555   9.1105   0.0500   7.9853 -1165.165
 35  14    357.5    122.5   0.4442   8.8839   0.0500   7.7949 -1163.593
 35  15    357.7    122.3   0.4347   8.6949   0.0500   7.6179 -1161.764
 35  16    357.6    122.4   0.4404   8.8085   0.0500   7.7245 -1163.251
 35  17    357.6    122.4   0.4404   8.8085   0.0500   7.7245 -1163.251
 35  18    356.0    124.0   0.4401   8.8012   0.0500   7.7999 -1161.631
 35  19    357.9    122.1   0.4210   8.4206   0.0500   7.3664 -1152.820
 35  20    357.8    122.2   0.2684   5.3675   0.0500   4.7006 -1097.641
 35  21    358.0    122.0   0.2831   5.6624   0.0500   4.9522 -1100.825
 35  22    357.0    123.0   0.3106   6.2112   0.0500   5.4674 -1113.910
 35  23    356.8    123.2   0.3150   6.2991   0.0500   5.5533 -1116.587
 35  24    355.2    124.8   0.3126   6.2528   0.0500   5.5697 -1126.034
 35  25    357.0    123.0   0.3272   6.5432   0.0500   5.7594 -1125.942
 35  26    358.4    121.6   0.2902   5.8039   0.0500   5.0613 -1110.410
 35  27    358.4    121.6   0.2902   5.8039   0.0500   5.0613 -1110.410
 35  28    357.2    122.8   0.1957   3.9137   0.0500   3.4400 -1071.667
 35  29    356.1    123.9   0.2330   4.6596   0.0500   4.1255 -1078.350
 35  30    356.1    123.9   0.2330   4.6596   0.0500   4.1255 -1078.350
 35  31    357.8    122.2   0.2442   4.8840   0.0500   4.2756 -1087.879
 35  32    357.2    122.8   0.2235   4.4690   0.0500   3.9297 -1072.297
 35  33    356.0    124.0   0.0716   1.4319   0.0500   1.2688 -1012.136
 35  34    356.0    124.0   0.0716   1.4319   0.0500   1.2688 -1012.136
 36   1    360.0    120.0   0.5794  11.5873   0.0500   9.9933 -1190.458
 36   2    357.7    122.3   0.4362   8.7241   0.0500   7.6458 -1163.316
 36   3    354.9    125.1   0.4583   9.1657   0.0500   8.1837 -1176.369
 36   4    355.7    124.3   0.4676   9.3511   0.0500   8.3054 -1173.261
 36   5    354.9    125.1   0.4731   9.4616   0.0500   8.4444 -1173.417
 36   6    354.9    125.1   0.4731   9.4616   0.0500   8.4444 -1173.417
 36   7    355.5    124.5   0.4683   9.3670   0.0500   8.3283 -1172.346
 36   8    355.5    124.5   0.4683   9.3670   0.0500   8.3283 -1172.346
 36   9    355.6    124.4   0.4504   9.0077   0.0500   8.0040 -1168.569
 36  10    356.0    124.0   0.4640   9.2798   0.0500   8.2244 -1169.758
 36  11    356.0    124.0   0.4640   9.2798   0.0500   8.2244 -1169.758
 36  12    357.7    122.3   0.4836   9.6724   0.0500   8.4730 -1177.578
 36  13    357.6    122.4   0.4695   9.3906   0.0500   8.2345 -1167.269
 36  14    357.4    122.6   0.4538   9.0769   0.0500   7.9670 -1163.072
 36  15    357.7    122.3   0.4538   9.0765   0.0500   7.9549 -1163.287
 36  16    357.5    122.5   0.4596   9.1911   0.0500   8.0635 -1164.831
 36  17    357.5    122.5   0.4596   9.1911   0.0500   8.0635 -1164.831
 36  18    355.8    124.2   0.4052   8.1049   0.0500   7.1912 -1149.284
 36  19    357.8    122.2   0.4603   9.2059   0.0500   8.0610 -1162.343
 36  20    357.7    122.3   0.2445   4.8898   0.0500   4.2840 -1091.551
 36  21    358.0    122.0   0.2730   5.4604   0.0500   4.7748 -1098.626
 36  22    356.9    123.1   0.2185   4.3691   0.0500   3.8495 -1069.789
 36  23    356.7    123.3   0.2235   4.4707   0.0500   3.9448 -1072.623
 36  24    355.1    124.9   0.2393   4.7857   0.0500   4.2671 -1092.338
 36  25    356.9    123.1   0.2603   5.2065   0.0500   4.5874 -1096.173
 36  26    358.5    121.5   0.2598   5.1951   0.0500   4.5285 -1093.022
 36  27    358.5    121.5   0.2598   5.1951   0.0500   4.5285 -1093.022
 36  28    357.2    122.8   0.2165   4.3292   0.0500   3.8057 -1075.972
 36  29    356.1    123.9   0.2546   5.0921   0.0500   4.5090 -1088.379
 36  30    356.1    123.9   0.2546   5.0921   0.0500   4.5090 -1088.379
 36  31    357.8    122.2   0.2018   4.0353   0.0500   3.5324 -1061.833
 36  32    357.2    122.8   0.2520   5.0406   0.0500   4.4304 -1085.031
 36  33    355.9    124.1   0.0785   1.5704   0.0500   1.3926 -1015.250
 36  34    355.9    124.1   0.0785   1.5704   0.0500   1.3926 -1015.250
 36  35    358.3    121.7   0.0503   1.0053   0.0500   0.8770  -966.781
 37   1    358.7    121.3   0.5885  11.7699   0.0500  10.2433 -1195.976
 37   2    356.3    123.7   0.4209   8.4189   0.0500   7.4471 -1163.031
 37   3    353.6    126.4   0.4842   9.6846   0.0500   8.7190 -1184.702
 37   4    354.4    125.6   0.4446   8.8919   0.0500   7.9674 -1168.245
 37   5    353.7    126.3   0.4710   9.4198   0.0500   8.4781 -1177.943
 37   6    353.7    126.3   0.4710   9.4198   0.0500   8.4781 -1177.943
 37   7    354.2    125.8   0.4757   9.5150   0.0500   8.5363 -1178.988
 37   8    354.2    125.8   0.4757   9.5150   0.0500   8.5363 -1178.988
 37   9    354.3    125.7   0.4709   9.4189   0.0500   8.4419 -1178.453
 37  10    354.8    125.2   0.4917   9.8340   0.0500   8.7865 -1180.403
 37  11    354.8    125.2   0.4917   9.8340   0.0500   8.7865 -1180.403
 37  12    356.5    123.5   0.5046  10.0924   0.0500   8.9123 -1181.638
 37  13    356.2    123.8   0.4828   9.6558   0.0500   8.5448 -1173.473
 37  14    356.1    123.9   0.4870   9.7400   0.0500   8.6272 -1175.382
 37  15    356.3    123.7   0.4815   9.6300   0.0500   8.5177 -1174.268
 37  16    356.2    123.8   0.4835   9.6706   0.0500   8.5613 -1175.111
 37  17    356.2    123.8   0.4835   9.6706   0.0500   8.5613 -1175.111
 37  18    354.5    125.5   0.4483   8.9656   0.0500   8.0281 -1165.563
 37  19    356.5    123.5   0.4410   8.8209   0.0500   7.7898 -1158.585
 37  20    356.4    123.6   0.2672   5.3442   0.0500   4.7220 -1099.483
 37  21    356.6    123.4   0.2891   5.7824   0.0500   5.1057 -1105.748
 37  22    355.5    124.5   0.2446   4.8911   0.0500   4.3501 -1086.339
 37  23    355.2    124.8   0.2473   4.9455   0.0500   4.4055 -1088.666
 37  24    353.8    126.2   0.2816   5.6314   0.0500   5.0641 -1113.786
 37  25    355.5    124.5   0.3005   6.0097   0.0500   5.3443 -1117.216
 37  26    357.0    123.0   0.3200   6.4001   0.0500   5.6346 -1122.394
 37  27    357.0    123.0   0.3200   6.4001   0.0500   5.6346 -1122.394
 37  28    355.9    124.1   0.1887   3.7747   0.0500   3.3477 -1067.810
 37  29    354.8    125.2   0.2226   4.4523   0.0500   3.9783 -1078.412
 37  30    354.8    125.2   0.2226   4.4523   0.0500   3.9783 -1078.412
 37  31    356.4    123.6   0.2335   4.6706   0.0500   4.1279 -1081.440
 37  32    355.8    124.2   0.2355   4.7091   0.0500   4.1779 -1085.238
 37  33    354.7    125.3   0.0663   1.3268   0.0500   1.1865 -1002.951
 37  34    354.7    125.3   0.0663   1.3268   0.0500   1.1865 -1002.951
 37  35    357.0    123.0   0.0491   0.9811   0.0500   0.8635  -964.575
 37  36    356.9    123.1   0.0330   0.6604   0.0500   0.5817  -929.569
 38   1    358.9    121.1   0.5993  11.9866   0.0500  10.4171 -1199.801
 38   2    356.5    123.5   0.4144   8.2871   0.0500   7.3193 -1159.210
 38   3    353.9    126.1   0.5180  10.3599   0.0500   9.3134 -1191.536
 38   4    354.6    125.4   0.4752   9.5041   0.0500   8.5030 -1176.147
 38   5    353.9    126.1   0.5130  10.2596   0.0500   9.2197 -1187.142
 38   6    353.9    126.1   0.5130  10.2596   0.0500   9.2197 -1187.142
 38   7    354.4    125.6   0.5227  10.4549   0.0500   9.3645 -1189.153
 38   8    354.4    125.6   0.5227  10.4549   0.0500   9.3645 -1189.153
 38   9    354.5    125.5   0.4838   9.6756   0.0500   8.6591 -1181.001
 38  10    355.0    125.0   0.5144  10.2880   0.0500   9.1787 -1185.290
 38  11    355.0    125.0   0.5144  10.2880   0.0500   9.1787 -1185.290
 38  12    356.7    123.3   0.4824   9.6487   0.0500   8.5090 -1176.857
 38  13    356.5    123.5   0.4752   9.5035   0.0500   8.3969 -1171.945
 38  14    356.3    123.7   0.4630   9.2591   0.0500   8.1889 -1170.348
 38  15    356.5    123.5   0.4647   9.2936   0.0500   8.2077 -1170.739
 38  16    356.4    123.6   0.4706   9.4115   0.0500   8.3193 -1172.179
 38  17    356.4    123.6   0.4706   9.4115   0.0500   8.3193 -1172.179
 38  18    354.7    125.3   0.4210   8.4190   0.0500   7.5254 -1158.173
 38  19    356.8    123.2   0.4326   8.6511   0.0500   7.6282 -1157.305
 38  20    356.7    123.3   0.2766   5.5330   0.0500   4.8821 -1104.712
 38  21    356.8    123.2   0.2498   4.9955   0.0500   4.4042 -1093.724
 38  22    355.7    124.3   0.2384   4.7675   0.0500   4.2327 -1084.043
 38  23    355.5    124.5   0.2434   4.8689   0.0500   4.3297 -1086.887
 38  24    354.0    126.0   0.2519   5.0383   0.0500   4.5238 -1101.289
 38  25    355.8    124.2   0.2857   5.7134   0.0500   5.0720 -1111.008
 38  26    357.2    122.8   0.2790   5.5807   0.0500   4.9058 -1105.384
 38  27    357.2    122.8   0.2790   5.5807   0.0500   4.9058 -1105.384
 38  28    356.1    123.9   0.1875   3.7493   0.0500   3.3206 -1070.615
 38  29    355.0    125.0   0.2256   4.5121   0.0500   4.0260 -1084.063
 38  30    355.0    125.0   0.2256   4.5121   0.0500   4.0260 -1084.063
 38  31    356.6    123.4   0.1974   3.9477   0.0500   3.4837 -1064.997
 38  32    356.0    124.0   0.1801   3.6027   0.0500   3.1920 -1059.737
 38  33    354.9    125.1   0.0545   1.0903   0.0500   0.9735  -995.438
 38  34    354.9    125.1   0.0545   1.0903   0.0500   0.9735  -995.438
 38  35    357.2    122.8   0.0563   1.1267   0.0500   0.9905  -967.626
 38  36    357.1    122.9   0.0314   0.6278   0.0500   0.5522  -914.622
 38  37    355.8    124.2   0.0275   0.5491   0.0500   0.4872  -911.987

