Supplemental results for CODEML (seqf: /gpfs/scratch/cltucker/EBH381-Group-Project/SIV_aligned_NEF.fas  treef: )


pairwise comparison (Goldman & Yang 1994)
seq seq        N       S       dN       dS     dN/dS   Paras.
  2   1    359.4    120.6   0.4798   2.3989   0.2000   2.8862 -1168.512
  3   1    356.7    123.3   0.3669   1.8343   0.2000   2.2310 -1145.126
  3   2    354.3    125.7   0.3274   1.6368   0.2000   2.0108 -1131.404
  4   1    357.5    122.5   0.3568   1.7839   0.2000   2.1632 -1132.754
  4   2    355.0    125.0   0.3176   1.5880   0.2000   1.9450 -1121.546
  4   3    352.4    127.6   0.1275   0.6374   0.2000   0.7892  -977.993
  5   1    356.8    123.2   0.3634   1.8171   0.2000   2.2096 -1132.973
  5   2    354.4    125.6   0.3736   1.8679   0.2000   2.2942 -1146.564
  5   3    351.7    128.3   0.1145   0.5726   0.2000   0.7108  -958.361
  5   4    352.4    127.6   0.1016   0.5079   0.2000   0.6287  -952.322
  6   1    356.8    123.2   0.3634   1.8171   0.2000   2.2096 -1132.973
  6   2    354.4    125.6   0.3736   1.8679   0.2000   2.2942 -1146.564
  6   3    351.7    128.3   0.1145   0.5726   0.2000   0.7108  -958.361
  6   4    352.4    127.6   0.1016   0.5079   0.2000   0.6287  -952.322
  6   5    351.8    128.2   0.0000   0.0000   0.2000   0.0000  -652.070
  7   1    357.3    122.7   0.3850   1.9249   0.2000   2.3357 -1139.219
  7   2    354.9    125.1   0.3372   1.6858   0.2000   2.0662 -1135.062
  7   3    352.2    127.8   0.1158   0.5791   0.2000   0.7175  -963.085
  7   4    352.9    127.1   0.0995   0.4974   0.2000   0.6145  -944.385
  7   5    352.2    127.8   0.0299   0.1497   0.2000   0.1854  -777.949
  7   6    352.2    127.8   0.0299   0.1497   0.2000   0.1854  -777.949
  8   1    357.3    122.7   0.3850   1.9249   0.2000   2.3357 -1139.219
  8   2    354.9    125.1   0.3372   1.6858   0.2000   2.0662 -1135.062
  8   3    352.2    127.8   0.1158   0.5791   0.2000   0.7175  -963.085
  8   4    352.9    127.1   0.0995   0.4974   0.2000   0.6145  -944.385
  8   5    352.2    127.8   0.0299   0.1497   0.2000   0.1854  -777.949
  8   6    352.2    127.8   0.0299   0.1497   0.2000   0.1854  -777.949
  8   7    352.7    127.3   0.0000   0.0000   0.2000   0.0000  -650.549
  9   1    357.4    122.6   0.3635   1.8174   0.2000   2.2043 -1135.431
  9   2    355.0    125.0   0.3474   1.7372   0.2000   2.1282 -1142.075
  9   3    352.3    127.7   0.1005   0.5025   0.2000   0.6223  -947.682
  9   4    353.1    126.9   0.1211   0.6054   0.2000   0.7475  -974.046
  9   5    352.4    127.6   0.0598   0.2990   0.2000   0.3701  -856.321
  9   6    352.4    127.6   0.0598   0.2990   0.2000   0.3701  -856.321
  9   7    352.9    127.1   0.0545   0.2726   0.2000   0.3368  -837.509
  9   8    352.9    127.1   0.0545   0.2726   0.2000   0.3368  -837.509
 10   1    357.9    122.1   0.3780   1.8899   0.2000   2.2881 -1136.064
 10   2    355.4    124.6   0.3754   1.8771   0.2000   2.2953 -1143.154
 10   3    352.8    127.2   0.1214   0.6068   0.2000   0.7499  -966.215
 10   4    353.5    126.5   0.1144   0.5719   0.2000   0.7048  -967.503
 10   5    352.9    127.1   0.0501   0.2507   0.2000   0.3098  -833.967
 10   6    352.9    127.1   0.0501   0.2507   0.2000   0.3098  -833.967
 10   7    353.3    126.7   0.0526   0.2628   0.2000   0.3241  -828.516
 10   8    353.3    126.7   0.0526   0.2628   0.2000   0.3241  -828.516
 10   9    353.5    126.5   0.0494   0.2472   0.2000   0.3047  -827.707
 11   1    357.9    122.1   0.3780   1.8899   0.2000   2.2881 -1136.064
 11   2    355.4    124.6   0.3754   1.8771   0.2000   2.2953 -1143.154
 11   3    352.8    127.2   0.1214   0.6068   0.2000   0.7499  -966.215
 11   4    353.5    126.5   0.1144   0.5719   0.2000   0.7048  -967.503
 11   5    352.9    127.1   0.0501   0.2507   0.2000   0.3098  -833.967
 11   6    352.9    127.1   0.0501   0.2507   0.2000   0.3098  -833.967
 11   7    353.3    126.7   0.0526   0.2628   0.2000   0.3241  -828.516
 11   8    353.3    126.7   0.0526   0.2628   0.2000   0.3241  -828.516
 11   9    353.5    126.5   0.0494   0.2472   0.2000   0.3047  -827.707
 11  10    354.0    126.0   0.0000   0.0000   0.2000   0.0000  -650.432
 12   1    359.5    120.5   0.4786   2.3931   0.2000   2.8773 -1173.615
 12   2    357.2    122.8   0.4664   2.3322   0.2000   2.8315 -1174.455
 12   3    354.6    125.4   0.4584   2.2921   0.2000   2.8124 -1181.256
 12   4    355.3    124.7   0.4501   2.2503   0.2000   2.7533 -1177.690
 12   5    354.7    125.3   0.4637   2.3185   0.2000   2.8441 -1180.042
 12   6    354.7    125.3   0.4637   2.3185   0.2000   2.8441 -1180.042
 12   7    355.1    124.9   0.4424   2.2121   0.2000   2.7084 -1176.151
 12   8    355.1    124.9   0.4424   2.2121   0.2000   2.7084 -1176.151
 12   9    355.3    124.7   0.4266   2.1329   0.2000   2.6100 -1173.089
 12  10    355.8    124.2   0.4662   2.3308   0.2000   2.8463 -1180.482
 12  11    355.8    124.2   0.4662   2.3308   0.2000   2.8463 -1180.482
 13   1    359.3    120.7   0.5401   2.7007   0.2000   3.2502 -1185.368
 13   2    356.9    123.1   0.5276   2.6381   0.2000   3.2063 -1188.142
 13   3    354.3    125.7   0.5042   2.5209   0.2000   3.0975 -1193.909
 13   4    355.0    125.0   0.4792   2.3961   0.2000   2.9354 -1188.108
 13   5    354.3    125.7   0.4445   2.2225   0.2000   2.7303 -1177.824
 13   6    354.3    125.7   0.4445   2.2225   0.2000   2.7303 -1177.824
 13   7    354.8    125.2   0.4586   2.2930   0.2000   2.8112 -1182.274
 13   8    354.8    125.2   0.4586   2.2930   0.2000   2.8112 -1182.274
 13   9    354.9    125.1   0.4969   2.4846   0.2000   3.0444 -1189.385
 13  10    355.4    124.6   0.4854   2.4272   0.2000   2.9686 -1183.319
 13  11    355.4    124.6   0.4854   2.4272   0.2000   2.9686 -1183.319
 13  12    357.1    122.9   0.3635   1.8174   0.2000   2.2069 -1145.924
 14   1    359.2    120.8   0.4939   2.4696   0.2000   2.9738 -1177.353
 14   2    356.8    123.2   0.5193   2.5963   0.2000   3.1574 -1187.604
 14   3    354.1    125.9   0.4898   2.4489   0.2000   3.0108 -1192.124
 14   4    354.8    125.2   0.4777   2.3884   0.2000   2.9277 -1188.191
 14   5    354.2    125.8   0.4456   2.2279   0.2000   2.7385 -1176.217
 14   6    354.2    125.8   0.4456   2.2279   0.2000   2.7385 -1176.217
 14   7    354.7    125.3   0.4467   2.2334   0.2000   2.7397 -1178.590
 14   8    354.7    125.3   0.4467   2.2334   0.2000   2.7397 -1178.590
 14   9    354.8    125.2   0.4750   2.3750   0.2000   2.9118 -1183.223
 14  10    355.2    124.8   0.4581   2.2904   0.2000   2.8029 -1176.451
 14  11    355.2    124.8   0.4581   2.2904   0.2000   2.8029 -1176.451
 14  12    357.0    123.0   0.3465   1.7325   0.2000   2.1051 -1140.341
 14  13    356.7    123.3   0.0160   0.0802   0.2000   0.0976  -727.387
 15   1    359.4    120.6   0.5368   2.6842   0.2000   3.2295 -1185.251
 15   2    357.0    123.0   0.5222   2.6111   0.2000   3.1726 -1188.172
 15   3    354.3    125.7   0.5073   2.5367   0.2000   3.1161 -1196.106
 15   4    355.1    124.9   0.4649   2.3246   0.2000   2.8470 -1187.431
 15   5    354.4    125.6   0.4572   2.2862   0.2000   2.8078 -1180.510
 15   6    354.4    125.6   0.4572   2.2862   0.2000   2.8078 -1180.510
 15   7    354.9    125.1   0.4461   2.2305   0.2000   2.7337 -1179.934
 15   8    354.9    125.1   0.4461   2.2305   0.2000   2.7337 -1179.934
 15   9    355.0    125.0   0.4734   2.3669   0.2000   2.8993 -1184.629
 15  10    355.5    124.5   0.4727   2.3635   0.2000   2.8899 -1180.867
 15  11    355.5    124.5   0.4727   2.3635   0.2000   2.8899 -1180.867
 15  12    357.2    122.8   0.3506   1.7530   0.2000   2.1282 -1144.824
 15  13    356.9    123.1   0.0160   0.0800   0.2000   0.0972  -726.113
 15  14    356.8    123.2   0.0105   0.0526   0.2000   0.0639  -706.460
 16   1    359.2    120.8   0.5309   2.6544   0.2000   3.1954 -1184.305
 16   2    356.9    123.1   0.5278   2.6388   0.2000   3.2081 -1189.463
 16   3    354.2    125.8   0.5131   2.5654   0.2000   3.1530 -1197.373
 16   4    354.9    125.1   0.4705   2.3526   0.2000   2.8829 -1188.829
 16   5    354.2    125.8   0.4518   2.2589   0.2000   2.7757 -1179.276
 16   6    354.2    125.8   0.4518   2.2589   0.2000   2.7757 -1179.276
 16   7    354.7    125.3   0.4516   2.2579   0.2000   2.7689 -1181.420
 16   8    354.7    125.3   0.4516   2.2579   0.2000   2.7689 -1181.420
 16   9    354.9    125.1   0.4787   2.3935   0.2000   2.9336 -1185.992
 16  10    355.3    124.7   0.4672   2.3362   0.2000   2.8580 -1179.675
 16  11    355.3    124.7   0.4672   2.3362   0.2000   2.8580 -1179.675
 16  12    357.1    122.9   0.3549   1.7743   0.2000   2.1551 -1146.392
 16  13    356.8    123.2   0.0149   0.0745   0.2000   0.0906  -721.467
 16  14    356.7    123.3   0.0094   0.0472   0.2000   0.0575  -701.391
 16  15    356.9    123.1   0.0010   0.0051   0.2000   0.0063  -655.753
 17   1    359.2    120.8   0.5309   2.6544   0.2000   3.1954 -1184.305
 17   2    356.9    123.1   0.5278   2.6388   0.2000   3.2081 -1189.463
 17   3    354.2    125.8   0.5131   2.5654   0.2000   3.1530 -1197.373
 17   4    354.9    125.1   0.4705   2.3526   0.2000   2.8829 -1188.829
 17   5    354.2    125.8   0.4518   2.2589   0.2000   2.7757 -1179.276
 17   6    354.2    125.8   0.4518   2.2589   0.2000   2.7757 -1179.276
 17   7    354.7    125.3   0.4516   2.2579   0.2000   2.7689 -1181.420
 17   8    354.7    125.3   0.4516   2.2579   0.2000   2.7689 -1181.420
 17   9    354.9    125.1   0.4787   2.3935   0.2000   2.9336 -1185.992
 17  10    355.3    124.7   0.4672   2.3362   0.2000   2.8580 -1179.675
 17  11    355.3    124.7   0.4672   2.3362   0.2000   2.8580 -1179.675
 17  12    357.1    122.9   0.3549   1.7743   0.2000   2.1551 -1146.392
 17  13    356.8    123.2   0.0149   0.0745   0.2000   0.0906  -721.467
 17  14    356.7    123.3   0.0094   0.0472   0.2000   0.0575  -701.391
 17  15    356.9    123.1   0.0010   0.0051   0.2000   0.0063  -655.753
 17  16    356.7    123.3   0.0000   0.0000   0.2000   0.0000  -647.421
 18   1    357.6    122.4   0.4559   2.2795   0.2000   2.7625 -1169.758
 18   2    355.2    124.8   0.5062   2.5310   0.2000   3.0984 -1176.562
 18   3    352.5    127.5   0.5047   2.5233   0.2000   3.1226 -1190.021
 18   4    353.2    126.8   0.5173   2.5864   0.2000   3.1915 -1191.116
 18   5    352.5    127.5   0.4774   2.3872   0.2000   2.9539 -1180.988
 18   6    352.5    127.5   0.4774   2.3872   0.2000   2.9539 -1180.988
 18   7    353.0    127.0   0.4645   2.3224   0.2000   2.8681 -1176.787
 18   8    353.0    127.0   0.4645   2.3224   0.2000   2.8681 -1176.787
 18   9    353.2    126.8   0.4993   2.4965   0.2000   3.0809 -1184.039
 18  10    353.6    126.4   0.4805   2.4023   0.2000   2.9591 -1179.353
 18  11    353.6    126.4   0.4805   2.4023   0.2000   2.9591 -1179.353
 18  12    355.4    124.6   0.3747   1.8733   0.2000   2.2907 -1147.000
 18  13    355.1    124.9   0.1849   0.9243   0.2000   1.1318 -1032.849
 18  14    355.0    125.0   0.1788   0.8939   0.2000   1.0952 -1026.670
 18  15    355.2    124.8   0.1858   0.9291   0.2000   1.1373 -1031.531
 18  16    355.0    125.0   0.1837   0.9185   0.2000   1.1250 -1029.510
 18  17    355.0    125.0   0.1837   0.9185   0.2000   1.1250 -1029.510
 19   1    359.6    120.4   0.5316   2.6581   0.2000   3.1954 -1179.829
 19   2    357.2    122.8   0.5556   2.7779   0.2000   3.3724 -1189.027
 19   3    354.6    125.4   0.5669   2.8346   0.2000   3.4780 -1200.552
 19   4    355.3    124.7   0.5365   2.6823   0.2000   3.2818 -1192.115
 19   5    354.6    125.4   0.5149   2.5747   0.2000   3.1586 -1187.508
 19   6    354.6    125.4   0.5149   2.5747   0.2000   3.1586 -1187.508
 19   7    355.1    124.9   0.5039   2.5196   0.2000   3.0852 -1185.000
 19   8    355.1    124.9   0.5039   2.5196   0.2000   3.0852 -1185.000
 19   9    355.3    124.7   0.5386   2.6929   0.2000   3.2952 -1191.896
 19  10    355.8    124.2   0.5154   2.5772   0.2000   3.1474 -1185.282
 19  11    355.8    124.2   0.5154   2.5772   0.2000   3.1474 -1185.282
 19  12    357.5    122.5   0.3935   1.9674   0.2000   2.3856 -1149.453
 19  13    357.1    122.9   0.1722   0.8609   0.2000   1.0454 -1022.750
 19  14    357.0    123.0   0.1825   0.9127   0.2000   1.1089 -1034.103
 19  15    357.2    122.8   0.1811   0.9054   0.2000   1.0991 -1032.385
 19  16    357.1    122.9   0.1790   0.8949   0.2000   1.0869 -1030.363
 19  17    357.1    122.9   0.1790   0.8949   0.2000   1.0869 -1030.363
 19  18    355.4    124.6   0.1026   0.5132   0.2000   0.6277  -941.140
 20   1    359.5    120.5   0.4685   2.3427   0.2000   2.8174 -1165.790
 20   2    357.1    122.9   0.5014   2.5071   0.2000   3.0447 -1181.735
 20   3    354.5    125.5   0.3765   1.8823   0.2000   2.3106 -1155.637
 20   4    355.2    124.8   0.4077   2.0386   0.2000   2.4951 -1162.073
 20   5    354.6    125.4   0.4091   2.0456   0.2000   2.5104 -1163.518
 20   6    354.6    125.4   0.4091   2.0456   0.2000   2.5104 -1163.518
 20   7    355.0    125.0   0.4149   2.0743   0.2000   2.5406 -1164.918
 20   8    355.0    125.0   0.4149   2.0743   0.2000   2.5406 -1164.918
 20   9    355.2    124.8   0.4141   2.0706   0.2000   2.5347 -1161.722
 20  10    355.6    124.4   0.4141   2.0704   0.2000   2.5295 -1158.018
 20  11    355.6    124.4   0.4141   2.0704   0.2000   2.5295 -1158.018
 20  12    357.4    122.6   0.3675   1.8374   0.2000   2.2292 -1137.605
 20  13    357.1    122.9   0.4162   2.0811   0.2000   2.5278 -1159.041
 20  14    356.9    123.1   0.3964   1.9821   0.2000   2.4091 -1152.435
 20  15    357.1    122.9   0.4054   2.0270   0.2000   2.4615 -1155.483
 20  16    357.0    123.0   0.4099   2.0494   0.2000   2.4900 -1157.067
 20  17    357.0    123.0   0.4099   2.0494   0.2000   2.4900 -1157.067
 20  18    355.4    124.6   0.3507   1.7536   0.2000   2.1450 -1142.727
 20  19    357.4    122.6   0.4468   2.2341   0.2000   2.7102 -1164.888
 21   1    359.6    120.4   0.4618   2.3088   0.2000   2.7747 -1167.956
 21   2    357.3    122.7   0.3982   1.9909   0.2000   2.4162 -1152.693
 21   3    354.5    125.5   0.4123   2.0613   0.2000   2.5298 -1168.349
 21   4    355.3    124.7   0.4470   2.2352   0.2000   2.7346 -1175.293
 21   5    354.6    125.4   0.4746   2.3728   0.2000   2.9114 -1181.101
 21   6    354.6    125.4   0.4746   2.3728   0.2000   2.9114 -1181.101
 21   7    355.1    124.9   0.4638   2.3188   0.2000   2.8389 -1178.829
 21   8    355.1    124.9   0.4638   2.3188   0.2000   2.8389 -1178.829
 21   9    355.3    124.7   0.4588   2.2941   0.2000   2.8074 -1178.927
 21  10    355.7    124.3   0.4486   2.2428   0.2000   2.7399 -1173.807
 21  11    355.7    124.3   0.4486   2.2428   0.2000   2.7399 -1173.807
 21  12    357.4    122.6   0.4425   2.2125   0.2000   2.6837 -1166.553
 21  13    357.2    122.8   0.4348   2.1740   0.2000   2.6392 -1161.253
 21  14    357.1    122.9   0.4224   2.1119   0.2000   2.5653 -1158.240
 21  15    357.3    122.7   0.4188   2.0938   0.2000   2.5411 -1156.886
 21  16    357.1    122.9   0.4235   2.1174   0.2000   2.5712 -1158.430
 21  17    357.1    122.9   0.4235   2.1174   0.2000   2.5712 -1158.430
 21  18    355.5    124.5   0.3782   1.8912   0.2000   2.3125 -1143.906
 21  19    357.4    122.6   0.4091   2.0457   0.2000   2.4809 -1146.958
 21  20    357.4    122.6   0.2963   1.4815   0.2000   1.7973 -1110.052
 22   1    358.6    121.4   0.5254   2.6269   0.2000   3.1705 -1182.138
 22   2    356.2    123.8   0.4291   2.1455   0.2000   2.6156 -1162.819
 22   3    353.5    126.5   0.4501   2.2505   0.2000   2.7736 -1177.724
 22   4    354.2    125.8   0.4037   2.0187   0.2000   2.4806 -1161.453
 22   5    353.5    126.5   0.3884   1.9420   0.2000   2.3932 -1152.057
 22   6    353.5    126.5   0.3884   1.9420   0.2000   2.3932 -1152.057
 22   7    354.0    126.0   0.4112   2.0559   0.2000   2.5284 -1159.038
 22   8    354.0    126.0   0.4112   2.0559   0.2000   2.5284 -1159.038
 22   9    354.2    125.8   0.4220   2.1099   0.2000   2.5930 -1161.427
 22  10    354.6    125.4   0.4037   2.0183   0.2000   2.4759 -1156.856
 22  11    354.6    125.4   0.4037   2.0183   0.2000   2.4759 -1156.856
 22  12    356.4    123.6   0.4463   2.2317   0.2000   2.7178 -1169.755
 22  13    356.1    123.9   0.3826   1.9131   0.2000   2.3329 -1147.225
 22  14    356.0    124.0   0.3482   1.7412   0.2000   2.1244 -1138.555
 22  15    356.2    123.8   0.3678   1.8388   0.2000   2.2416 -1143.863
 22  16    356.1    123.9   0.3705   1.8527   0.2000   2.2598 -1144.983
 22  17    356.1    123.9   0.3705   1.8527   0.2000   2.2598 -1144.983
 22  18    354.3    125.7   0.3209   1.6047   0.2000   1.9715 -1124.343
 22  19    356.4    123.6   0.3721   1.8605   0.2000   2.2661 -1142.810
 22  20    356.4    123.6   0.2649   1.3243   0.2000   1.6132 -1093.393
 22  21    356.5    123.5   0.2452   1.2259   0.2000   1.4926 -1083.756
 23   1    358.4    121.6   0.5272   2.6360   0.2000   3.1844 -1182.382
 23   2    356.0    124.0   0.4263   2.1314   0.2000   2.6008 -1162.654
 23   3    353.3    126.7   0.4600   2.3001   0.2000   2.8377 -1180.428
 23   4    354.0    126.0   0.4020   2.0102   0.2000   2.4727 -1159.987
 23   5    353.3    126.7   0.3859   1.9294   0.2000   2.3800 -1150.831
 23   6    353.3    126.7   0.3859   1.9294   0.2000   2.3800 -1150.831
 23   7    353.8    126.2   0.4077   2.0384   0.2000   2.5094 -1157.273
 23   8    353.8    126.2   0.4077   2.0384   0.2000   2.5094 -1157.273
 23   9    354.0    126.0   0.4185   2.0923   0.2000   2.5740 -1159.754
 23  10    354.4    125.6   0.4003   2.0014   0.2000   2.4578 -1155.403
 23  11    354.4    125.6   0.4003   2.0014   0.2000   2.4578 -1155.403
 23  12    356.2    123.8   0.4559   2.2795   0.2000   2.7789 -1172.363
 23  13    355.9    124.1   0.3894   1.9468   0.2000   2.3763 -1148.131
 23  14    355.8    124.2   0.3595   1.7973   0.2000   2.1949 -1140.314
 23  15    356.0    124.0   0.3754   1.8769   0.2000   2.2901 -1144.946
 23  16    355.8    124.2   0.3782   1.8908   0.2000   2.3085 -1146.069
 23  17    355.8    124.2   0.3782   1.8908   0.2000   2.3085 -1146.069
 23  18    354.0    126.0   0.3199   1.5995   0.2000   1.9671 -1125.630
 23  19    356.1    123.9   0.3682   1.8409   0.2000   2.2445 -1142.672
 23  20    356.1    123.9   0.2686   1.3431   0.2000   1.6376 -1094.589
 23  21    356.3    123.7   0.2523   1.2614   0.2000   1.5372 -1087.567
 23  22    355.1    124.9   0.0062   0.0312   0.2000   0.0382  -681.235
 24   1    356.9    123.1   0.5062   2.5311   0.2000   3.0761 -1180.972
 24   2    354.5    125.5   0.4494   2.2470   0.2000   2.7583 -1170.479
 24   3    351.9    128.1   0.4450   2.2248   0.2000   2.7604 -1180.931
 24   4    352.6    127.4   0.4257   2.1284   0.2000   2.6333 -1167.702
 24   5    351.9    128.1   0.4031   2.0156   0.2000   2.5004 -1160.414
 24   6    351.9    128.1   0.4031   2.0156   0.2000   2.5004 -1160.414
 24   7    352.4    127.6   0.3988   1.9942   0.2000   2.4691 -1159.686
 24   8    352.4    127.6   0.3988   1.9942   0.2000   2.4691 -1159.686
 24   9    352.5    127.5   0.4159   2.0795   0.2000   2.5731 -1162.880
 24  10    353.0    127.0   0.4063   2.0313   0.2000   2.5085 -1157.959
 24  11    353.0    127.0   0.4063   2.0313   0.2000   2.5085 -1157.959
 24  12    354.8    125.2   0.4157   2.0785   0.2000   2.5484 -1167.759
 24  13    354.4    125.6   0.4031   2.0155   0.2000   2.4747 -1155.396
 24  14    354.3    125.7   0.3656   1.8279   0.2000   2.2456 -1145.513
 24  15    354.5    125.5   0.3802   1.9011   0.2000   2.3336 -1149.013
 24  16    354.4    125.6   0.3830   1.9151   0.2000   2.3521 -1150.101
 24  17    354.4    125.6   0.3830   1.9151   0.2000   2.3521 -1150.101
 24  18    352.7    127.3   0.3383   1.6917   0.2000   2.0922 -1135.302
 24  19    354.8    125.2   0.4067   2.0337   0.2000   2.4936 -1152.003
 24  20    354.7    125.3   0.2842   1.4210   0.2000   1.7430 -1104.676
 24  21    354.7    125.3   0.2345   1.1724   0.2000   1.4377 -1086.250
 24  22    353.7    126.3   0.1350   0.6751   0.2000   0.8315  -980.981
 24  23    353.4    126.6   0.1343   0.6713   0.2000   0.8277  -980.856
 25   1    358.6    121.4   0.4995   2.4974   0.2000   3.0140 -1175.194
 25   2    356.2    123.8   0.4599   2.2996   0.2000   2.8033 -1173.038
 25   3    353.5    126.5   0.4523   2.2616   0.2000   2.7870 -1177.160
 25   4    354.3    125.7   0.4670   2.3349   0.2000   2.8690 -1174.897
 25   5    353.6    126.4   0.4139   2.0695   0.2000   2.5500 -1156.721
 25   6    353.6    126.4   0.4139   2.0695   0.2000   2.5500 -1156.721
 25   7    354.0    126.0   0.4349   2.1745   0.2000   2.6741 -1164.276
 25   8    354.0    126.0   0.4349   2.1745   0.2000   2.6741 -1164.276
 25   9    354.2    125.8   0.4174   2.0868   0.2000   2.5645 -1157.617
 25  10    354.7    125.3   0.4066   2.0328   0.2000   2.4934 -1151.505
 25  11    354.7    125.3   0.4066   2.0328   0.2000   2.4934 -1151.505
 25  12    356.5    123.5   0.4249   2.1246   0.2000   2.5872 -1159.052
 25  13    356.1    123.9   0.4333   2.1665   0.2000   2.6417 -1160.945
 25  14    356.0    124.0   0.4135   2.0674   0.2000   2.5222 -1155.472
 25  15    356.2    123.8   0.4207   2.1033   0.2000   2.5638 -1157.668
 25  16    356.1    123.9   0.4236   2.1178   0.2000   2.5829 -1158.731
 25  17    356.1    123.9   0.4236   2.1178   0.2000   2.5829 -1158.731
 25  18    354.3    125.7   0.3660   1.8300   0.2000   2.2482 -1139.569
 25  19    356.4    123.6   0.4185   2.0923   0.2000   2.5482 -1151.940
 25  20    356.4    123.6   0.2760   1.3801   0.2000   1.6810 -1089.233
 25  21    356.5    123.5   0.2675   1.3376   0.2000   1.6286 -1104.215
 25  22    355.3    124.7   0.1568   0.7839   0.2000   0.9590  -990.519
 25  23    355.1    124.9   0.1539   0.7695   0.2000   0.9423  -988.766
 25  24    353.7    126.3   0.0868   0.4341   0.2000   0.5346  -900.731
 26   1    360.1    119.9   0.5817   2.9087   0.2000   3.4894 -1189.045
 26   2    357.7    122.3   0.4912   2.4562   0.2000   2.9754 -1179.430
 26   3    355.0    125.0   0.4569   2.2846   0.2000   2.7990 -1178.492
 26   4    355.8    124.2   0.4369   2.1846   0.2000   2.6680 -1160.979
 26   5    355.0    125.0   0.4467   2.2335   0.2000   2.7357 -1164.128
 26   6    355.0    125.0   0.4467   2.2335   0.2000   2.7357 -1164.128
 26   7    355.6    124.4   0.4635   2.3175   0.2000   2.8321 -1168.769
 26   8    355.6    124.4   0.4635   2.3175   0.2000   2.8321 -1168.769
 26   9    355.7    124.3   0.4608   2.3041   0.2000   2.8146 -1169.228
 26  10    356.1    123.9   0.4675   2.3374   0.2000   2.8506 -1167.814
 26  11    356.1    123.9   0.4675   2.3374   0.2000   2.8506 -1167.814
 26  12    357.8    122.2   0.4590   2.2949   0.2000   2.7790 -1176.693
 26  13    357.6    122.4   0.4946   2.4731   0.2000   2.9969 -1180.990
 26  14    357.5    122.5   0.4783   2.3913   0.2000   2.8994 -1176.979
 26  15    357.7    122.3   0.4857   2.4284   0.2000   2.9417 -1178.687
 26  16    357.6    122.4   0.4911   2.4556   0.2000   2.9765 -1180.096
 26  17    357.6    122.4   0.4911   2.4556   0.2000   2.9765 -1180.096
 26  18    355.9    124.1   0.4328   2.1641   0.2000   2.6413 -1160.983
 26  19    357.9    122.1   0.4394   2.1969   0.2000   2.6597 -1160.279
 26  20    357.8    122.2   0.2879   1.4397   0.2000   1.7436 -1104.733
 26  21    358.0    122.0   0.2339   1.1697   0.2000   1.4150 -1074.591
 26  22    356.9    123.1   0.2184   1.0919   0.2000   1.3271 -1062.810
 26  23    356.7    123.3   0.2227   1.1135   0.2000   1.3544 -1064.733
 26  24    355.2    124.8   0.2576   1.2881   0.2000   1.5768 -1085.675
 26  25    356.9    123.1   0.2840   1.4202   0.2000   1.7260 -1098.373
 27   1    360.1    119.9   0.5817   2.9087   0.2000   3.4894 -1189.045
 27   2    357.7    122.3   0.4912   2.4562   0.2000   2.9754 -1179.430
 27   3    355.0    125.0   0.4569   2.2846   0.2000   2.7990 -1178.492
 27   4    355.8    124.2   0.4369   2.1846   0.2000   2.6680 -1160.979
 27   5    355.0    125.0   0.4467   2.2335   0.2000   2.7357 -1164.128
 27   6    355.0    125.0   0.4467   2.2335   0.2000   2.7357 -1164.128
 27   7    355.6    124.4   0.4635   2.3175   0.2000   2.8321 -1168.769
 27   8    355.6    124.4   0.4635   2.3175   0.2000   2.8321 -1168.769
 27   9    355.7    124.3   0.4608   2.3041   0.2000   2.8146 -1169.228
 27  10    356.1    123.9   0.4675   2.3374   0.2000   2.8506 -1167.814
 27  11    356.1    123.9   0.4675   2.3374   0.2000   2.8506 -1167.814
 27  12    357.8    122.2   0.4590   2.2949   0.2000   2.7790 -1176.693
 27  13    357.6    122.4   0.4946   2.4731   0.2000   2.9969 -1180.990
 27  14    357.5    122.5   0.4783   2.3913   0.2000   2.8994 -1176.979
 27  15    357.7    122.3   0.4857   2.4284   0.2000   2.9417 -1178.687
 27  16    357.6    122.4   0.4911   2.4556   0.2000   2.9765 -1180.096
 27  17    357.6    122.4   0.4911   2.4556   0.2000   2.9765 -1180.096
 27  18    355.9    124.1   0.4328   2.1641   0.2000   2.6413 -1160.983
 27  19    357.9    122.1   0.4394   2.1969   0.2000   2.6597 -1160.279
 27  20    357.8    122.2   0.2879   1.4397   0.2000   1.7436 -1104.733
 27  21    358.0    122.0   0.2339   1.1697   0.2000   1.4150 -1074.591
 27  22    356.9    123.1   0.2184   1.0919   0.2000   1.3271 -1062.810
 27  23    356.7    123.3   0.2227   1.1135   0.2000   1.3544 -1064.733
 27  24    355.2    124.8   0.2576   1.2881   0.2000   1.5768 -1085.675
 27  25    356.9    123.1   0.2840   1.4202   0.2000   1.7260 -1098.373
 27  26    358.5    121.5   0.0000   0.0000   0.2000   0.0000  -645.140
 28   1    358.9    121.1   0.4787   2.3935   0.2000   2.8848 -1174.915
 28   2    356.6    123.4   0.4788   2.3940   0.2000   2.9137 -1179.022
 28   3    353.9    126.1   0.4416   2.2079   0.2000   2.7167 -1176.801
 28   4    354.7    125.3   0.3965   1.9827   0.2000   2.4322 -1159.183
 28   5    354.0    126.0   0.3901   1.9506   0.2000   2.3994 -1154.935
 28   6    354.0    126.0   0.3901   1.9506   0.2000   2.3994 -1154.935
 28   7    354.5    125.5   0.4172   2.0860   0.2000   2.5607 -1164.798
 28   8    354.5    125.5   0.4172   2.0860   0.2000   2.5607 -1164.798
 28   9    354.6    125.4   0.4247   2.1237   0.2000   2.6058 -1164.750
 28  10    355.1    124.9   0.4059   2.0295   0.2000   2.4856 -1158.053
 28  11    355.1    124.9   0.4059   2.0295   0.2000   2.4856 -1158.053
 28  12    356.8    123.2   0.4096   2.0480   0.2000   2.4905 -1168.712
 28  13    356.5    123.5   0.4511   2.2554   0.2000   2.7457 -1173.033
 28  14    356.4    123.6   0.4285   2.1427   0.2000   2.6100 -1167.138
 28  15    356.6    123.4   0.4344   2.1720   0.2000   2.6434 -1169.453
 28  16    356.5    123.5   0.4295   2.1477   0.2000   2.6153 -1168.274
 28  17    356.5    123.5   0.4295   2.1477   0.2000   2.6153 -1168.274
 28  18    354.8    125.2   0.4240   2.1198   0.2000   2.5987 -1166.940
 28  19    356.8    123.2   0.4548   2.2740   0.2000   2.7649 -1170.083
 28  20    356.7    123.3   0.2448   1.2238   0.2000   1.4888 -1078.860
 28  21    356.8    123.2   0.2505   1.2525   0.2000   1.5228 -1085.723
 28  22    355.8    124.2   0.2594   1.2968   0.2000   1.5831 -1089.356
 28  23    355.6    124.4   0.2613   1.3065   0.2000   1.5966 -1090.061
 28  24    354.1    125.9   0.2760   1.3800   0.2000   1.6966 -1099.700
 28  25    355.8    124.2   0.2256   1.1279   0.2000   1.3769 -1069.067
 28  26    357.3    122.7   0.2592   1.2960   0.2000   1.5729 -1082.592
 28  27    357.3    122.7   0.2592   1.2960   0.2000   1.5729 -1082.592
 29   1    357.9    122.1   0.5271   2.6353   0.2000   3.1904 -1189.369
 29   2    355.5    124.5   0.4885   2.4425   0.2000   2.9863 -1184.815
 29   3    352.8    127.2   0.4498   2.2488   0.2000   2.7798 -1176.421
 29   4    353.5    126.5   0.4806   2.4030   0.2000   2.9614 -1179.044
 29   5    352.8    127.2   0.4245   2.1225   0.2000   2.6230 -1165.442
 29   6    352.8    127.2   0.4245   2.1225   0.2000   2.6230 -1165.442
 29   7    353.4    126.6   0.4636   2.3181   0.2000   2.8588 -1174.766
 29   8    353.4    126.6   0.4636   2.3181   0.2000   2.8588 -1174.766
 29   9    353.5    126.5   0.4376   2.1880   0.2000   2.6971 -1168.641
 29  10    353.9    126.1   0.4277   2.1384   0.2000   2.6311 -1163.613
 29  11    353.9    126.1   0.4277   2.1384   0.2000   2.6311 -1163.613
 29  12    355.7    124.3   0.4632   2.3162   0.2000   2.8297 -1179.506
 29  13    355.4    124.6   0.4657   2.3286   0.2000   2.8477 -1175.185
 29  14    355.3    124.7   0.4381   2.1904   0.2000   2.6804 -1167.965
 29  15    355.5    124.5   0.4553   2.2764   0.2000   2.7831 -1172.583
 29  16    355.3    124.7   0.4491   2.2457   0.2000   2.7472 -1171.205
 29  17    355.3    124.7   0.4491   2.2457   0.2000   2.7472 -1171.205
 29  18    353.7    126.3   0.4313   2.1566   0.2000   2.6562 -1170.830
 29  19    355.7    124.3   0.4549   2.2743   0.2000   2.7780 -1172.740
 29  20    355.6    124.4   0.2627   1.3136   0.2000   1.6053 -1093.301
 29  21    355.8    124.2   0.2422   1.2111   0.2000   1.4790 -1083.951
 29  22    354.7    125.3   0.2707   1.3533   0.2000   1.6599 -1095.963
 29  23    354.5    125.5   0.2779   1.3896   0.2000   1.7059 -1099.478
 29  24    353.0    127.0   0.3033   1.5163   0.2000   1.8728 -1118.753
 29  25    354.7    125.3   0.2539   1.2695   0.2000   1.5570 -1090.257
 29  26    356.2    123.8   0.2831   1.4153   0.2000   1.7253 -1106.943
 29  27    356.2    123.8   0.2831   1.4153   0.2000   1.7253 -1106.943
 29  28    355.0    125.0   0.1182   0.5910   0.2000   0.7238  -959.255
 30   1    357.9    122.1   0.5271   2.6353   0.2000   3.1904 -1189.369
 30   2    355.5    124.5   0.4885   2.4425   0.2000   2.9863 -1184.815
 30   3    352.8    127.2   0.4498   2.2488   0.2000   2.7798 -1176.421
 30   4    353.5    126.5   0.4806   2.4030   0.2000   2.9614 -1179.044
 30   5    352.8    127.2   0.4245   2.1225   0.2000   2.6230 -1165.442
 30   6    352.8    127.2   0.4245   2.1225   0.2000   2.6230 -1165.442
 30   7    353.4    126.6   0.4636   2.3181   0.2000   2.8588 -1174.766
 30   8    353.4    126.6   0.4636   2.3181   0.2000   2.8588 -1174.766
 30   9    353.5    126.5   0.4376   2.1880   0.2000   2.6971 -1168.641
 30  10    353.9    126.1   0.4277   2.1384   0.2000   2.6311 -1163.613
 30  11    353.9    126.1   0.4277   2.1384   0.2000   2.6311 -1163.613
 30  12    355.7    124.3   0.4632   2.3162   0.2000   2.8297 -1179.506
 30  13    355.4    124.6   0.4657   2.3286   0.2000   2.8477 -1175.185
 30  14    355.3    124.7   0.4381   2.1904   0.2000   2.6804 -1167.965
 30  15    355.5    124.5   0.4553   2.2764   0.2000   2.7831 -1172.583
 30  16    355.3    124.7   0.4491   2.2457   0.2000   2.7472 -1171.205
 30  17    355.3    124.7   0.4491   2.2457   0.2000   2.7472 -1171.205
 30  18    353.7    126.3   0.4313   2.1566   0.2000   2.6562 -1170.830
 30  19    355.7    124.3   0.4549   2.2743   0.2000   2.7780 -1172.740
 30  20    355.6    124.4   0.2627   1.3136   0.2000   1.6053 -1093.301
 30  21    355.8    124.2   0.2422   1.2111   0.2000   1.4790 -1083.951
 30  22    354.7    125.3   0.2707   1.3533   0.2000   1.6599 -1095.963
 30  23    354.5    125.5   0.2779   1.3896   0.2000   1.7059 -1099.478
 30  24    353.0    127.0   0.3033   1.5163   0.2000   1.8728 -1118.753
 30  25    354.7    125.3   0.2539   1.2695   0.2000   1.5570 -1090.257
 30  26    356.2    123.8   0.2831   1.4153   0.2000   1.7253 -1106.943
 30  27    356.2    123.8   0.2831   1.4153   0.2000   1.7253 -1106.943
 30  28    355.0    125.0   0.1182   0.5910   0.2000   0.7238  -959.255
 30  29    353.9    126.1   0.0000   0.0000   0.2000   0.0000  -650.986
 31   1    359.5    120.5   0.5598   2.7990   0.2000   3.3658 -1189.176
 31   2    357.1    122.9   0.4677   2.3385   0.2000   2.8397 -1172.627
 31   3    354.4    125.6   0.4898   2.4489   0.2000   3.0072 -1184.112
 31   4    355.2    124.8   0.5078   2.5389   0.2000   3.1079 -1183.033
 31   5    354.5    125.5   0.4749   2.3745   0.2000   2.9151 -1175.004
 31   6    354.5    125.5   0.4749   2.3745   0.2000   2.9151 -1175.004
 31   7    355.0    125.0   0.4988   2.4939   0.2000   3.0550 -1181.206
 31   8    355.0    125.0   0.4988   2.4939   0.2000   3.0550 -1181.206
 31   9    355.1    124.9   0.4780   2.3900   0.2000   2.9264 -1176.397
 31  10    355.5    124.5   0.4985   2.4924   0.2000   3.0465 -1177.833
 31  11    355.5    124.5   0.4985   2.4924   0.2000   3.0465 -1177.833
 31  12    357.3    122.7   0.4670   2.3352   0.2000   2.8341 -1175.561
 31  13    357.1    122.9   0.4463   2.2316   0.2000   2.7107 -1168.905
 31  14    356.9    123.1   0.4210   2.1052   0.2000   2.5586 -1161.216
 31  15    357.1    122.9   0.4302   2.1512   0.2000   2.6122 -1164.472
 31  16    357.0    123.0   0.4351   2.1755   0.2000   2.6433 -1165.971
 31  17    357.0    123.0   0.4351   2.1755   0.2000   2.6433 -1165.971
 31  18    355.3    124.7   0.3937   1.9684   0.2000   2.4083 -1151.675
 31  19    357.3    122.7   0.4038   2.0192   0.2000   2.4502 -1153.273
 31  20    357.2    122.8   0.2885   1.4426   0.2000   1.7511 -1110.119
 31  21    357.4    122.6   0.2794   1.3971   0.2000   1.6944 -1100.656
 31  22    356.3    123.7   0.2360   1.1801   0.2000   1.4377 -1076.533
 31  23    356.1    123.9   0.2387   1.1936   0.2000   1.4555 -1079.035
 31  24    354.6    125.4   0.2767   1.3837   0.2000   1.6977 -1106.951
 31  25    356.3    123.7   0.2371   1.1854   0.2000   1.4441 -1081.712
 31  26    357.9    122.1   0.2956   1.4782   0.2000   1.7894 -1109.996
 31  27    357.9    122.1   0.2956   1.4782   0.2000   1.7894 -1109.996
 31  28    356.7    123.3   0.1500   0.7499   0.2000   0.9123 -1006.363
 31  29    355.6    124.4   0.1508   0.7539   0.2000   0.9212 -1006.457
 31  30    355.6    124.4   0.1508   0.7539   0.2000   0.9212 -1006.457
 32   1    358.9    121.1   0.4808   2.4039   0.2000   2.8978 -1177.481
 32   2    356.6    123.4   0.4916   2.4578   0.2000   2.9918 -1179.356
 32   3    353.8    126.2   0.4828   2.4138   0.2000   2.9712 -1185.979
 32   4    354.6    125.4   0.4738   2.3689   0.2000   2.9068 -1180.421
 32   5    353.9    126.1   0.4332   2.1662   0.2000   2.6656 -1167.809
 32   6    353.9    126.1   0.4332   2.1662   0.2000   2.6656 -1167.809
 32   7    354.4    125.6   0.4694   2.3472   0.2000   2.8818 -1177.614
 32   8    354.4    125.6   0.4694   2.3472   0.2000   2.8818 -1177.614
 32   9    354.5    125.5   0.4563   2.2816   0.2000   2.8004 -1175.019
 32  10    355.0    125.0   0.4507   2.2536   0.2000   2.7612 -1171.943
 32  11    355.0    125.0   0.4507   2.2536   0.2000   2.7612 -1171.943
 32  12    356.7    123.3   0.4155   2.0775   0.2000   2.5276 -1164.278
 32  13    356.5    123.5   0.4165   2.0827   0.2000   2.5358 -1167.148
 32  14    356.3    123.7   0.3933   1.9664   0.2000   2.3957 -1159.223
 32  15    356.6    123.4   0.3974   1.9872   0.2000   2.4189 -1160.315
 32  16    356.4    123.6   0.4020   2.0102   0.2000   2.4483 -1161.912
 32  17    356.4    123.6   0.4020   2.0102   0.2000   2.4483 -1161.912
 32  18    354.8    125.2   0.3655   1.8273   0.2000   2.2404 -1149.470
 32  19    356.7    123.3   0.3769   1.8846   0.2000   2.2922 -1151.044
 32  20    356.6    123.4   0.2861   1.4304   0.2000   1.7407 -1104.712
 32  21    356.8    123.2   0.2567   1.2833   0.2000   1.5602 -1090.658
 32  22    355.8    124.2   0.2418   1.2088   0.2000   1.4759 -1085.936
 32  23    355.6    124.4   0.2467   1.2334   0.2000   1.5073 -1088.789
 32  24    354.0    126.0   0.2549   1.2744   0.2000   1.5674 -1099.670
 32  25    355.8    124.2   0.2520   1.2601   0.2000   1.5384 -1086.308
 32  26    357.3    122.7   0.2726   1.3628   0.2000   1.6538 -1097.256
 32  27    357.3    122.7   0.2726   1.3628   0.2000   1.6538 -1097.256
 32  28    356.1    123.9   0.1261   0.6305   0.2000   0.7690  -972.396
 32  29    355.0    125.0   0.1467   0.7334   0.2000   0.8984 -1001.157
 32  30    355.0    125.0   0.1467   0.7334   0.2000   0.8984 -1001.157
 32  31    356.7    123.3   0.1012   0.5058   0.2000   0.6153  -935.428
 33   1    357.7    122.3   0.4804   2.4019   0.2000   2.9095 -1180.087
 33   2    355.3    124.7   0.4086   2.0428   0.2000   2.4992 -1160.686
 33   3    352.7    127.3   0.4908   2.4538   0.2000   3.0341 -1194.741
 33   4    353.4    126.6   0.4143   2.0717   0.2000   2.5543 -1170.472
 33   5    352.8    127.2   0.4318   2.1591   0.2000   2.6692 -1173.835
 33   6    352.8    127.2   0.4318   2.1591   0.2000   2.6692 -1173.835
 33   7    353.2    126.8   0.4192   2.0959   0.2000   2.5861 -1171.179
 33   8    353.2    126.8   0.4192   2.0959   0.2000   2.5861 -1171.179
 33   9    353.4    126.6   0.4302   2.1510   0.2000   2.6525 -1173.652
 33  10    353.9    126.1   0.4238   2.1192   0.2000   2.6081 -1169.521
 33  11    353.9    126.1   0.4238   2.1192   0.2000   2.6081 -1169.521
 33  12    355.6    124.4   0.4468   2.2340   0.2000   2.7298 -1177.396
 33  13    355.3    124.7   0.4837   2.4187   0.2000   2.9596 -1177.687
 33  14    355.1    124.9   0.4484   2.2419   0.2000   2.7448 -1169.112
 33  15    355.3    124.7   0.4384   2.1921   0.2000   2.6816 -1167.884
 33  16    355.2    124.8   0.4433   2.2164   0.2000   2.7127 -1169.290
 33  17    355.2    124.8   0.4433   2.2164   0.2000   2.7127 -1169.290
 33  18    353.5    126.5   0.4108   2.0541   0.2000   2.5313 -1158.660
 33  19    355.6    124.4   0.4069   2.0343   0.2000   2.4858 -1153.538
 33  20    355.5    124.5   0.2781   1.3907   0.2000   1.7001 -1096.984
 33  21    355.6    124.4   0.2005   1.0027   0.2000   1.2255 -1052.093
 33  22    354.5    125.5   0.2527   1.2633   0.2000   1.5504 -1083.298
 33  23    354.3    125.7   0.2493   1.2466   0.2000   1.5314 -1082.729
 33  24    352.9    127.1   0.2535   1.2677   0.2000   1.5663 -1097.115
 33  25    354.6    125.4   0.2533   1.2664   0.2000   1.5541 -1091.148
 33  26    356.0    124.0   0.2511   1.2554   0.2000   1.5317 -1082.729
 33  27    356.0    124.0   0.2511   1.2554   0.2000   1.5317 -1082.729
 33  28    354.9    125.1   0.1982   0.9912   0.2000   1.2146 -1038.427
 33  29    353.8    126.2   0.2063   1.0315   0.2000   1.2698 -1054.542
 33  30    353.8    126.2   0.2063   1.0315   0.2000   1.2698 -1054.542
 33  31    355.4    124.6   0.2117   1.0583   0.2000   1.2942 -1059.769
 33  32    354.8    125.2   0.2143   1.0714   0.2000   1.3134 -1060.290
 34   1    357.7    122.3   0.4804   2.4019   0.2000   2.9095 -1180.087
 34   2    355.3    124.7   0.4086   2.0428   0.2000   2.4992 -1160.686
 34   3    352.7    127.3   0.4908   2.4538   0.2000   3.0341 -1194.741
 34   4    353.4    126.6   0.4143   2.0717   0.2000   2.5543 -1170.472
 34   5    352.8    127.2   0.4318   2.1591   0.2000   2.6692 -1173.835
 34   6    352.8    127.2   0.4318   2.1591   0.2000   2.6692 -1173.835
 34   7    353.2    126.8   0.4192   2.0959   0.2000   2.5861 -1171.179
 34   8    353.2    126.8   0.4192   2.0959   0.2000   2.5861 -1171.179
 34   9    353.4    126.6   0.4302   2.1510   0.2000   2.6525 -1173.652
 34  10    353.9    126.1   0.4238   2.1192   0.2000   2.6081 -1169.521
 34  11    353.9    126.1   0.4238   2.1192   0.2000   2.6081 -1169.521
 34  12    355.6    124.4   0.4468   2.2340   0.2000   2.7298 -1177.396
 34  13    355.3    124.7   0.4837   2.4187   0.2000   2.9596 -1177.687
 34  14    355.1    124.9   0.4484   2.2419   0.2000   2.7448 -1169.112
 34  15    355.3    124.7   0.4384   2.1921   0.2000   2.6816 -1167.884
 34  16    355.2    124.8   0.4433   2.2164   0.2000   2.7127 -1169.290
 34  17    355.2    124.8   0.4433   2.2164   0.2000   2.7127 -1169.290
 34  18    353.5    126.5   0.4108   2.0541   0.2000   2.5313 -1158.660
 34  19    355.6    124.4   0.4069   2.0343   0.2000   2.4858 -1153.538
 34  20    355.5    124.5   0.2781   1.3907   0.2000   1.7001 -1096.984
 34  21    355.6    124.4   0.2005   1.0027   0.2000   1.2255 -1052.093
 34  22    354.5    125.5   0.2527   1.2633   0.2000   1.5504 -1083.298
 34  23    354.3    125.7   0.2493   1.2466   0.2000   1.5314 -1082.729
 34  24    352.9    127.1   0.2535   1.2677   0.2000   1.5663 -1097.115
 34  25    354.6    125.4   0.2533   1.2664   0.2000   1.5541 -1091.148
 34  26    356.0    124.0   0.2511   1.2554   0.2000   1.5317 -1082.729
 34  27    356.0    124.0   0.2511   1.2554   0.2000   1.5317 -1082.729
 34  28    354.9    125.1   0.1982   0.9912   0.2000   1.2146 -1038.427
 34  29    353.8    126.2   0.2063   1.0315   0.2000   1.2698 -1054.542
 34  30    353.8    126.2   0.2063   1.0315   0.2000   1.2698 -1054.542
 34  31    355.4    124.6   0.2117   1.0583   0.2000   1.2942 -1059.769
 34  32    354.8    125.2   0.2143   1.0714   0.2000   1.3134 -1060.290
 34  33    353.7    126.3   0.0000   0.0000   0.2000   0.0000  -651.173
 35   1    360.0    120.0   0.5640   2.8199   0.2000   3.3837 -1193.711
 35   2    357.7    122.3   0.3945   1.9723   0.2000   2.3894 -1154.515
 35   3    355.0    125.0   0.4074   2.0372   0.2000   2.4953 -1173.083
 35   4    355.8    124.2   0.3896   1.9478   0.2000   2.3784 -1160.180
 35   5    355.1    124.9   0.4163   2.0816   0.2000   2.5488 -1169.150
 35   6    355.1    124.9   0.4163   2.0816   0.2000   2.5488 -1169.150
 35   7    355.6    124.4   0.4005   2.0027   0.2000   2.4469 -1166.621
 35   8    355.6    124.4   0.4005   2.0027   0.2000   2.4469 -1166.621
 35   9    355.7    124.3   0.4444   2.2222   0.2000   2.7142 -1176.381
 35  10    356.2    123.8   0.4141   2.0703   0.2000   2.5240 -1164.933
 35  11    356.2    123.8   0.4141   2.0703   0.2000   2.5240 -1164.933
 35  12    357.8    122.2   0.4561   2.2806   0.2000   2.7613 -1168.212
 35  13    357.6    122.4   0.4407   2.2036   0.2000   2.6703 -1160.195
 35  14    357.5    122.5   0.4248   2.1240   0.2000   2.5754 -1157.551
 35  15    357.7    122.3   0.4170   2.0849   0.2000   2.5258 -1156.045
 35  16    357.6    122.4   0.4216   2.1080   0.2000   2.5553 -1157.498
 35  17    357.6    122.4   0.4216   2.1080   0.2000   2.5553 -1157.498
 35  18    356.0    124.0   0.4166   2.0829   0.2000   2.5411 -1156.688
 35  19    357.9    122.1   0.3985   1.9923   0.2000   2.4114 -1146.596
 35  20    357.8    122.2   0.2501   1.2507   0.2000   1.5148 -1077.722
 35  21    358.0    122.0   0.2494   1.2468   0.2000   1.5088 -1079.315
 35  22    357.0    123.0   0.2542   1.2711   0.2000   1.5443 -1092.015
 35  23    356.8    123.2   0.2590   1.2952   0.2000   1.5751 -1095.163
 35  24    355.2    124.8   0.2790   1.3950   0.2000   1.7071 -1109.048
 35  25    357.0    123.0   0.2981   1.4905   0.2000   1.8108 -1108.550
 35  26    358.4    121.6   0.2647   1.3237   0.2000   1.5991 -1090.179
 35  27    358.4    121.6   0.2647   1.3237   0.2000   1.5991 -1090.179
 35  28    357.2    122.8   0.2028   1.0139   0.2000   1.2308 -1049.384
 35  29    356.1    123.9   0.2280   1.1399   0.2000   1.3899 -1062.664
 35  30    356.1    123.9   0.2280   1.1399   0.2000   1.3899 -1062.664
 35  31    357.8    122.2   0.2331   1.1656   0.2000   1.4114 -1067.982
 35  32    357.2    122.8   0.2366   1.1831   0.2000   1.4365 -1061.844
 35  33    356.0    124.0   0.1369   0.6845   0.2000   0.8350  -981.982
 35  34    356.0    124.0   0.1369   0.6845   0.2000   0.8350  -981.982
 36   1    360.0    120.0   0.5565   2.7823   0.2000   3.3386 -1185.795
 36   2    357.7    122.3   0.4154   2.0768   0.2000   2.5165 -1153.790
 36   3    354.9    125.1   0.4244   2.1222   0.2000   2.6009 -1169.019
 36   4    355.7    124.3   0.4485   2.2427   0.2000   2.7397 -1167.994
 36   5    354.9    125.1   0.4569   2.2843   0.2000   2.7989 -1168.816
 36   6    354.9    125.1   0.4569   2.2843   0.2000   2.7989 -1168.816
 36   7    355.5    124.5   0.4387   2.1937   0.2000   2.6816 -1165.477
 36   8    355.5    124.5   0.4387   2.1937   0.2000   2.6816 -1165.477
 36   9    355.6    124.4   0.4315   2.1574   0.2000   2.6362 -1164.008
 36  10    356.0    124.0   0.4436   2.2178   0.2000   2.7057 -1165.160
 36  11    356.0    124.0   0.4436   2.2178   0.2000   2.7057 -1165.160
 36  12    357.7    122.3   0.4448   2.2240   0.2000   2.6941 -1168.795
 36  13    357.6    122.4   0.4637   2.3185   0.2000   2.8103 -1162.296
 36  14    357.4    122.6   0.4530   2.2652   0.2000   2.7473 -1158.761
 36  15    357.7    122.3   0.4428   2.2139   0.2000   2.6826 -1157.968
 36  16    357.5    122.5   0.4474   2.2371   0.2000   2.7125 -1159.474
 36  17    357.5    122.5   0.4474   2.2371   0.2000   2.7125 -1159.474
 36  18    355.8    124.2   0.4128   2.0638   0.2000   2.5196 -1147.659
 36  19    357.8    122.2   0.4592   2.2959   0.2000   2.7805 -1159.260
 36  20    357.7    122.3   0.2304   1.1522   0.2000   1.3958 -1071.550
 36  21    358.0    122.0   0.2336   1.1681   0.2000   1.4134 -1073.646
 36  22    356.9    123.1   0.2223   1.1115   0.2000   1.3512 -1055.780
 36  23    356.7    123.3   0.2292   1.1458   0.2000   1.3941 -1059.685
 36  24    355.1    124.9   0.2452   1.2260   0.2000   1.5012 -1076.203
 36  25    356.9    123.1   0.2630   1.3150   0.2000   1.5985 -1081.433
 36  26    358.5    121.5   0.2353   1.1763   0.2000   1.4207 -1074.001
 36  27    358.5    121.5   0.2353   1.1763   0.2000   1.4207 -1074.001
 36  28    357.2    122.8   0.2359   1.1795   0.2000   1.4319 -1061.805
 36  29    356.1    123.9   0.2581   1.2905   0.2000   1.5735 -1078.080
 36  30    356.1    123.9   0.2581   1.2905   0.2000   1.5735 -1078.080
 36  31    357.8    122.2   0.2043   1.0215   0.2000   1.2369 -1044.036
 36  32    357.2    122.8   0.2465   1.2323   0.2000   1.4958 -1072.261
 36  33    355.9    124.1   0.1430   0.7148   0.2000   0.8724  -986.743
 36  34    355.9    124.1   0.1430   0.7148   0.2000   0.8724  -986.743
 36  35    358.3    121.7   0.1118   0.5590   0.2000   0.6755  -940.021
 37   1    358.7    121.3   0.5608   2.8038   0.2000   3.3830 -1191.538
 37   2    356.3    123.7   0.3924   1.9622   0.2000   2.3911 -1154.006
 37   3    353.6    126.4   0.4387   2.1934   0.2000   2.7019 -1176.103
 37   4    354.4    125.6   0.4275   2.1375   0.2000   2.6254 -1163.146
 37   5    353.7    126.3   0.4468   2.2342   0.2000   2.7516 -1171.366
 37   6    353.7    126.3   0.4468   2.2342   0.2000   2.7516 -1171.366
 37   7    354.2    125.8   0.4391   2.1953   0.2000   2.6984 -1171.610
 37   8    354.2    125.8   0.4391   2.1953   0.2000   2.6984 -1171.610
 37   9    354.3    125.7   0.4355   2.1775   0.2000   2.6749 -1171.077
 37  10    354.8    125.2   0.4617   2.3086   0.2000   2.8305 -1174.760
 37  11    354.8    125.2   0.4617   2.3086   0.2000   2.8305 -1174.760
 37  12    356.5    123.5   0.4395   2.1976   0.2000   2.6752 -1169.677
 37  13    356.2    123.8   0.4520   2.2602   0.2000   2.7549 -1165.907
 37  14    356.1    123.9   0.4519   2.2595   0.2000   2.7556 -1167.446
 37  15    356.3    123.7   0.4414   2.2072   0.2000   2.6895 -1166.146
 37  16    356.2    123.8   0.4445   2.2227   0.2000   2.7099 -1167.162
 37  17    356.2    123.8   0.4445   2.2227   0.2000   2.7099 -1167.162
 37  18    354.5    125.5   0.4397   2.1985   0.2000   2.6991 -1160.836
 37  19    356.5    123.5   0.4305   2.1527   0.2000   2.6206 -1154.721
 37  20    356.4    123.6   0.2526   1.2632   0.2000   1.5382 -1080.873
 37  21    356.6    123.4   0.2403   1.2015   0.2000   1.4625 -1082.048
 37  22    355.5    124.5   0.2331   1.1655   0.2000   1.4250 -1068.645
 37  23    355.2    124.8   0.2360   1.1800   0.2000   1.4441 -1071.892
 37  24    353.8    126.2   0.2613   1.3063   0.2000   1.6080 -1093.896
 37  25    355.5    124.5   0.2890   1.4449   0.2000   1.7665 -1101.053
 37  26    357.0    123.0   0.2679   1.3394   0.2000   1.6275 -1101.741
 37  27    357.0    123.0   0.2679   1.3394   0.2000   1.6275 -1101.741
 37  28    355.9    124.1   0.2007   1.0036   0.2000   1.2249 -1046.721
 37  29    354.8    125.2   0.2227   1.1137   0.2000   1.3656 -1060.519
 37  30    354.8    125.2   0.2227   1.1137   0.2000   1.3656 -1060.519
 37  31    356.4    123.6   0.2272   1.1358   0.2000   1.3833 -1064.701
 37  32    355.8    124.2   0.2335   1.1677   0.2000   1.4255 -1069.869
 37  33    354.7    125.3   0.1294   0.6468   0.2000   0.7934  -974.566
 37  34    354.7    125.3   0.1294   0.6468   0.2000   0.7934  -974.566
 37  35    357.0    123.0   0.1090   0.5449   0.2000   0.6619  -939.291
 37  36    356.9    123.1   0.0815   0.4077   0.2000   0.4955  -901.518
 38   1    358.9    121.1   0.5539   2.7697   0.2000   3.3389 -1193.825
 38   2    356.5    123.5   0.3743   1.8714   0.2000   2.2783 -1147.768
 38   3    353.9    126.1   0.4614   2.3070   0.2000   2.8392 -1182.562
 38   4    354.6    125.4   0.4458   2.2290   0.2000   2.7352 -1169.871
 38   5    353.9    126.1   0.4673   2.3366   0.2000   2.8751 -1179.148
 38   6    353.9    126.1   0.4673   2.3366   0.2000   2.8751 -1179.148
 38   7    354.4    125.6   0.4744   2.3722   0.2000   2.9129 -1181.423
 38   8    354.4    125.6   0.4744   2.3722   0.2000   2.9129 -1181.423
 38   9    354.5    125.5   0.4347   2.1735   0.2000   2.6676 -1172.820
 38  10    355.0    125.0   0.4631   2.3157   0.2000   2.8368 -1177.569
 38  11    355.0    125.0   0.4631   2.3157   0.2000   2.8368 -1177.569
 38  12    356.7    123.3   0.4112   2.0562   0.2000   2.5010 -1163.819
 38  13    356.5    123.5   0.4487   2.2434   0.2000   2.7319 -1164.332
 38  14    356.3    123.7   0.4387   2.1933   0.2000   2.6724 -1162.619
 38  15    356.5    123.5   0.4415   2.2077   0.2000   2.6877 -1163.681
 38  16    356.4    123.6   0.4464   2.2318   0.2000   2.7185 -1165.110
 38  17    356.4    123.6   0.4464   2.2318   0.2000   2.7185 -1165.110
 38  18    354.7    125.3   0.4218   2.1091   0.2000   2.5866 -1153.936
 38  19    356.8    123.2   0.4236   2.1180   0.2000   2.5760 -1152.172
 38  20    356.7    123.3   0.2591   1.2956   0.2000   1.5764 -1086.923
 38  21    356.8    123.2   0.2202   1.1010   0.2000   1.3389 -1066.323
 38  22    355.7    124.3   0.2270   1.1350   0.2000   1.3862 -1067.107
 38  23    355.5    124.5   0.2337   1.1684   0.2000   1.4283 -1071.046
 38  24    354.0    126.0   0.2479   1.2393   0.2000   1.5240 -1082.293
 38  25    355.8    124.2   0.2673   1.3365   0.2000   1.6322 -1091.934
 38  26    357.2    122.8   0.2477   1.2387   0.2000   1.5038 -1085.919
 38  27    357.2    122.8   0.2477   1.2387   0.2000   1.5038 -1085.919
 38  28    356.1    123.9   0.2028   1.0138   0.2000   1.2363 -1048.003
 38  29    355.0    125.0   0.2157   1.0787   0.2000   1.3215 -1061.529
 38  30    355.0    125.0   0.2157   1.0787   0.2000   1.3215 -1061.529
 38  31    356.6    123.4   0.1974   0.9869   0.2000   1.2008 -1044.995
 38  32    356.0    124.0   0.2001   1.0007   0.2000   1.2207 -1041.677
 38  33    354.9    125.1   0.1154   0.5769   0.2000   0.7071  -961.279
 38  34    354.9    125.1   0.1154   0.5769   0.2000   0.7071  -961.279
 38  35    357.2    122.8   0.1206   0.6028   0.2000   0.7318  -946.599
 38  36    357.1    122.9   0.0777   0.3885   0.2000   0.4718  -890.261
 38  37    355.8    124.2   0.0698   0.3490   0.2000   0.4261  -880.793

