Supplemental results for CODEML (seqf: /gpfs/scratch/cltucker/EBH381-Group-Project/SIV_aligned_ENV.fas  treef: )


pairwise comparison (Goldman & Yang 1994)
seq seq        N       S       dN       dS     dN/dS   Paras.
  2   1    932.5    306.5   0.3818   0.6363   0.6000   1.3342 -2814.109
  3   1    926.9    312.1   0.3484   0.5807   0.6000   1.2209 -2785.839
  3   2    928.5    310.5   0.2592   0.4320   0.6000   0.9074 -2620.321
  4   1    929.2    309.8   0.3335   0.5559   0.6000   1.1673 -2756.706
  4   2    930.9    308.1   0.2773   0.4621   0.6000   0.9697 -2647.963
  4   3    925.3    313.7   0.2081   0.3469   0.6000   0.7298 -2512.776
  5   1    930.4    308.6   0.3274   0.5457   0.6000   1.1453 -2748.436
  5   2    932.2    306.8   0.2482   0.4137   0.6000   0.8676 -2591.694
  5   3    926.5    312.5   0.2050   0.3417   0.6000   0.7186 -2498.213
  5   4    928.9    310.1   0.1998   0.3330   0.6000   0.6994 -2476.484
  6   1    930.4    308.6   0.3274   0.5457   0.6000   1.1453 -2748.436
  6   2    932.2    306.8   0.2482   0.4137   0.6000   0.8676 -2591.694
  6   3    926.5    312.5   0.2050   0.3417   0.6000   0.7186 -2498.213
  6   4    928.9    310.1   0.1998   0.3330   0.6000   0.6994 -2476.484
  6   5    930.2    308.8   0.0000   0.0000   0.6000   0.0000 -1656.103
  7   1    929.7    309.3   0.3202   0.5336   0.6000   1.1203 -2741.745
  7   2    931.5    307.5   0.2561   0.4269   0.6000   0.8955 -2607.367
  7   3    925.8    313.2   0.2102   0.3504   0.6000   0.7370 -2510.017
  7   4    928.3    310.7   0.2004   0.3340   0.6000   0.7018 -2483.721
  7   5    929.6    309.4   0.0752   0.1254   0.6000   0.2633 -2090.888
  7   6    929.6    309.4   0.0752   0.1254   0.6000   0.2633 -2090.888
  8   1    929.7    309.3   0.3202   0.5336   0.6000   1.1203 -2741.745
  8   2    931.5    307.5   0.2561   0.4269   0.6000   0.8955 -2607.367
  8   3    925.8    313.2   0.2102   0.3504   0.6000   0.7370 -2510.017
  8   4    928.3    310.7   0.2004   0.3340   0.6000   0.7018 -2483.721
  8   5    929.6    309.4   0.0752   0.1254   0.6000   0.2633 -2090.888
  8   6    929.6    309.4   0.0752   0.1254   0.6000   0.2633 -2090.888
  8   7    928.9    310.1   0.0000   0.0000   0.6000   0.0000 -1658.131
  9   1    929.0    310.0   0.3187   0.5311   0.6000   1.1155 -2731.580
  9   2    930.7    308.3   0.2647   0.4411   0.6000   0.9257 -2626.719
  9   3    925.0    314.0   0.2099   0.3498   0.6000   0.7359 -2521.445
  9   4    927.5    311.5   0.1873   0.3121   0.6000   0.6559 -2459.175
  9   5    928.7    310.3   0.1334   0.2224   0.6000   0.4671 -2292.093
  9   6    928.7    310.3   0.1334   0.2224   0.6000   0.4671 -2292.093
  9   7    928.1    310.9   0.1333   0.2221   0.6000   0.4667 -2298.886
  9   8    928.1    310.9   0.1333   0.2221   0.6000   0.4667 -2298.886
 10   1    928.5    310.5   0.3292   0.5487   0.6000   1.1527 -2747.139
 10   2    930.3    308.7   0.2629   0.4381   0.6000   0.9196 -2627.835
 10   3    924.6    314.4   0.2085   0.3476   0.6000   0.7315 -2516.967
 10   4    927.0    312.0   0.2042   0.3404   0.6000   0.7155 -2488.852
 10   5    928.2    310.8   0.1310   0.2184   0.6000   0.4589 -2286.680
 10   6    928.2    310.8   0.1310   0.2184   0.6000   0.4589 -2286.680
 10   7    927.6    311.4   0.1331   0.2218   0.6000   0.4661 -2297.854
 10   8    927.6    311.4   0.1331   0.2218   0.6000   0.4661 -2297.854
 10   9    926.8    312.2   0.1302   0.2170   0.6000   0.4561 -2295.048
 11   1    928.5    310.5   0.3291   0.5485   0.6000   1.1522 -2746.738
 11   2    930.3    308.7   0.2628   0.4379   0.6000   0.9193 -2627.408
 11   3    924.6    314.4   0.2066   0.3443   0.6000   0.7247 -2513.044
 11   4    927.0    312.0   0.2042   0.3403   0.6000   0.7153 -2488.401
 11   5    928.2    310.8   0.1310   0.2183   0.6000   0.4587 -2286.207
 11   6    928.2    310.8   0.1310   0.2183   0.6000   0.4587 -2286.207
 11   7    927.6    311.4   0.1330   0.2217   0.6000   0.4660 -2297.381
 11   8    927.6    311.4   0.1330   0.2217   0.6000   0.4660 -2297.381
 11   9    926.8    312.2   0.1301   0.2169   0.6000   0.4560 -2294.576
 11  10    926.3    312.7   0.0014   0.0023   0.6000   0.0048 -1678.056
 12   1    927.9    311.1   0.4325   0.7209   0.6000   1.5148 -2897.421
 12   2    929.4    309.6   0.4717   0.7861   0.6000   1.6508 -2924.394
 12   3    923.8    315.2   0.4616   0.7693   0.6000   1.6195 -2933.656
 12   4    926.2    312.8   0.4566   0.7610   0.6000   1.6004 -2920.576
 12   5    927.3    311.7   0.4459   0.7432   0.6000   1.5621 -2910.211
 12   6    927.3    311.7   0.4459   0.7432   0.6000   1.5621 -2910.211
 12   7    926.7    312.3   0.4614   0.7690   0.6000   1.6169 -2926.333
 12   8    926.7    312.3   0.4614   0.7690   0.6000   1.6169 -2926.333
 12   9    926.0    313.0   0.4398   0.7330   0.6000   1.5417 -2906.411
 12  10    925.5    313.5   0.4358   0.7263   0.6000   1.5278 -2901.834
 12  11    925.5    313.5   0.4344   0.7239   0.6000   1.5229 -2900.552
 13   1    923.5    315.5   0.4330   0.7217   0.6000   1.5195 -2910.467
 13   2    924.9    314.1   0.4626   0.7709   0.6000   1.6222 -2933.580
 13   3    919.4    319.6   0.4506   0.7509   0.6000   1.5841 -2937.056
 13   4    921.7    317.3   0.4527   0.7545   0.6000   1.5899 -2930.420
 13   5    922.8    316.2   0.4303   0.7171   0.6000   1.5105 -2903.246
 13   6    922.8    316.2   0.4303   0.7171   0.6000   1.5105 -2903.246
 13   7    922.2    316.8   0.4550   0.7583   0.6000   1.5976 -2932.011
 13   8    922.2    316.8   0.4550   0.7583   0.6000   1.5976 -2932.011
 13   9    921.5    317.5   0.4288   0.7147   0.6000   1.5062 -2902.381
 13  10    921.1    317.9   0.4250   0.7083   0.6000   1.4931 -2900.794
 13  11    921.1    317.9   0.4236   0.7060   0.6000   1.4883 -2899.479
 13  12    920.2    318.8   0.2461   0.4102   0.6000   0.8650 -2604.018
 14   1    925.2    313.8   0.4280   0.7134   0.6000   1.5009 -2905.458
 14   2    926.7    312.3   0.4676   0.7794   0.6000   1.6386 -2933.636
 14   3    921.1    317.9   0.4536   0.7560   0.6000   1.5935 -2937.680
 14   4    923.5    315.5   0.4577   0.7628   0.6000   1.6061 -2931.040
 14   5    924.6    314.4   0.4360   0.7266   0.6000   1.5292 -2911.033
 14   6    924.6    314.4   0.4360   0.7266   0.6000   1.5292 -2911.033
 14   7    924.0    315.0   0.4634   0.7724   0.6000   1.6260 -2941.395
 14   8    924.0    315.0   0.4634   0.7724   0.6000   1.6260 -2941.395
 14   9    923.3    315.7   0.4331   0.7219   0.6000   1.5201 -2908.337
 14  10    922.8    316.2   0.4323   0.7205   0.6000   1.5175 -2904.603
 14  11    922.8    316.2   0.4309   0.7182   0.6000   1.5126 -2903.298
 14  12    921.9    317.1   0.2472   0.4120   0.6000   0.8681 -2601.233
 14  13    917.5    321.5   0.0469   0.0782   0.6000   0.1651 -1993.225
 15   1    924.3    314.7   0.4342   0.7236   0.6000   1.5231 -2911.109
 15   2    925.7    313.3   0.4659   0.7765   0.6000   1.6333 -2936.253
 15   3    920.2    318.8   0.4537   0.7562   0.6000   1.5946 -2938.647
 15   4    922.5    316.5   0.4490   0.7483   0.6000   1.5764 -2921.679
 15   5    923.6    315.4   0.4476   0.7460   0.6000   1.5707 -2923.802
 15   6    923.6    315.4   0.4476   0.7460   0.6000   1.5707 -2923.802
 15   7    923.0    316.0   0.4584   0.7640   0.6000   1.6091 -2937.993
 15   8    923.0    316.0   0.4584   0.7640   0.6000   1.6091 -2937.993
 15   9    922.3    316.7   0.4317   0.7195   0.6000   1.5157 -2908.934
 15  10    921.9    317.1   0.4228   0.7046   0.6000   1.4848 -2899.521
 15  11    921.9    317.1   0.4214   0.7023   0.6000   1.4799 -2898.194
 15  12    921.0    318.0   0.2430   0.4050   0.6000   0.8538 -2596.644
 15  13    916.6    322.4   0.0476   0.0793   0.6000   0.1675 -1996.349
 15  14    918.3    320.7   0.0257   0.0429   0.6000   0.0905 -1868.763
 16   1    924.1    314.9   0.4326   0.7211   0.6000   1.5178 -2909.798
 16   2    925.6    313.4   0.4640   0.7734   0.6000   1.6268 -2934.438
 16   3    920.0    319.0   0.4520   0.7534   0.6000   1.5888 -2937.293
 16   4    922.3    316.7   0.4476   0.7459   0.6000   1.5714 -2921.055
 16   5    923.5    315.5   0.4460   0.7434   0.6000   1.5653 -2922.566
 16   6    923.5    315.5   0.4460   0.7434   0.6000   1.5653 -2922.566
 16   7    922.8    316.2   0.4569   0.7615   0.6000   1.6038 -2937.319
 16   8    922.8    316.2   0.4569   0.7615   0.6000   1.6038 -2937.319
 16   9    922.2    316.8   0.4301   0.7169   0.6000   1.5104 -2907.663
 16  10    921.7    317.3   0.4213   0.7021   0.6000   1.4796 -2898.232
 16  11    921.7    317.3   0.4199   0.6998   0.6000   1.4748 -2896.905
 16  12    920.9    318.1   0.2420   0.4033   0.6000   0.8502 -2595.383
 16  13    916.5    322.5   0.0468   0.0781   0.6000   0.1649 -1992.714
 16  14    918.2    320.8   0.0250   0.0417   0.6000   0.0880 -1864.510
 16  15    917.2    321.8   0.0007   0.0011   0.6000   0.0024 -1684.926
 17   1    924.1    314.9   0.4326   0.7211   0.6000   1.5178 -2909.798
 17   2    925.6    313.4   0.4640   0.7734   0.6000   1.6268 -2934.438
 17   3    920.0    319.0   0.4520   0.7534   0.6000   1.5888 -2937.293
 17   4    922.3    316.7   0.4476   0.7459   0.6000   1.5714 -2921.055
 17   5    923.5    315.5   0.4460   0.7434   0.6000   1.5653 -2922.566
 17   6    923.5    315.5   0.4460   0.7434   0.6000   1.5653 -2922.566
 17   7    922.8    316.2   0.4569   0.7615   0.6000   1.6038 -2937.319
 17   8    922.8    316.2   0.4569   0.7615   0.6000   1.6038 -2937.319
 17   9    922.2    316.8   0.4301   0.7169   0.6000   1.5104 -2907.663
 17  10    921.7    317.3   0.4213   0.7021   0.6000   1.4796 -2898.232
 17  11    921.7    317.3   0.4199   0.6998   0.6000   1.4748 -2896.905
 17  12    920.9    318.1   0.2420   0.4033   0.6000   0.8502 -2595.383
 17  13    916.5    322.5   0.0468   0.0781   0.6000   0.1649 -1992.714
 17  14    918.2    320.8   0.0250   0.0417   0.6000   0.0880 -1864.510
 17  15    917.2    321.8   0.0007   0.0011   0.6000   0.0024 -1684.926
 17  16    917.1    321.9   0.0000   0.0000   0.6000   0.0000 -1676.046
 18   1    926.8    312.2   0.4427   0.7379   0.6000   1.5513 -2907.545
 18   2    928.4    310.6   0.4852   0.8087   0.6000   1.6990 -2944.350
 18   3    922.8    316.2   0.4599   0.7665   0.6000   1.6144 -2936.998
 18   4    925.2    313.8   0.4474   0.7457   0.6000   1.5689 -2916.498
 18   5    926.4    312.6   0.4681   0.7802   0.6000   1.6405 -2932.103
 18   6    926.4    312.6   0.4681   0.7802   0.6000   1.6405 -2932.103
 18   7    925.7    313.3   0.4789   0.7982   0.6000   1.6789 -2946.341
 18   8    925.7    313.3   0.4789   0.7982   0.6000   1.6789 -2946.341
 18   9    925.0    314.0   0.4635   0.7724   0.6000   1.6253 -2936.198
 18  10    924.5    314.5   0.4664   0.7774   0.6000   1.6360 -2937.199
 18  11    924.5    314.5   0.4649   0.7749   0.6000   1.6308 -2935.948
 18  12    923.6    315.4   0.2494   0.4156   0.6000   0.8751 -2619.847
 18  13    919.2    319.8   0.2527   0.4212   0.6000   0.8885 -2623.175
 18  14    920.9    318.1   0.2587   0.4312   0.6000   0.9090 -2632.279
 18  15    920.0    319.0   0.2494   0.4157   0.6000   0.8768 -2615.273
 18  16    919.8    319.2   0.2484   0.4139   0.6000   0.8730 -2613.332
 18  17    919.8    319.2   0.2484   0.4139   0.6000   0.8730 -2613.332
 19   1    930.5    308.5   0.4378   0.7296   0.6000   1.5313 -2893.335
 19   2    932.1    306.9   0.4512   0.7520   0.6000   1.5771 -2899.940
 19   3    926.5    312.5   0.4691   0.7819   0.6000   1.6440 -2931.116
 19   4    928.9    310.1   0.4517   0.7528   0.6000   1.5811 -2910.290
 19   5    930.0    309.0   0.4456   0.7427   0.6000   1.5590 -2900.747
 19   6    930.0    309.0   0.4456   0.7427   0.6000   1.5590 -2900.747
 19   7    929.4    309.6   0.4625   0.7708   0.6000   1.6185 -2921.696
 19   8    929.4    309.6   0.4625   0.7708   0.6000   1.6185 -2921.696
 19   9    928.7    310.3   0.4515   0.7526   0.6000   1.5808 -2907.238
 19  10    928.2    310.8   0.4308   0.7180   0.6000   1.5085 -2886.623
 19  11    928.2    310.8   0.4294   0.7157   0.6000   1.5036 -2885.359
 19  12    927.4    311.6   0.2494   0.4157   0.6000   0.8736 -2608.666
 19  13    923.0    316.0   0.2527   0.4211   0.6000   0.8869 -2620.773
 19  14    924.7    314.3   0.2507   0.4179   0.6000   0.8794 -2611.519
 19  15    923.8    315.2   0.2384   0.3974   0.6000   0.8366 -2589.875
 19  16    923.7    315.3   0.2373   0.3956   0.6000   0.8329 -2587.894
 19  17    923.7    315.3   0.2373   0.3956   0.6000   0.8329 -2587.894
 19  18    926.4    312.6   0.2005   0.3342   0.6000   0.7027 -2488.557
 20   1    929.9    309.1   0.4124   0.6874   0.6000   1.4431 -2871.212
 20   2    931.4    307.6   0.4287   0.7146   0.6000   1.4991 -2888.269
 20   3    925.9    313.1   0.4317   0.7194   0.6000   1.5132 -2899.029
 20   4    928.2    310.8   0.3974   0.6623   0.6000   1.3915 -2853.630
 20   5    929.4    309.6   0.4144   0.6907   0.6000   1.4504 -2874.580
 20   6    929.4    309.6   0.4144   0.6907   0.6000   1.4504 -2874.580
 20   7    928.7    310.3   0.4183   0.6972   0.6000   1.4644 -2885.119
 20   8    928.7    310.3   0.4183   0.6972   0.6000   1.4644 -2885.119
 20   9    928.0    311.0   0.3935   0.6559   0.6000   1.3781 -2861.437
 20  10    927.6    311.4   0.4135   0.6892   0.6000   1.4484 -2880.756
 20  11    927.6    311.4   0.4121   0.6869   0.6000   1.4435 -2879.432
 20  12    926.7    312.3   0.3439   0.5731   0.6000   1.2050 -2777.188
 20  13    922.3    316.7   0.3441   0.5735   0.6000   1.2083 -2789.261
 20  14    924.0    315.0   0.3370   0.5617   0.6000   1.1824 -2777.899
 20  15    923.1    315.9   0.3298   0.5497   0.6000   1.1576 -2768.903
 20  16    922.9    316.1   0.3285   0.5475   0.6000   1.1531 -2767.249
 20  17    922.9    316.1   0.3285   0.5475   0.6000   1.1531 -2767.249
 20  18    925.7    313.3   0.3235   0.5392   0.6000   1.1342 -2748.106
 20  19    929.4    309.6   0.3266   0.5443   0.6000   1.1428 -2746.743
 21   1    927.7    311.3   0.4192   0.6986   0.6000   1.4681 -2885.430
 21   2    929.2    309.8   0.4355   0.7258   0.6000   1.5241 -2889.116
 21   3    923.7    315.3   0.4605   0.7676   0.6000   1.6161 -2935.120
 21   4    926.0    313.0   0.4406   0.7343   0.6000   1.5443 -2910.613
 21   5    927.1    311.9   0.4242   0.7069   0.6000   1.4860 -2890.290
 21   6    927.1    311.9   0.4242   0.7069   0.6000   1.4860 -2890.290
 21   7    926.5    312.5   0.4255   0.7092   0.6000   1.4911 -2894.617
 21   8    926.5    312.5   0.4255   0.7092   0.6000   1.4911 -2894.617
 21   9    925.8    313.2   0.4176   0.6960   0.6000   1.4639 -2890.548
 21  10    925.3    313.7   0.4291   0.7151   0.6000   1.5045 -2901.272
 21  11    925.3    313.7   0.4290   0.7149   0.6000   1.5041 -2901.164
 21  12    924.6    314.4   0.3647   0.6079   0.6000   1.2793 -2819.586
 21  13    920.2    318.8   0.3573   0.5955   0.6000   1.2557 -2825.616
 21  14    921.9    317.1   0.3556   0.5926   0.6000   1.2487 -2819.910
 21  15    921.0    318.0   0.3572   0.5953   0.6000   1.2549 -2823.432
 21  16    920.9    318.1   0.3558   0.5930   0.6000   1.2502 -2821.884
 21  17    920.9    318.1   0.3558   0.5930   0.6000   1.2502 -2821.884
 21  18    923.5    315.5   0.3652   0.6087   0.6000   1.2817 -2820.916
 21  19    927.3    311.7   0.3488   0.5813   0.6000   1.2218 -2789.536
 21  20    926.6    312.4   0.2497   0.4162   0.6000   0.8751 -2617.908
 22   1    930.7    308.3   0.4004   0.6674   0.6000   1.4005 -2857.154
 22   2    932.2    306.8   0.4145   0.6909   0.6000   1.4489 -2864.920
 22   3    926.7    312.3   0.4201   0.7002   0.6000   1.4722 -2893.508
 22   4    929.0    310.0   0.4103   0.6838   0.6000   1.4361 -2868.415
 22   5    930.2    308.8   0.4194   0.6991   0.6000   1.4674 -2877.425
 22   6    930.2    308.8   0.4194   0.6991   0.6000   1.4674 -2877.425
 22   7    929.5    309.5   0.4045   0.6741   0.6000   1.4155 -2870.146
 22   8    929.5    309.5   0.4045   0.6741   0.6000   1.4155 -2870.146
 22   9    928.9    310.1   0.4075   0.6792   0.6000   1.4266 -2871.594
 22  10    928.4    310.6   0.4128   0.6880   0.6000   1.4454 -2878.128
 22  11    928.4    310.6   0.4127   0.6878   0.6000   1.4450 -2877.978
 22  12    927.4    311.6   0.3527   0.5878   0.6000   1.2353 -2794.762
 22  13    923.1    315.9   0.3359   0.5598   0.6000   1.1789 -2784.490
 22  14    924.8    314.2   0.3434   0.5723   0.6000   1.2043 -2793.085
 22  15    923.8    315.2   0.3362   0.5604   0.6000   1.1797 -2785.474
 22  16    923.7    315.3   0.3349   0.5582   0.6000   1.1752 -2783.823
 22  17    923.7    315.3   0.3349   0.5582   0.6000   1.1752 -2783.823
 22  18    926.5    312.5   0.3317   0.5528   0.6000   1.1624 -2764.054
 22  19    930.2    308.8   0.3446   0.5743   0.6000   1.2054 -2774.633
 22  20    929.6    309.4   0.2224   0.3707   0.6000   0.7783 -2543.929
 22  21    927.4    311.6   0.2789   0.4648   0.6000   0.9769 -2665.956
 23   1    930.6    308.4   0.4126   0.6877   0.6000   1.4432 -2871.770
 23   2    932.0    307.0   0.4175   0.6958   0.6000   1.4594 -2866.163
 23   3    926.6    312.4   0.4194   0.6989   0.6000   1.4695 -2891.286
 23   4    928.9    310.1   0.4167   0.6945   0.6000   1.4588 -2875.898
 23   5    930.0    309.0   0.4227   0.7045   0.6000   1.4790 -2882.037
 23   6    930.0    309.0   0.4227   0.7045   0.6000   1.4790 -2882.037
 23   7    929.4    309.6   0.4121   0.6869   0.6000   1.4424 -2878.179
 23   8    929.4    309.6   0.4121   0.6869   0.6000   1.4424 -2878.179
 23   9    928.7    310.3   0.4115   0.6858   0.6000   1.4406 -2875.914
 23  10    928.3    310.7   0.4201   0.7002   0.6000   1.4711 -2886.783
 23  11    928.3    310.7   0.4200   0.7000   0.6000   1.4707 -2886.646
 23  12    927.3    311.7   0.3538   0.5896   0.6000   1.2393 -2797.896
 23  13    922.9    316.1   0.3473   0.5788   0.6000   1.2189 -2799.019
 23  14    924.7    314.3   0.3444   0.5739   0.6000   1.2078 -2794.528
 23  15    923.7    315.3   0.3412   0.5687   0.6000   1.1973 -2790.504
 23  16    923.6    315.4   0.3399   0.5665   0.6000   1.1928 -2788.877
 23  17    923.6    315.4   0.3399   0.5665   0.6000   1.1928 -2788.877
 23  18    926.3    312.7   0.3377   0.5628   0.6000   1.1834 -2770.681
 23  19    930.1    308.9   0.3443   0.5739   0.6000   1.2047 -2773.268
 23  20    929.4    309.6   0.2274   0.3789   0.6000   0.7957 -2556.914
 23  21    927.3    311.7   0.2760   0.4600   0.6000   0.9669 -2662.597
 23  22    930.1    308.9   0.0173   0.0289   0.6000   0.0606 -1804.569
 24   1    931.0    308.0   0.4228   0.7046   0.6000   1.4785 -2878.858
 24   2    932.4    306.6   0.4234   0.7057   0.6000   1.4798 -2877.515
 24   3    927.0    312.0   0.4018   0.6696   0.6000   1.4077 -2869.113
 24   4    929.3    309.7   0.4206   0.7011   0.6000   1.4722 -2878.861
 24   5    930.4    308.6   0.4009   0.6682   0.6000   1.4024 -2861.076
 24   6    930.4    308.6   0.4009   0.6682   0.6000   1.4024 -2861.076
 24   7    929.8    309.2   0.4165   0.6942   0.6000   1.4575 -2880.100
 24   8    929.8    309.2   0.4165   0.6942   0.6000   1.4575 -2880.100
 24   9    929.1    309.9   0.3802   0.6336   0.6000   1.3307 -2844.252
 24  10    928.6    310.4   0.4092   0.6820   0.6000   1.4325 -2871.491
 24  11    928.6    310.4   0.4091   0.6818   0.6000   1.4321 -2871.373
 24  12    927.7    311.3   0.3289   0.5482   0.6000   1.1519 -2766.220
 24  13    923.4    315.6   0.3457   0.5762   0.6000   1.2133 -2794.802
 24  14    925.1    313.9   0.3515   0.5859   0.6000   1.2327 -2802.484
 24  15    924.2    314.8   0.3457   0.5761   0.6000   1.2128 -2798.056
 24  16    924.0    315.0   0.3443   0.5739   0.6000   1.2081 -2796.409
 24  17    924.0    315.0   0.3443   0.5739   0.6000   1.2081 -2796.409
 24  18    926.7    312.3   0.3470   0.5784   0.6000   1.2161 -2787.710
 24  19    930.5    308.5   0.3399   0.5665   0.6000   1.1890 -2769.404
 24  20    929.8    309.2   0.2489   0.4148   0.6000   0.8708 -2611.210
 24  21    927.7    311.3   0.2786   0.4643   0.6000   0.9757 -2671.583
 24  22    930.5    308.5   0.2122   0.3536   0.6000   0.7421 -2518.356
 24  23    930.4    308.6   0.2175   0.3626   0.6000   0.7610 -2529.461
 25   1    930.2    308.8   0.4080   0.6800   0.6000   1.4273 -2862.091
 25   2    931.8    307.2   0.4150   0.6916   0.6000   1.4507 -2869.358
 25   3    926.2    312.8   0.4218   0.7030   0.6000   1.4784 -2894.585
 25   4    928.6    310.4   0.4233   0.7055   0.6000   1.4819 -2888.140
 25   5    929.8    309.2   0.3912   0.6521   0.6000   1.3689 -2847.894
 25   6    929.8    309.2   0.3912   0.6521   0.6000   1.3689 -2847.894
 25   7    929.2    309.8   0.3980   0.6633   0.6000   1.3930 -2860.472
 25   8    929.2    309.8   0.3980   0.6633   0.6000   1.3930 -2860.472
 25   9    928.5    310.5   0.3835   0.6391   0.6000   1.3427 -2843.746
 25  10    928.0    311.0   0.3950   0.6583   0.6000   1.3831 -2857.439
 25  11    928.0    311.0   0.3948   0.6581   0.6000   1.3827 -2857.265
 25  12    927.0    312.0   0.3832   0.6387   0.6000   1.3427 -2839.956
 25  13    922.5    316.5   0.3567   0.5945   0.6000   1.2523 -2815.344
 25  14    924.3    314.7   0.3503   0.5838   0.6000   1.2287 -2805.508
 25  15    923.3    315.7   0.3447   0.5744   0.6000   1.2096 -2801.764
 25  16    923.2    315.8   0.3433   0.5722   0.6000   1.2050 -2800.106
 25  17    923.2    315.8   0.3433   0.5722   0.6000   1.2050 -2800.106
 25  18    926.0    313.0   0.3505   0.5841   0.6000   1.2285 -2798.516
 25  19    929.8    309.2   0.3349   0.5581   0.6000   1.1718 -2765.444
 25  20    929.1    309.9   0.2624   0.4374   0.6000   0.9185 -2640.243
 25  21    926.9    312.1   0.2683   0.4471   0.6000   0.9400 -2655.368
 25  22    929.8    309.2   0.2145   0.3575   0.6000   0.7506 -2531.578
 25  23    929.7    309.3   0.2151   0.3585   0.6000   0.7528 -2535.490
 25  24    930.1    308.9   0.1578   0.2630   0.6000   0.5521 -2369.673
 26   1    929.2    309.8   0.4283   0.7139   0.6000   1.4992 -2884.470
 26   2    930.6    308.4   0.3829   0.6382   0.6000   1.3394 -2825.333
 26   3    925.1    313.9   0.4139   0.6899   0.6000   1.4515 -2879.372
 26   4    927.4    311.6   0.4314   0.7191   0.6000   1.5113 -2892.386
 26   5    928.5    310.5   0.3882   0.6471   0.6000   1.3593 -2852.819
 26   6    928.5    310.5   0.3882   0.6471   0.6000   1.3593 -2852.819
 26   7    927.9    311.1   0.4162   0.6937   0.6000   1.4577 -2883.177
 26   8    927.9    311.1   0.4162   0.6937   0.6000   1.4577 -2883.177
 26   9    927.2    311.8   0.3896   0.6494   0.6000   1.3650 -2858.352
 26  10    926.8    312.2   0.3862   0.6436   0.6000   1.3531 -2854.075
 26  11    926.8    312.2   0.3836   0.6393   0.6000   1.3442 -2851.894
 26  12    926.0    313.0   0.3477   0.5795   0.6000   1.2187 -2786.424
 26  13    921.7    317.3   0.3642   0.6070   0.6000   1.2792 -2818.334
 26  14    923.4    315.6   0.3628   0.6046   0.6000   1.2731 -2814.351
 26  15    922.5    316.5   0.3515   0.5859   0.6000   1.2342 -2800.705
 26  16    922.3    316.7   0.3502   0.5837   0.6000   1.2296 -2799.137
 26  17    922.3    316.7   0.3502   0.5837   0.6000   1.2296 -2799.137
 26  18    925.0    314.0   0.3575   0.5958   0.6000   1.2536 -2798.488
 26  19    928.8    310.2   0.3413   0.5689   0.6000   1.1950 -2765.284
 26  20    928.1    310.9   0.2617   0.4361   0.6000   0.9164 -2647.728
 26  21    926.0    313.0   0.2556   0.4259   0.6000   0.8958 -2632.302
 26  22    928.9    310.1   0.2523   0.4205   0.6000   0.8832 -2604.956
 26  23    928.7    310.3   0.2588   0.4313   0.6000   0.9060 -2618.184
 26  24    929.2    309.8   0.2528   0.4214   0.6000   0.8850 -2612.035
 26  25    928.3    310.7   0.2581   0.4302   0.6000   0.9039 -2627.336
 27   1    929.2    309.8   0.4283   0.7139   0.6000   1.4992 -2884.470
 27   2    930.6    308.4   0.3829   0.6382   0.6000   1.3394 -2825.333
 27   3    925.1    313.9   0.4139   0.6899   0.6000   1.4515 -2879.372
 27   4    927.4    311.6   0.4314   0.7191   0.6000   1.5113 -2892.386
 27   5    928.5    310.5   0.3882   0.6471   0.6000   1.3593 -2852.819
 27   6    928.5    310.5   0.3882   0.6471   0.6000   1.3593 -2852.819
 27   7    927.9    311.1   0.4162   0.6937   0.6000   1.4577 -2883.177
 27   8    927.9    311.1   0.4162   0.6937   0.6000   1.4577 -2883.177
 27   9    927.2    311.8   0.3896   0.6494   0.6000   1.3650 -2858.352
 27  10    926.8    312.2   0.3862   0.6436   0.6000   1.3531 -2854.075
 27  11    926.8    312.2   0.3836   0.6393   0.6000   1.3442 -2851.894
 27  12    926.0    313.0   0.3477   0.5795   0.6000   1.2187 -2786.424
 27  13    921.7    317.3   0.3642   0.6070   0.6000   1.2792 -2818.334
 27  14    923.4    315.6   0.3628   0.6046   0.6000   1.2731 -2814.351
 27  15    922.5    316.5   0.3515   0.5859   0.6000   1.2342 -2800.705
 27  16    922.3    316.7   0.3502   0.5837   0.6000   1.2296 -2799.137
 27  17    922.3    316.7   0.3502   0.5837   0.6000   1.2296 -2799.137
 27  18    925.0    314.0   0.3575   0.5958   0.6000   1.2536 -2798.488
 27  19    928.8    310.2   0.3413   0.5689   0.6000   1.1950 -2765.284
 27  20    928.1    310.9   0.2617   0.4361   0.6000   0.9164 -2647.728
 27  21    926.0    313.0   0.2556   0.4259   0.6000   0.8958 -2632.302
 27  22    928.9    310.1   0.2523   0.4205   0.6000   0.8832 -2604.956
 27  23    928.7    310.3   0.2588   0.4313   0.6000   0.9060 -2618.184
 27  24    929.2    309.8   0.2528   0.4214   0.6000   0.8850 -2612.035
 27  25    928.3    310.7   0.2581   0.4302   0.6000   0.9039 -2627.336
 27  26    927.5    311.5   0.0000   0.0000   0.6000   0.0000 -1662.232
 28   1    927.9    311.1   0.4256   0.7094   0.6000   1.4906 -2888.394
 28   2    929.5    309.5   0.4094   0.6824   0.6000   1.4329 -2872.086
 28   3    923.9    315.1   0.4241   0.7068   0.6000   1.4880 -2898.056
 28   4    926.2    312.8   0.4117   0.6862   0.6000   1.4430 -2880.291
 28   5    927.4    311.6   0.4196   0.6993   0.6000   1.4698 -2885.618
 28   6    927.4    311.6   0.4196   0.6993   0.6000   1.4698 -2885.618
 28   7    926.7    312.3   0.4127   0.6878   0.6000   1.4460 -2881.505
 28   8    926.7    312.3   0.4127   0.6878   0.6000   1.4460 -2881.505
 28   9    926.0    313.0   0.4063   0.6772   0.6000   1.4242 -2870.880
 28  10    925.6    313.4   0.4084   0.6807   0.6000   1.4318 -2872.450
 28  11    925.6    313.4   0.4083   0.6805   0.6000   1.4315 -2872.345
 28  12    924.8    314.2   0.3564   0.5941   0.6000   1.2501 -2797.136
 28  13    920.5    318.5   0.3676   0.6126   0.6000   1.2917 -2828.295
 28  14    922.2    316.8   0.3673   0.6122   0.6000   1.2897 -2820.759
 28  15    921.2    317.8   0.3583   0.5971   0.6000   1.2586 -2811.754
 28  16    921.1    317.9   0.3593   0.5988   0.6000   1.2623 -2813.533
 28  17    921.1    317.9   0.3593   0.5988   0.6000   1.2623 -2813.533
 28  18    923.8    315.2   0.3794   0.6324   0.6000   1.3314 -2829.556
 28  19    927.6    311.4   0.3722   0.6203   0.6000   1.3036 -2811.687
 28  20    926.9    312.1   0.2918   0.4863   0.6000   1.0224 -2697.363
 28  21    924.7    314.3   0.2943   0.4904   0.6000   1.0321 -2716.048
 28  22    927.7    311.3   0.2812   0.4687   0.6000   0.9850 -2680.526
 28  23    927.6    311.4   0.2864   0.4774   0.6000   1.0032 -2686.608
 28  24    928.0    311.0   0.2868   0.4780   0.6000   1.0044 -2688.860
 28  25    927.2    311.8   0.2985   0.4975   0.6000   1.0457 -2710.296
 28  26    926.2    312.8   0.2966   0.4943   0.6000   1.0394 -2702.340
 28  27    926.2    312.8   0.2966   0.4943   0.6000   1.0394 -2702.340
 29   1    928.9    310.1   0.4395   0.7326   0.6000   1.5387 -2903.123
 29   2    930.4    308.6   0.4189   0.6982   0.6000   1.4655 -2876.740
 29   3    924.8    314.2   0.4470   0.7450   0.6000   1.5677 -2925.533
 29   4    927.2    311.8   0.4515   0.7525   0.6000   1.5819 -2916.529
 29   5    928.3    310.7   0.4243   0.7072   0.6000   1.4857 -2890.816
 29   6    928.3    310.7   0.4243   0.7072   0.6000   1.4857 -2890.816
 29   7    927.7    311.3   0.4335   0.7225   0.6000   1.5183 -2904.709
 29   8    927.7    311.3   0.4335   0.7225   0.6000   1.5183 -2904.709
 29   9    927.0    312.0   0.4071   0.6785   0.6000   1.4264 -2877.490
 29  10    926.5    312.5   0.4087   0.6811   0.6000   1.4322 -2879.575
 29  11    926.5    312.5   0.4086   0.6810   0.6000   1.4318 -2879.466
 29  12    925.7    313.3   0.3824   0.6374   0.6000   1.3407 -2835.454
 29  13    921.4    317.6   0.3829   0.6382   0.6000   1.3452 -2854.607
 29  14    923.1    315.9   0.3890   0.6483   0.6000   1.3652 -2859.558
 29  15    922.1    316.9   0.3896   0.6493   0.6000   1.3680 -2861.100
 29  16    922.0    317.0   0.3883   0.6471   0.6000   1.3634 -2860.314
 29  17    922.0    317.0   0.3883   0.6471   0.6000   1.3634 -2860.314
 29  18    924.7    314.3   0.4009   0.6682   0.6000   1.4062 -2857.838
 29  19    928.5    310.5   0.3805   0.6342   0.6000   1.3323 -2816.531
 29  20    927.8    311.2   0.2955   0.4925   0.6000   1.0350 -2704.720
 29  21    925.7    313.3   0.3006   0.5009   0.6000   1.0537 -2717.896
 29  22    928.6    310.4   0.2591   0.4318   0.6000   0.9071 -2638.526
 29  23    928.5    310.5   0.2705   0.4509   0.6000   0.9472 -2660.298
 29  24    928.9    310.1   0.2941   0.4901   0.6000   1.0294 -2703.367
 29  25    928.1    310.9   0.2903   0.4838   0.6000   1.0165 -2695.212
 29  26    927.1    311.9   0.2774   0.4624   0.6000   0.9719 -2670.531
 29  27    927.1    311.9   0.2774   0.4624   0.6000   0.9719 -2670.531
 29  28    925.9    313.1   0.2160   0.3600   0.6000   0.7572 -2525.374
 30   1    928.9    310.1   0.4395   0.7326   0.6000   1.5387 -2903.123
 30   2    930.4    308.6   0.4189   0.6982   0.6000   1.4655 -2876.740
 30   3    924.8    314.2   0.4470   0.7450   0.6000   1.5677 -2925.533
 30   4    927.2    311.8   0.4515   0.7525   0.6000   1.5819 -2916.529
 30   5    928.3    310.7   0.4243   0.7072   0.6000   1.4857 -2890.816
 30   6    928.3    310.7   0.4243   0.7072   0.6000   1.4857 -2890.816
 30   7    927.7    311.3   0.4335   0.7225   0.6000   1.5183 -2904.709
 30   8    927.7    311.3   0.4335   0.7225   0.6000   1.5183 -2904.709
 30   9    927.0    312.0   0.4071   0.6785   0.6000   1.4264 -2877.490
 30  10    926.5    312.5   0.4087   0.6811   0.6000   1.4322 -2879.575
 30  11    926.5    312.5   0.4086   0.6810   0.6000   1.4318 -2879.466
 30  12    925.7    313.3   0.3824   0.6374   0.6000   1.3407 -2835.454
 30  13    921.4    317.6   0.3829   0.6382   0.6000   1.3452 -2854.607
 30  14    923.1    315.9   0.3890   0.6483   0.6000   1.3652 -2859.558
 30  15    922.1    316.9   0.3896   0.6493   0.6000   1.3680 -2861.100
 30  16    922.0    317.0   0.3883   0.6471   0.6000   1.3634 -2860.314
 30  17    922.0    317.0   0.3883   0.6471   0.6000   1.3634 -2860.314
 30  18    924.7    314.3   0.4009   0.6682   0.6000   1.4062 -2857.838
 30  19    928.5    310.5   0.3805   0.6342   0.6000   1.3323 -2816.531
 30  20    927.8    311.2   0.2955   0.4925   0.6000   1.0350 -2704.720
 30  21    925.7    313.3   0.3006   0.5009   0.6000   1.0537 -2717.896
 30  22    928.6    310.4   0.2591   0.4318   0.6000   0.9071 -2638.526
 30  23    928.5    310.5   0.2705   0.4509   0.6000   0.9472 -2660.298
 30  24    928.9    310.1   0.2941   0.4901   0.6000   1.0294 -2703.367
 30  25    928.1    310.9   0.2903   0.4838   0.6000   1.0165 -2695.212
 30  26    927.1    311.9   0.2774   0.4624   0.6000   0.9719 -2670.531
 30  27    927.1    311.9   0.2774   0.4624   0.6000   0.9719 -2670.531
 30  28    925.9    313.1   0.2160   0.3600   0.6000   0.7572 -2525.374
 30  29    926.8    312.2   0.0000   0.0000   0.6000   0.0000 -1663.439
 31   1    929.2    309.8   0.4600   0.7666   0.6000   1.6099 -2922.834
 31   2    930.7    308.3   0.4480   0.7467   0.6000   1.5670 -2907.045
 31   3    925.1    313.9   0.4687   0.7812   0.6000   1.6437 -2938.759
 31   4    927.4    311.6   0.4650   0.7751   0.6000   1.6290 -2928.616
 31   5    928.6    310.4   0.4719   0.7864   0.6000   1.6521 -2934.991
 31   6    928.6    310.4   0.4719   0.7864   0.6000   1.6521 -2934.991
 31   7    927.9    311.1   0.4718   0.7864   0.6000   1.6524 -2935.166
 31   8    927.9    311.1   0.4718   0.7864   0.6000   1.6524 -2935.166
 31   9    927.3    311.7   0.4545   0.7575   0.6000   1.5923 -2922.891
 31  10    926.8    312.2   0.4808   0.8013   0.6000   1.6847 -2940.746
 31  11    926.8    312.2   0.4807   0.8011   0.6000   1.6843 -2940.640
 31  12    926.0    313.0   0.3729   0.6214   0.6000   1.3070 -2816.977
 31  13    921.6    317.4   0.3724   0.6206   0.6000   1.3080 -2833.335
 31  14    923.3    315.7   0.3633   0.6055   0.6000   1.2751 -2817.755
 31  15    922.4    316.6   0.3606   0.6011   0.6000   1.2663 -2815.105
 31  16    922.2    316.8   0.3593   0.5988   0.6000   1.2615 -2813.523
 31  17    922.2    316.8   0.3593   0.5988   0.6000   1.2615 -2813.523
 31  18    925.0    314.0   0.3821   0.6369   0.6000   1.3402 -2830.989
 31  19    928.7    310.3   0.3627   0.6044   0.6000   1.2696 -2800.342
 31  20    928.0    311.0   0.3107   0.5178   0.6000   1.0880 -2719.813
 31  21    925.9    313.1   0.3019   0.5031   0.6000   1.0582 -2712.914
 31  22    928.8    310.2   0.3097   0.5162   0.6000   1.0843 -2716.148
 31  23    928.7    310.3   0.3103   0.5171   0.6000   1.0863 -2718.971
 31  24    929.1    309.9   0.3166   0.5277   0.6000   1.1083 -2734.643
 31  25    928.3    310.7   0.3233   0.5388   0.6000   1.1319 -2747.741
 31  26    927.4    311.6   0.2858   0.4763   0.6000   1.0011 -2680.539
 31  27    927.4    311.6   0.2858   0.4763   0.6000   1.0011 -2680.539
 31  28    926.2    312.8   0.2222   0.3704   0.6000   0.7790 -2540.098
 31  29    927.1    311.9   0.2344   0.3906   0.6000   0.8212 -2564.127
 31  30    927.1    311.9   0.2344   0.3906   0.6000   0.8212 -2564.127
 32   1    931.7    307.3   0.4421   0.7369   0.6000   1.5456 -2900.061
 32   2    933.3    305.7   0.4263   0.7105   0.6000   1.4893 -2878.899
 32   3    927.8    311.2   0.4583   0.7639   0.6000   1.6053 -2930.042
 32   4    930.1    308.9   0.4530   0.7550   0.6000   1.5849 -2914.070
 32   5    931.3    307.7   0.4684   0.7806   0.6000   1.6377 -2929.686
 32   6    931.3    307.7   0.4684   0.7806   0.6000   1.6377 -2929.686
 32   7    930.7    308.3   0.4702   0.7836   0.6000   1.6444 -2933.083
 32   8    930.7    308.3   0.4702   0.7836   0.6000   1.6444 -2933.083
 32   9    930.0    309.0   0.4553   0.7589   0.6000   1.5932 -2920.885
 32  10    929.5    309.5   0.4658   0.7763   0.6000   1.6300 -2928.775
 32  11    929.5    309.5   0.4656   0.7760   0.6000   1.6295 -2928.634
 32  12    928.5    310.5   0.3795   0.6325   0.6000   1.3288 -2825.744
 32  13    924.1    314.9   0.3698   0.6164   0.6000   1.2975 -2824.458
 32  14    925.8    313.2   0.3598   0.5997   0.6000   1.2613 -2807.088
 32  15    924.9    314.1   0.3662   0.6103   0.6000   1.2842 -2818.078
 32  16    924.7    314.3   0.3648   0.6079   0.6000   1.2794 -2816.453
 32  17    924.7    314.3   0.3648   0.6079   0.6000   1.2794 -2816.453
 32  18    927.6    311.4   0.3817   0.6361   0.6000   1.3368 -2827.006
 32  19    931.3    307.7   0.3717   0.6195   0.6000   1.2997 -2808.364
 32  20    930.6    308.4   0.3045   0.5076   0.6000   1.0652 -2716.762
 32  21    928.4    310.6   0.3190   0.5317   0.6000   1.1169 -2741.410
 32  22    931.3    307.7   0.2727   0.4545   0.6000   0.9535 -2659.927
 32  23    931.1    307.9   0.2760   0.4601   0.6000   0.9653 -2667.177
 32  24    931.6    307.4   0.2873   0.4788   0.6000   1.0045 -2686.233
 32  25    930.9    308.1   0.2907   0.4845   0.6000   1.0166 -2698.564
 32  26    929.8    309.2   0.2856   0.4760   0.6000   0.9994 -2675.771
 32  27    929.8    309.2   0.2856   0.4760   0.6000   0.9994 -2675.771
 32  28    928.7    310.3   0.2097   0.3495   0.6000   0.7342 -2516.056
 32  29    929.6    309.4   0.2106   0.3510   0.6000   0.7370 -2515.416
 32  30    929.6    309.4   0.2106   0.3510   0.6000   0.7370 -2515.416
 32  31    929.8    309.2   0.1869   0.3115   0.6000   0.6540 -2444.480
 33   1    928.8    310.2   0.3943   0.6572   0.6000   1.3805 -2858.098
 33   2    930.2    308.8   0.4044   0.6741   0.6000   1.4149 -2861.027
 33   3    924.7    314.3   0.4109   0.6848   0.6000   1.4411 -2886.681
 33   4    927.0    312.0   0.4155   0.6924   0.6000   1.4556 -2886.815
 33   5    928.1    310.9   0.3934   0.6557   0.6000   1.3777 -2852.660
 33   6    928.1    310.9   0.3934   0.6557   0.6000   1.3777 -2852.660
 33   7    927.5    311.5   0.3919   0.6532   0.6000   1.3728 -2855.753
 33   8    927.5    311.5   0.3919   0.6532   0.6000   1.3728 -2855.753
 33   9    926.8    312.2   0.3891   0.6485   0.6000   1.3634 -2853.647
 33  10    926.4    312.6   0.4023   0.6705   0.6000   1.4099 -2870.209
 33  11    926.4    312.6   0.4022   0.6703   0.6000   1.4095 -2870.135
 33  12    925.7    313.3   0.3690   0.6150   0.6000   1.2937 -2814.104
 33  13    921.4    317.6   0.3542   0.5903   0.6000   1.2441 -2812.157
 33  14    923.1    315.9   0.3529   0.5881   0.6000   1.2385 -2806.562
 33  15    922.2    316.8   0.3497   0.5828   0.6000   1.2278 -2803.179
 33  16    922.0    317.0   0.3484   0.5807   0.6000   1.2236 -2802.305
 33  17    922.0    317.0   0.3484   0.5807   0.6000   1.2236 -2802.305
 33  18    924.6    314.4   0.3663   0.6106   0.6000   1.2849 -2811.320
 33  19    928.4    310.6   0.3497   0.5829   0.6000   1.2245 -2785.787
 33  20    927.7    311.3   0.2598   0.4330   0.6000   0.9100 -2630.791
 33  21    925.7    313.3   0.2707   0.4512   0.6000   0.9492 -2657.456
 33  22    928.6    310.4   0.2546   0.4244   0.6000   0.8914 -2625.298
 33  23    928.4    310.6   0.2600   0.4333   0.6000   0.9103 -2634.640
 33  24    928.8    310.2   0.2385   0.3975   0.6000   0.8349 -2592.274
 33  25    928.0    311.0   0.2498   0.4163   0.6000   0.8748 -2608.974
 33  26    927.2    311.8   0.2460   0.4100   0.6000   0.8618 -2608.574
 33  27    927.2    311.8   0.2460   0.4100   0.6000   0.8618 -2608.574
 33  28    925.8    313.2   0.2750   0.4583   0.6000   0.9640 -2660.071
 33  29    926.8    312.2   0.2933   0.4888   0.6000   1.0276 -2689.535
 33  30    926.8    312.2   0.2933   0.4888   0.6000   1.0276 -2689.535
 33  31    927.0    312.0   0.2757   0.4595   0.6000   0.9659 -2661.452
 33  32    929.5    309.5   0.2877   0.4794   0.6000   1.0067 -2689.963
 34   1    928.8    310.2   0.3943   0.6572   0.6000   1.3805 -2858.098
 34   2    930.2    308.8   0.4044   0.6741   0.6000   1.4149 -2861.027
 34   3    924.7    314.3   0.4109   0.6848   0.6000   1.4411 -2886.681
 34   4    927.0    312.0   0.4155   0.6924   0.6000   1.4556 -2886.815
 34   5    928.1    310.9   0.3934   0.6557   0.6000   1.3777 -2852.660
 34   6    928.1    310.9   0.3934   0.6557   0.6000   1.3777 -2852.660
 34   7    927.5    311.5   0.3919   0.6532   0.6000   1.3728 -2855.753
 34   8    927.5    311.5   0.3919   0.6532   0.6000   1.3728 -2855.753
 34   9    926.8    312.2   0.3891   0.6485   0.6000   1.3634 -2853.647
 34  10    926.4    312.6   0.4023   0.6705   0.6000   1.4099 -2870.209
 34  11    926.4    312.6   0.4022   0.6703   0.6000   1.4095 -2870.135
 34  12    925.7    313.3   0.3690   0.6150   0.6000   1.2937 -2814.104
 34  13    921.4    317.6   0.3542   0.5903   0.6000   1.2441 -2812.157
 34  14    923.1    315.9   0.3529   0.5881   0.6000   1.2385 -2806.562
 34  15    922.2    316.8   0.3497   0.5828   0.6000   1.2278 -2803.179
 34  16    922.0    317.0   0.3484   0.5807   0.6000   1.2236 -2802.305
 34  17    922.0    317.0   0.3484   0.5807   0.6000   1.2236 -2802.305
 34  18    924.6    314.4   0.3663   0.6106   0.6000   1.2849 -2811.320
 34  19    928.4    310.6   0.3497   0.5829   0.6000   1.2245 -2785.787
 34  20    927.7    311.3   0.2598   0.4330   0.6000   0.9100 -2630.791
 34  21    925.7    313.3   0.2707   0.4512   0.6000   0.9492 -2657.456
 34  22    928.6    310.4   0.2546   0.4244   0.6000   0.8914 -2625.298
 34  23    928.4    310.6   0.2600   0.4333   0.6000   0.9103 -2634.640
 34  24    928.8    310.2   0.2385   0.3975   0.6000   0.8349 -2592.274
 34  25    928.0    311.0   0.2498   0.4163   0.6000   0.8748 -2608.974
 34  26    927.2    311.8   0.2460   0.4100   0.6000   0.8618 -2608.574
 34  27    927.2    311.8   0.2460   0.4100   0.6000   0.8618 -2608.574
 34  28    925.8    313.2   0.2750   0.4583   0.6000   0.9640 -2660.071
 34  29    926.8    312.2   0.2933   0.4888   0.6000   1.0276 -2689.535
 34  30    926.8    312.2   0.2933   0.4888   0.6000   1.0276 -2689.535
 34  31    927.0    312.0   0.2757   0.4595   0.6000   0.9659 -2661.452
 34  32    929.5    309.5   0.2877   0.4794   0.6000   1.0067 -2689.963
 34  33    926.8    312.2   0.0000   0.0000   0.6000   0.0000 -1663.239
 35   1    929.4    309.6   0.4565   0.7608   0.6000   1.5976 -2921.300
 35   2    930.9    308.1   0.4152   0.6919   0.6000   1.4519 -2866.938
 35   3    925.4    313.6   0.4386   0.7310   0.6000   1.5378 -2911.427
 35   4    927.7    311.3   0.4512   0.7521   0.6000   1.5805 -2921.367
 35   5    928.8    310.2   0.4290   0.7150   0.6000   1.5019 -2893.426
 35   6    928.8    310.2   0.4290   0.7150   0.6000   1.5019 -2893.426
 35   7    928.2    310.8   0.4382   0.7303   0.6000   1.5344 -2906.704
 35   8    928.2    310.8   0.4382   0.7303   0.6000   1.5344 -2906.704
 35   9    927.5    311.5   0.4200   0.7000   0.6000   1.4713 -2889.560
 35  10    927.0    312.0   0.4298   0.7164   0.6000   1.5060 -2894.866
 35  11    927.0    312.0   0.4297   0.7162   0.6000   1.5056 -2894.780
 35  12    926.3    312.7   0.3596   0.5994   0.6000   1.2605 -2805.748
 35  13    922.0    317.0   0.3578   0.5964   0.6000   1.2567 -2821.827
 35  14    923.6    315.4   0.3718   0.6197   0.6000   1.3048 -2838.321
 35  15    922.7    316.3   0.3581   0.5968   0.6000   1.2571 -2823.655
 35  16    922.6    316.4   0.3567   0.5945   0.6000   1.2523 -2822.090
 35  17    922.6    316.4   0.3567   0.5945   0.6000   1.2523 -2822.090
 35  18    925.2    313.8   0.3588   0.5981   0.6000   1.2582 -2804.307
 35  19    929.0    310.0   0.3733   0.6221   0.6000   1.3066 -2815.716
 35  20    928.3    310.7   0.2657   0.4428   0.6000   0.9303 -2647.329
 35  21    926.2    312.8   0.2794   0.4657   0.6000   0.9793 -2677.248
 35  22    929.1    309.9   0.2520   0.4201   0.6000   0.8822 -2613.416
 35  23    929.0    310.0   0.2608   0.4347   0.6000   0.9130 -2628.950
 35  24    929.4    309.6   0.2550   0.4250   0.6000   0.8924 -2625.634
 35  25    928.6    310.4   0.2566   0.4277   0.6000   0.8984 -2631.455
 35  26    927.7    311.3   0.2634   0.4389   0.6000   0.9224 -2647.927
 35  27    927.7    311.3   0.2634   0.4389   0.6000   0.9224 -2647.927
 35  28    926.4    312.6   0.2979   0.4964   0.6000   1.0439 -2705.470
 35  29    927.4    311.6   0.2967   0.4944   0.6000   1.0392 -2694.658
 35  30    927.4    311.6   0.2967   0.4944   0.6000   1.0392 -2694.658
 35  31    927.6    311.4   0.2994   0.4991   0.6000   1.0488 -2700.194
 35  32    930.1    308.9   0.3016   0.5026   0.6000   1.0550 -2709.992
 35  33    927.4    311.6   0.2058   0.3430   0.6000   0.7210 -2511.304
 35  34    927.4    311.6   0.2058   0.3430   0.6000   0.7210 -2511.304
 36   1    929.7    309.3   0.4180   0.6966   0.6000   1.4626 -2878.085
 36   2    931.2    307.8   0.4170   0.6950   0.6000   1.4583 -2869.664
 36   3    925.7    313.3   0.4331   0.7218   0.6000   1.5182 -2907.022
 36   4    928.0    311.0   0.4395   0.7325   0.6000   1.5391 -2915.294
 36   5    929.1    309.9   0.4156   0.6927   0.6000   1.4547 -2880.979
 36   6    929.1    309.9   0.4156   0.6927   0.6000   1.4547 -2880.979
 36   7    928.5    310.5   0.4226   0.7043   0.6000   1.4796 -2892.057
 36   8    928.5    310.5   0.4226   0.7043   0.6000   1.4796 -2892.057
 36   9    927.8    311.2   0.4036   0.6727   0.6000   1.4137 -2867.748
 36  10    927.3    311.7   0.4234   0.7057   0.6000   1.4834 -2888.574
 36  11    927.3    311.7   0.4233   0.7056   0.6000   1.4830 -2888.505
 36  12    926.7    312.3   0.3585   0.5976   0.6000   1.2564 -2809.221
 36  13    922.3    316.7   0.3633   0.6055   0.6000   1.2756 -2829.407
 36  14    924.0    315.0   0.3727   0.6212   0.6000   1.3076 -2841.594
 36  15    923.1    315.9   0.3699   0.6164   0.6000   1.2982 -2840.799
 36  16    922.9    316.1   0.3684   0.6140   0.6000   1.2932 -2839.239
 36  17    922.9    316.1   0.3684   0.6140   0.6000   1.2932 -2839.239
 36  18    925.6    313.4   0.3535   0.5892   0.6000   1.2394 -2807.089
 36  19    929.4    309.6   0.3524   0.5873   0.6000   1.2333 -2791.333
 36  20    928.7    310.3   0.2628   0.4380   0.6000   0.9201 -2646.354
 36  21    926.6    312.4   0.2673   0.4455   0.6000   0.9368 -2655.577
 36  22    929.5    309.5   0.2606   0.4343   0.6000   0.9120 -2633.470
 36  23    929.4    309.6   0.2676   0.4461   0.6000   0.9367 -2647.287
 36  24    929.8    309.2   0.2482   0.4137   0.6000   0.8686 -2618.823
 36  25    928.9    310.1   0.2412   0.4019   0.6000   0.8442 -2608.127
 36  26    928.1    310.9   0.2676   0.4459   0.6000   0.9369 -2655.080
 36  27    928.1    310.9   0.2676   0.4459   0.6000   0.9369 -2655.080
 36  28    926.8    312.2   0.2973   0.4955   0.6000   1.0418 -2707.800
 36  29    927.7    311.3   0.2904   0.4840   0.6000   1.0171 -2697.477
 36  30    927.7    311.3   0.2904   0.4840   0.6000   1.0171 -2697.477
 36  31    928.0    311.0   0.2883   0.4804   0.6000   1.0095 -2691.292
 36  32    930.5    308.5   0.2825   0.4708   0.6000   0.9881 -2681.267
 36  33    927.7    311.3   0.2099   0.3498   0.6000   0.7352 -2518.703
 36  34    927.7    311.3   0.2099   0.3498   0.6000   0.7352 -2518.703
 36  35    928.3    310.7   0.2037   0.3395   0.6000   0.7134 -2507.454
 37   1    926.6    312.4   0.4259   0.7098   0.6000   1.4924 -2895.828
 37   2    928.1    310.9   0.4231   0.7052   0.6000   1.4817 -2883.532
 37   3    922.6    316.4   0.4130   0.6884   0.6000   1.4500 -2892.183
 37   4    924.9    314.1   0.4189   0.6982   0.6000   1.4692 -2899.953
 37   5    926.0    313.0   0.4188   0.6979   0.6000   1.4679 -2893.233
 37   6    926.0    313.0   0.4188   0.6979   0.6000   1.4679 -2893.233
 37   7    925.4    313.6   0.4249   0.7081   0.6000   1.4898 -2902.853
 37   8    925.4    313.6   0.4249   0.7081   0.6000   1.4898 -2902.853
 37   9    924.7    314.3   0.4015   0.6692   0.6000   1.4084 -2877.141
 37  10    924.2    314.8   0.4379   0.7298   0.6000   1.5362 -2914.788
 37  11    924.2    314.8   0.4378   0.7296   0.6000   1.5357 -2914.641
 37  12    923.4    315.6   0.3457   0.5761   0.6000   1.2131 -2795.753
 37  13    919.1    319.9   0.3642   0.6070   0.6000   1.2807 -2832.606
 37  14    920.8    318.2   0.3641   0.6068   0.6000   1.2793 -2832.571
 37  15    919.8    319.2   0.3478   0.5797   0.6000   1.2228 -2813.760
 37  16    919.7    319.3   0.3465   0.5775   0.6000   1.2181 -2812.127
 37  17    919.7    319.3   0.3465   0.5775   0.6000   1.2181 -2812.127
 37  18    922.4    316.6   0.3449   0.5748   0.6000   1.2110 -2804.349
 37  19    926.2    312.8   0.3526   0.5877   0.6000   1.2360 -2800.388
 37  20    925.5    313.5   0.2779   0.4631   0.6000   0.9742 -2675.729
 37  21    923.4    315.6   0.2680   0.4467   0.6000   0.9406 -2656.553
 37  22    926.3    312.7   0.2673   0.4455   0.6000   0.9368 -2647.909
 37  23    926.1    312.9   0.2756   0.4594   0.6000   0.9661 -2660.155
 37  24    926.6    312.4   0.2340   0.3900   0.6000   0.8199 -2597.251
 37  25    925.8    313.2   0.2552   0.4254   0.6000   0.8948 -2641.528
 37  26    924.9    314.1   0.2755   0.4591   0.6000   0.9661 -2667.234
 37  27    924.9    314.1   0.2755   0.4591   0.6000   0.9661 -2667.234
 37  28    923.6    315.4   0.3021   0.5035   0.6000   1.0601 -2719.242
 37  29    924.5    314.5   0.2935   0.4892   0.6000   1.0296 -2707.805
 37  30    924.5    314.5   0.2935   0.4892   0.6000   1.0296 -2707.805
 37  31    924.8    314.2   0.2930   0.4883   0.6000   1.0275 -2702.614
 37  32    927.3    311.7   0.2973   0.4954   0.6000   1.0413 -2709.378
 37  33    924.5    314.5   0.1895   0.3158   0.6000   0.6646 -2479.942
 37  34    924.5    314.5   0.1895   0.3158   0.6000   0.6646 -2479.942
 37  35    925.1    313.9   0.2084   0.3474   0.6000   0.7309 -2518.125
 37  36    925.5    313.5   0.1225   0.2042   0.6000   0.4295 -2275.898
 38   1    926.5    312.5   0.4352   0.7254   0.6000   1.5253 -2902.312
 38   2    927.9    311.1   0.4235   0.7059   0.6000   1.4833 -2883.725
 38   3    922.4    316.6   0.4079   0.6798   0.6000   1.4322 -2884.822
 38   4    924.7    314.3   0.4368   0.7280   0.6000   1.5319 -2918.236
 38   5    925.8    313.2   0.4326   0.7210   0.6000   1.5164 -2899.950
 38   6    925.8    313.2   0.4326   0.7210   0.6000   1.5164 -2899.950
 38   7    925.2    313.8   0.4186   0.6977   0.6000   1.4679 -2892.351
 38   8    925.2    313.8   0.4186   0.6977   0.6000   1.4679 -2892.351
 38   9    924.5    314.5   0.4030   0.6717   0.6000   1.4137 -2871.200
 38  10    924.1    314.9   0.4409   0.7348   0.6000   1.5468 -2913.753
 38  11    924.1    314.9   0.4382   0.7303   0.6000   1.5372 -2911.763
 38  12    923.3    315.7   0.3474   0.5789   0.6000   1.2191 -2791.875
 38  13    918.9    320.1   0.3672   0.6119   0.6000   1.2912 -2837.742
 38  14    920.6    318.4   0.3627   0.6045   0.6000   1.2745 -2832.492
 38  15    919.7    319.3   0.3612   0.6020   0.6000   1.2698 -2831.847
 38  16    919.6    319.4   0.3599   0.5998   0.6000   1.2652 -2830.287
 38  17    919.6    319.4   0.3599   0.5998   0.6000   1.2652 -2830.287
 38  18    922.2    316.8   0.3402   0.5671   0.6000   1.1947 -2791.471
 38  19    926.1    312.9   0.3426   0.5710   0.6000   1.2008 -2784.304
 38  20    925.3    313.7   0.2837   0.4728   0.6000   0.9946 -2679.201
 38  21    923.3    315.7   0.2809   0.4681   0.6000   0.9858 -2681.456
 38  22    926.1    312.9   0.2545   0.4242   0.6000   0.8921 -2627.584
 38  23    926.0    313.0   0.2640   0.4400   0.6000   0.9255 -2645.091
 38  24    926.4    312.6   0.2673   0.4455   0.6000   0.9367 -2649.890
 38  25    925.6    313.4   0.2548   0.4247   0.6000   0.8934 -2638.597
 38  26    924.8    314.2   0.2796   0.4661   0.6000   0.9807 -2675.242
 38  27    924.8    314.2   0.2796   0.4661   0.6000   0.9807 -2675.242
 38  28    923.5    315.5   0.3070   0.5117   0.6000   1.0775 -2729.966
 38  29    924.4    314.6   0.2917   0.4861   0.6000   1.0231 -2703.249
 38  30    924.4    314.6   0.2917   0.4861   0.6000   1.0231 -2703.249
 38  31    924.7    314.3   0.2865   0.4775   0.6000   1.0049 -2691.116
 38  32    927.1    311.9   0.2800   0.4667   0.6000   0.9811 -2679.087
 38  33    924.4    314.6   0.2085   0.3475   0.6000   0.7313 -2517.468
 38  34    924.4    314.6   0.2085   0.3475   0.6000   0.7313 -2517.468
 38  35    925.0    314.0   0.2082   0.3470   0.6000   0.7301 -2518.166
 38  36    925.3    313.7   0.1395   0.2325   0.6000   0.4891 -2326.150
 38  37    922.1    316.9   0.1130   0.1883   0.6000   0.3968 -2249.209

