Supplemental results for CODEML (seqf: /gpfs/scratch/cltucker/EBH381-Group-Project/SIV_aligned_ENV.fas  treef: )


pairwise comparison (Goldman & Yang 1994)
seq seq        N       S       dN       dS     dN/dS   Paras.
  2   1    934.6    304.4   0.2933   1.4664   0.2000   1.7446 -2821.504
  3   1    928.9    310.1   0.2639   1.3196   0.2000   1.5843 -2800.013
  3   2    930.6    308.4   0.1824   0.9119   0.2000   1.0919 -2635.855
  4   1    931.3    307.7   0.2518   1.2588   0.2000   1.5055 -2781.368
  4   2    933.0    306.0   0.1972   0.9861   0.2000   1.1762 -2654.203
  4   3    927.3    311.7   0.1415   0.7074   0.2000   0.8515 -2513.812
  5   1    932.5    306.5   0.2468   1.2342   0.2000   1.4734 -2768.129
  5   2    934.2    304.8   0.1757   0.8786   0.2000   1.0458 -2600.003
  5   3    928.5    310.5   0.1393   0.6967   0.2000   0.8370 -2502.325
  5   4    931.0    308.0   0.1347   0.6736   0.2000   0.8061 -2472.502
  6   1    932.5    306.5   0.2468   1.2342   0.2000   1.4734 -2768.129
  6   2    934.2    304.8   0.1757   0.8786   0.2000   1.0458 -2600.003
  6   3    928.5    310.5   0.1393   0.6967   0.2000   0.8370 -2502.325
  6   4    931.0    308.0   0.1347   0.6736   0.2000   0.8061 -2472.502
  6   5    932.3    306.7   0.0000   0.0000   0.2000   0.0000 -1656.102
  7   1    931.8    307.2   0.2409   1.2047   0.2000   1.4396 -2766.985
  7   2    933.6    305.4   0.1812   0.9058   0.2000   1.0794 -2607.699
  7   3    927.9    311.1   0.1430   0.7150   0.2000   0.8599 -2516.876
  7   4    930.3    308.7   0.1357   0.6784   0.2000   0.8126 -2480.764
  7   5    931.6    307.4   0.0478   0.2391   0.2000   0.2859 -2100.882
  7   6    931.6    307.4   0.0478   0.2391   0.2000   0.2859 -2100.882
  8   1    931.8    307.2   0.2409   1.2047   0.2000   1.4396 -2766.985
  8   2    933.6    305.4   0.1812   0.9058   0.2000   1.0794 -2607.699
  8   3    927.9    311.1   0.1430   0.7150   0.2000   0.8599 -2516.876
  8   4    930.3    308.7   0.1357   0.6784   0.2000   0.8126 -2480.764
  8   5    931.6    307.4   0.0478   0.2391   0.2000   0.2859 -2100.882
  8   6    931.6    307.4   0.0478   0.2391   0.2000   0.2859 -2100.882
  8   7    931.0    308.0   0.0000   0.0000   0.2000   0.0000 -1658.131
  9   1    931.1    307.9   0.2362   1.1808   0.2000   1.4128 -2753.794
  9   2    932.8    306.2   0.1874   0.9372   0.2000   1.1181 -2618.537
  9   3    927.1    311.9   0.1429   0.7144   0.2000   0.8602 -2523.121
  9   4    929.5    309.5   0.1256   0.6281   0.2000   0.7534 -2449.517
  9   5    930.8    308.2   0.0872   0.4358   0.2000   0.5217 -2296.423
  9   6    930.8    308.2   0.0872   0.4358   0.2000   0.5217 -2296.423
  9   7    930.2    308.8   0.0870   0.4351   0.2000   0.5214 -2302.024
  9   8    930.2    308.8   0.0870   0.4351   0.2000   0.5214 -2302.024
 10   1    930.6    308.4   0.2458   1.2289   0.2000   1.4714 -2766.403
 10   2    932.4    306.6   0.1860   0.9298   0.2000   1.1101 -2628.919
 10   3    926.6    312.4   0.1417   0.7083   0.2000   0.8535 -2520.507
 10   4    929.1    309.9   0.1377   0.6885   0.2000   0.8264 -2480.858
 10   5    930.3    308.7   0.0853   0.4267   0.2000   0.5112 -2290.896
 10   6    930.3    308.7   0.0853   0.4267   0.2000   0.5112 -2290.896
 10   7    929.7    309.3   0.0870   0.4349   0.2000   0.5215 -2299.625
 10   8    929.7    309.3   0.0870   0.4349   0.2000   0.5215 -2299.625
 10   9    928.9    310.1   0.0847   0.4237   0.2000   0.5088 -2304.087
 11   1    930.6    308.4   0.2455   1.2274   0.2000   1.4696 -2765.077
 11   2    932.4    306.6   0.1858   0.9288   0.2000   1.1090 -2627.510
 11   3    926.6    312.4   0.1402   0.7009   0.2000   0.8447 -2516.884
 11   4    929.1    309.9   0.1376   0.6880   0.2000   0.8258 -2479.388
 11   5    930.3    308.7   0.0853   0.4265   0.2000   0.5109 -2289.370
 11   6    930.3    308.7   0.0853   0.4265   0.2000   0.5109 -2289.370
 11   7    929.7    309.3   0.0869   0.4346   0.2000   0.5211 -2298.099
 11   8    929.7    309.3   0.0869   0.4346   0.2000   0.5211 -2298.099
 11   9    928.9    310.1   0.0847   0.4234   0.2000   0.5084 -2302.564
 11  10    928.4    310.6   0.0008   0.0042   0.2000   0.0050 -1677.992
 12   1    929.9    309.1   0.3504   1.7519   0.2000   2.1000 -2918.862
 12   2    931.4    307.6   0.3787   1.8934   0.2000   2.2641 -2934.015
 12   3    925.9    313.1   0.3723   1.8615   0.2000   2.2461 -2948.882
 12   4    928.2    310.8   0.3727   1.8634   0.2000   2.2399 -2934.254
 12   5    929.4    309.6   0.3629   1.8146   0.2000   2.1771 -2924.842
 12   6    929.4    309.6   0.3629   1.8146   0.2000   2.1771 -2924.842
 12   7    928.7    310.3   0.3767   1.8837   0.2000   2.2623 -2939.964
 12   8    928.7    310.3   0.3767   1.8837   0.2000   2.2623 -2939.964
 12   9    928.0    311.0   0.3584   1.7921   0.2000   2.1548 -2922.522
 12  10    927.6    311.4   0.3484   1.7421   0.2000   2.0962 -2909.788
 12  11    927.6    311.4   0.3470   1.7352   0.2000   2.0879 -2908.261
 13   1    925.5    313.5   0.3461   1.7304   0.2000   2.0890 -2933.304
 13   2    926.9    312.1   0.3678   1.8392   0.2000   2.2153 -2951.903
 13   3    921.4    317.6   0.3544   1.7719   0.2000   2.1533 -2945.794
 13   4    923.7    315.3   0.3591   1.7954   0.2000   2.1738 -2944.025
 13   5    924.8    314.2   0.3356   1.6781   0.2000   2.0281 -2913.039
 13   6    924.8    314.2   0.3356   1.6781   0.2000   2.0281 -2913.039
 13   7    924.1    314.9   0.3627   1.8136   0.2000   2.1943 -2945.528
 13   8    924.1    314.9   0.3627   1.8136   0.2000   2.1943 -2945.528
 13   9    923.5    315.5   0.3316   1.6581   0.2000   2.0081 -2908.470
 13  10    923.0    316.0   0.3334   1.6668   0.2000   2.0201 -2918.352
 13  11    923.0    316.0   0.3320   1.6599   0.2000   2.0119 -2916.775
 13  12    922.2    316.8   0.1692   0.8458   0.2000   1.0265 -2600.637
 14   1    927.2    311.8   0.3466   1.7332   0.2000   2.0866 -2933.206
 14   2    928.7    310.3   0.3719   1.8595   0.2000   2.2334 -2948.501
 14   3    923.1    315.9   0.3594   1.7970   0.2000   2.1777 -2946.112
 14   4    925.5    313.5   0.3660   1.8302   0.2000   2.2097 -2947.472
 14   5    926.6    312.4   0.3486   1.7430   0.2000   2.1005 -2927.900
 14   6    926.6    312.4   0.3486   1.7430   0.2000   2.1005 -2927.900
 14   7    926.0    313.0   0.3789   1.8943   0.2000   2.2852 -2960.077
 14   8    926.0    313.0   0.3789   1.8943   0.2000   2.2852 -2960.077
 14   9    925.3    313.7   0.3415   1.7074   0.2000   2.0619 -2921.141
 14  10    924.8    314.2   0.3434   1.7169   0.2000   2.0750 -2923.647
 14  11    924.8    314.2   0.3420   1.7099   0.2000   2.0665 -2922.092
 14  12    923.9    315.1   0.1707   0.8537   0.2000   1.0332 -2598.911
 14  13    919.5    319.5   0.0285   0.1425   0.2000   0.1737 -2007.144
 15   1    926.3    312.7   0.3494   1.7469   0.2000   2.1063 -2934.373
 15   2    927.7    311.3   0.3719   1.8593   0.2000   2.2366 -2955.060
 15   3    922.2    316.8   0.3587   1.7936   0.2000   2.1769 -2948.654
 15   4    924.5    314.5   0.3548   1.7742   0.2000   2.1454 -2936.297
 15   5    925.6    313.4   0.3568   1.7842   0.2000   2.1535 -2938.595
 15   6    925.6    313.4   0.3568   1.7842   0.2000   2.1535 -2938.595
 15   7    925.0    314.0   0.3694   1.8470   0.2000   2.2317 -2952.867
 15   8    925.0    314.0   0.3694   1.8470   0.2000   2.2317 -2952.867
 15   9    924.3    314.7   0.3395   1.6974   0.2000   2.0530 -2921.640
 15  10    923.9    315.1   0.3325   1.6623   0.2000   2.0121 -2917.853
 15  11    923.9    315.1   0.3311   1.6554   0.2000   2.0038 -2916.268
 15  12    923.0    316.0   0.1665   0.8327   0.2000   1.0094 -2588.561
 15  13    918.5    320.5   0.0288   0.1442   0.2000   0.1760 -2010.834
 15  14    920.2    318.8   0.0155   0.0773   0.2000   0.0941 -1878.180
 16   1    926.2    312.8   0.3478   1.7389   0.2000   2.0971 -2932.820
 16   2    927.6    311.4   0.3699   1.8493   0.2000   2.2251 -2953.134
 16   3    922.0    317.0   0.3570   1.7848   0.2000   2.1667 -2947.062
 16   4    924.3    314.7   0.3537   1.7683   0.2000   2.1388 -2936.229
 16   5    925.5    313.5   0.3552   1.7761   0.2000   2.1443 -2937.104
 16   6    925.5    313.5   0.3552   1.7761   0.2000   2.1443 -2937.104
 16   7    924.8    314.2   0.3679   1.8396   0.2000   2.2233 -2952.382
 16   8    924.8    314.2   0.3679   1.8396   0.2000   2.2233 -2952.382
 16   9    924.2    314.8   0.3379   1.6897   0.2000   2.0442 -2920.099
 16  10    923.7    315.3   0.3309   1.6546   0.2000   2.0033 -2916.290
 16  11    923.7    315.3   0.3296   1.6478   0.2000   1.9951 -2914.703
 16  12    922.8    316.2   0.1658   0.8288   0.2000   1.0049 -2587.809
 16  13    918.4    320.6   0.0284   0.1419   0.2000   0.1732 -2006.681
 16  14    920.1    318.9   0.0150   0.0752   0.2000   0.0915 -1873.402
 16  15    919.2    319.8   0.0004   0.0020   0.2000   0.0025 -1685.463
 17   1    926.2    312.8   0.3478   1.7389   0.2000   2.0971 -2932.820
 17   2    927.6    311.4   0.3699   1.8493   0.2000   2.2251 -2953.134
 17   3    922.0    317.0   0.3570   1.7848   0.2000   2.1667 -2947.062
 17   4    924.3    314.7   0.3537   1.7683   0.2000   2.1388 -2936.229
 17   5    925.5    313.5   0.3552   1.7761   0.2000   2.1443 -2937.104
 17   6    925.5    313.5   0.3552   1.7761   0.2000   2.1443 -2937.104
 17   7    924.8    314.2   0.3679   1.8396   0.2000   2.2233 -2952.382
 17   8    924.8    314.2   0.3679   1.8396   0.2000   2.2233 -2952.382
 17   9    924.2    314.8   0.3379   1.6897   0.2000   2.0442 -2920.099
 17  10    923.7    315.3   0.3309   1.6546   0.2000   2.0033 -2916.290
 17  11    923.7    315.3   0.3296   1.6478   0.2000   1.9951 -2914.703
 17  12    922.8    316.2   0.1658   0.8288   0.2000   1.0049 -2587.809
 17  13    918.4    320.6   0.0284   0.1419   0.2000   0.1732 -2006.681
 17  14    920.1    318.9   0.0150   0.0752   0.2000   0.0915 -1873.402
 17  15    919.2    319.8   0.0004   0.0020   0.2000   0.0025 -1685.463
 17  16    919.0    320.0   0.0000   0.0000   0.2000   0.0000 -1676.046
 18   1    928.9    310.1   0.3565   1.7827   0.2000   2.1405 -2919.865
 18   2    930.5    308.5   0.3946   1.9730   0.2000   2.3630 -2963.135
 18   3    924.8    314.2   0.3680   1.8399   0.2000   2.2237 -2951.951
 18   4    927.2    311.8   0.3617   1.8085   0.2000   2.1774 -2938.506
 18   5    928.4    310.6   0.3789   1.8943   0.2000   2.2761 -2945.464
 18   6    928.4    310.6   0.3789   1.8943   0.2000   2.2761 -2945.464
 18   7    927.8    311.2   0.3910   1.9550   0.2000   2.3516 -2955.959
 18   8    927.8    311.2   0.3910   1.9550   0.2000   2.3516 -2955.959
 18   9    927.0    312.0   0.3754   1.8769   0.2000   2.2603 -2947.872
 18  10    926.6    312.4   0.3773   1.8864   0.2000   2.2734 -2946.524
 18  11    926.6    312.4   0.3758   1.8789   0.2000   2.2644 -2945.037
 18  12    925.6    313.4   0.1741   0.8706   0.2000   1.0508 -2627.961
 18  13    921.1    317.9   0.1726   0.8630   0.2000   1.0493 -2628.941
 18  14    922.9    316.1   0.1787   0.8936   0.2000   1.0833 -2636.528
 18  15    921.9    317.1   0.1708   0.8541   0.2000   1.0371 -2621.736
 18  16    921.8    317.2   0.1699   0.8497   0.2000   1.0320 -2619.402
 18  17    921.8    317.2   0.1699   0.8497   0.2000   1.0320 -2619.402
 19   1    932.6    306.4   0.3587   1.7935   0.2000   2.1405 -2920.638
 19   2    934.2    304.8   0.3632   1.8158   0.2000   2.1617 -2921.141
 19   3    928.6    310.4   0.3798   1.8990   0.2000   2.2813 -2947.179
 19   4    930.9    308.1   0.3712   1.8562   0.2000   2.2214 -2937.372
 19   5    932.1    306.9   0.3633   1.8167   0.2000   2.1700 -2918.432
 19   6    932.1    306.9   0.3633   1.8167   0.2000   2.1700 -2918.432
 19   7    931.5    307.5   0.3795   1.8974   0.2000   2.2688 -2939.556
 19   8    931.5    307.5   0.3795   1.8974   0.2000   2.2688 -2939.556
 19   9    930.8    308.2   0.3642   1.8212   0.2000   2.1801 -2917.385
 19  10    930.3    308.7   0.3407   1.7034   0.2000   2.0407 -2898.275
 19  11    930.3    308.7   0.3393   1.6966   0.2000   2.0326 -2896.758
 19  12    929.4    309.6   0.1747   0.8735   0.2000   1.0479 -2617.871
 19  13    925.0    314.0   0.1741   0.8704   0.2000   1.0517 -2636.979
 19  14    926.7    312.3   0.1729   0.8644   0.2000   1.0415 -2621.564
 19  15    925.8    313.2   0.1626   0.8131   0.2000   0.9812 -2598.117
 19  16    925.6    313.4   0.1618   0.8089   0.2000   0.9763 -2595.739
 19  17    925.6    313.4   0.1618   0.8089   0.2000   0.9763 -2595.739
 19  18    928.4    310.6   0.1337   0.6683   0.2000   0.8030 -2495.187
 20   1    931.9    307.1   0.3283   1.6417   0.2000   1.9614 -2895.088
 20   2    933.5    305.5   0.3410   1.7049   0.2000   2.0318 -2912.923
 20   3    927.9    311.1   0.3388   1.6938   0.2000   2.0370 -2909.929
 20   4    930.3    308.7   0.3087   1.5433   0.2000   1.8489 -2870.327
 20   5    931.5    307.5   0.3301   1.6505   0.2000   1.9735 -2894.837
 20   6    931.5    307.5   0.3301   1.6505   0.2000   1.9735 -2894.837
 20   7    930.8    308.2   0.3357   1.6784   0.2000   2.0090 -2904.127
 20   8    930.8    308.2   0.3357   1.6784   0.2000   2.0090 -2904.127
 20   9    930.1    308.9   0.3101   1.5503   0.2000   1.8578 -2879.233
 20  10    929.6    309.4   0.3270   1.6349   0.2000   1.9607 -2896.677
 20  11    929.6    309.4   0.3256   1.6280   0.2000   1.9525 -2895.104
 20  12    928.7    310.3   0.2533   1.2664   0.2000   1.5209 -2785.468
 20  13    924.3    314.7   0.2528   1.2641   0.2000   1.5291 -2809.244
 20  14    926.0    313.0   0.2479   1.2394   0.2000   1.4950 -2797.221
 20  15    925.1    313.9   0.2406   1.2030   0.2000   1.4533 -2785.950
 20  16    924.9    314.1   0.2394   1.1971   0.2000   1.4465 -2783.955
 20  17    924.9    314.1   0.2394   1.1971   0.2000   1.4465 -2783.955
 20  18    927.7    311.3   0.2352   1.1760   0.2000   1.4146 -2762.984
 20  19    931.5    307.5   0.2396   1.1980   0.2000   1.4323 -2768.020
 21   1    929.8    309.2   0.3429   1.7147   0.2000   2.0558 -2916.913
 21   2    931.3    307.7   0.3463   1.7317   0.2000   2.0712 -2906.840
 21   3    925.7    313.3   0.3696   1.8482   0.2000   2.2306 -2952.049
 21   4    928.0    311.0   0.3535   1.7673   0.2000   2.1250 -2930.052
 21   5    929.1    309.9   0.3407   1.7034   0.2000   2.0444 -2909.614
 21   6    929.1    309.9   0.3407   1.7034   0.2000   2.0444 -2909.614
 21   7    928.5    310.5   0.3425   1.7124   0.2000   2.0574 -2916.685
 21   8    928.5    310.5   0.3425   1.7124   0.2000   2.0574 -2916.685
 21   9    927.8    311.2   0.3328   1.6638   0.2000   2.0011 -2909.322
 21  10    927.4    311.6   0.3416   1.7079   0.2000   2.0557 -2921.992
 21  11    927.4    311.6   0.3412   1.7058   0.2000   2.0532 -2920.972
 21  12    926.6    312.4   0.2770   1.3849   0.2000   1.6690 -2842.870
 21  13    922.2    316.8   0.2663   1.3315   0.2000   1.6160 -2859.404
 21  14    923.9    315.1   0.2652   1.3259   0.2000   1.6048 -2853.334
 21  15    923.0    316.0   0.2658   1.3290   0.2000   1.6109 -2854.750
 21  16    922.8    316.2   0.2645   1.3224   0.2000   1.6033 -2852.889
 21  17    922.8    316.2   0.2645   1.3224   0.2000   1.6033 -2852.889
 21  18    925.5    313.5   0.2759   1.3795   0.2000   1.6654 -2850.771
 21  19    929.4    309.6   0.2608   1.3038   0.2000   1.5643 -2820.178
 21  20    928.7    310.3   0.1737   0.8686   0.2000   1.0433 -2624.924
 22   1    932.8    306.2   0.3180   1.5900   0.2000   1.8970 -2886.563
 22   2    934.3    304.7   0.3261   1.6305   0.2000   1.9408 -2888.991
 22   3    928.8    310.2   0.3332   1.6659   0.2000   2.0007 -2912.600
 22   4    931.1    307.9   0.3220   1.6098   0.2000   1.9261 -2889.673
 22   5    932.3    306.7   0.3316   1.6582   0.2000   1.9802 -2889.283
 22   6    932.3    306.7   0.3316   1.6582   0.2000   1.9802 -2889.283
 22   7    931.6    307.4   0.3197   1.5986   0.2000   1.9110 -2885.520
 22   8    931.6    307.4   0.3197   1.5986   0.2000   1.9110 -2885.520
 22   9    930.9    308.1   0.3227   1.6136   0.2000   1.9311 -2888.072
 22  10    930.5    308.5   0.3266   1.6332   0.2000   1.9560 -2892.690
 22  11    930.5    308.5   0.3262   1.6311   0.2000   1.9535 -2891.627
 22  12    929.5    309.5   0.2655   1.3274   0.2000   1.5923 -2810.692
 22  13    925.0    314.0   0.2469   1.2347   0.2000   1.4917 -2806.195
 22  14    926.8    312.2   0.2552   1.2759   0.2000   1.5371 -2815.898
 22  15    925.8    313.2   0.2482   1.2409   0.2000   1.4973 -2806.528
 22  16    925.7    313.3   0.2469   1.2347   0.2000   1.4902 -2804.554
 22  17    925.7    313.3   0.2469   1.2347   0.2000   1.4902 -2804.554
 22  18    928.5    310.5   0.2439   1.2193   0.2000   1.4649 -2789.870
 22  19    932.3    306.7   0.2572   1.2859   0.2000   1.5356 -2799.706
 22  20    931.6    307.4   0.1507   0.7537   0.2000   0.9010 -2544.189
 22  21    929.5    309.5   0.1969   0.9844   0.2000   1.1809 -2674.238
 23   1    932.7    306.3   0.3307   1.6536   0.2000   1.9733 -2900.538
 23   2    934.1    304.9   0.3265   1.6324   0.2000   1.9435 -2885.975
 23   3    928.6    310.4   0.3307   1.6536   0.2000   1.9864 -2907.646
 23   4    930.9    308.1   0.3279   1.6397   0.2000   1.9623 -2895.280
 23   5    932.1    306.9   0.3361   1.6803   0.2000   2.0071 -2892.834
 23   6    932.1    306.9   0.3361   1.6803   0.2000   2.0071 -2892.834
 23   7    931.4    307.6   0.3282   1.6408   0.2000   1.9619 -2892.275
 23   8    931.4    307.6   0.3282   1.6408   0.2000   1.9619 -2892.275
 23   9    930.8    308.2   0.3256   1.6281   0.2000   1.9488 -2889.279
 23  10    930.3    308.7   0.3349   1.6743   0.2000   2.0058 -2901.009
 23  11    930.3    308.7   0.3344   1.6722   0.2000   2.0032 -2899.962
 23  12    929.3    309.7   0.2664   1.3320   0.2000   1.5981 -2817.760
 23  13    924.9    314.1   0.2560   1.2799   0.2000   1.5466 -2815.541
 23  14    926.7    312.3   0.2544   1.2721   0.2000   1.5329 -2811.317
 23  15    925.7    313.3   0.2511   1.2554   0.2000   1.5150 -2807.757
 23  16    925.6    313.4   0.2498   1.2492   0.2000   1.5080 -2805.806
 23  17    925.6    313.4   0.2498   1.2492   0.2000   1.5080 -2805.806
 23  18    928.3    310.7   0.2489   1.2444   0.2000   1.4955 -2795.624
 23  19    932.1    306.9   0.2562   1.2812   0.2000   1.5302 -2795.416
 23  20    931.5    307.5   0.1551   0.7753   0.2000   0.9271 -2555.632
 23  21    929.3    309.7   0.1944   0.9718   0.2000   1.1660 -2670.914
 23  22    932.1    306.9   0.0105   0.0525   0.2000   0.0627 -1808.817
 24   1    933.1    305.9   0.3413   1.7065   0.2000   2.0352 -2900.112
 24   2    934.5    304.5   0.3324   1.6618   0.2000   1.9772 -2890.033
 24   3    929.0    310.0   0.3127   1.5634   0.2000   1.8768 -2886.419
 24   4    931.3    307.7   0.3306   1.6531   0.2000   1.9771 -2890.277
 24   5    932.5    306.5   0.3161   1.5804   0.2000   1.8866 -2881.246
 24   6    932.5    306.5   0.3161   1.5804   0.2000   1.8866 -2881.246
 24   7    931.8    307.2   0.3316   1.6582   0.2000   1.9816 -2901.219
 24   8    931.8    307.2   0.3316   1.6582   0.2000   1.9816 -2901.219
 24   9    931.2    307.8   0.2979   1.4894   0.2000   1.7817 -2867.852
 24  10    930.7    308.3   0.3218   1.6092   0.2000   1.9266 -2893.643
 24  11    930.7    308.3   0.3215   1.6073   0.2000   1.9243 -2892.607
 24  12    929.8    309.2   0.2451   1.2256   0.2000   1.4694 -2784.651
 24  13    925.4    313.6   0.2545   1.2727   0.2000   1.5368 -2803.845
 24  14    927.1    311.9   0.2625   1.3126   0.2000   1.5806 -2819.262
 24  15    926.2    312.8   0.2564   1.2820   0.2000   1.5461 -2811.560
 24  16    926.0    313.0   0.2551   1.2757   0.2000   1.5389 -2809.589
 24  17    926.0    313.0   0.2551   1.2757   0.2000   1.5389 -2809.589
 24  18    928.8    310.2   0.2603   1.3013   0.2000   1.5628 -2806.571
 24  19    932.6    306.4   0.2556   1.2781   0.2000   1.5255 -2796.269
 24  20    931.9    307.1   0.1740   0.8701   0.2000   1.0397 -2616.093
 24  21    929.8    309.2   0.1983   0.9914   0.2000   1.1887 -2683.538
 24  22    932.6    306.4   0.1444   0.7219   0.2000   0.8617 -2513.679
 24  23    932.5    306.5   0.1490   0.7449   0.2000   0.8892 -2526.117
 25   1    932.3    306.7   0.3266   1.6328   0.2000   1.9497 -2884.923
 25   2    933.9    305.1   0.3276   1.6382   0.2000   1.9511 -2884.916
 25   3    928.3    310.7   0.3337   1.6686   0.2000   2.0055 -2915.023
 25   4    930.7    308.3   0.3396   1.6982   0.2000   2.0331 -2913.236
 25   5    931.9    307.1   0.3064   1.5322   0.2000   1.8307 -2866.779
 25   6    931.9    307.1   0.3064   1.5322   0.2000   1.8307 -2866.779
 25   7    931.3    307.7   0.3154   1.5772   0.2000   1.8865 -2884.224
 25   8    931.3    307.7   0.3154   1.5772   0.2000   1.8865 -2884.224
 25   9    930.5    308.5   0.2996   1.4978   0.2000   1.7937 -2863.495
 25  10    930.0    309.0   0.3081   1.5407   0.2000   1.8465 -2876.552
 25  11    930.0    309.0   0.3078   1.5389   0.2000   1.8443 -2875.445
 25  12    929.0    310.0   0.2946   1.4731   0.2000   1.7684 -2854.237
 25  13    924.5    314.5   0.2666   1.3332   0.2000   1.6121 -2835.022
 25  14    926.3    312.7   0.2625   1.3124   0.2000   1.5824 -2826.416
 25  15    925.3    313.7   0.2566   1.2829   0.2000   1.5492 -2822.588
 25  16    925.2    313.8   0.2553   1.2764   0.2000   1.5418 -2820.623
 25  17    925.2    313.8   0.2553   1.2764   0.2000   1.5418 -2820.623
 25  18    928.1    310.9   0.2642   1.3210   0.2000   1.5882 -2823.186
 25  19    931.8    307.2   0.2500   1.2499   0.2000   1.4937 -2783.447
 25  20    931.2    307.8   0.1847   0.9235   0.2000   1.1049 -2642.979
 25  21    928.9    310.1   0.1885   0.9426   0.2000   1.1318 -2666.632
 25  22    931.8    307.2   0.1462   0.7310   0.2000   0.8736 -2533.147
 25  23    931.7    307.3   0.1469   0.7344   0.2000   0.8777 -2536.859
 25  24    932.1    306.9   0.1036   0.5179   0.2000   0.6185 -2370.034
 26   1    931.3    307.7   0.3471   1.7356   0.2000   2.0759 -2906.042
 26   2    932.7    306.3   0.2940   1.4700   0.2000   1.7541 -2845.737
 26   3    927.2    311.8   0.3265   1.6326   0.2000   1.9656 -2898.049
 26   4    929.5    309.5   0.3450   1.7248   0.2000   2.0690 -2911.471
 26   5    930.6    308.4   0.3053   1.5267   0.2000   1.8282 -2872.678
 26   6    930.6    308.4   0.3053   1.5267   0.2000   1.8282 -2872.678
 26   7    929.9    309.1   0.3306   1.6531   0.2000   1.9816 -2899.837
 26   8    929.9    309.1   0.3306   1.6531   0.2000   1.9816 -2899.837
 26   9    929.3    309.7   0.3104   1.5520   0.2000   1.8623 -2886.680
 26  10    928.8    310.2   0.3034   1.5168   0.2000   1.8214 -2879.078
 26  11    928.8    310.2   0.3012   1.5059   0.2000   1.8084 -2877.332
 26  12    928.1    310.9   0.2579   1.2894   0.2000   1.5503 -2783.582
 26  13    923.7    315.3   0.2709   1.3544   0.2000   1.6399 -2825.611
 26  14    925.4    313.6   0.2728   1.3638   0.2000   1.6467 -2823.385
 26  15    924.5    314.5   0.2609   1.3047   0.2000   1.5778 -2808.277
 26  16    924.3    314.7   0.2597   1.2984   0.2000   1.5705 -2806.389
 26  17    924.3    314.7   0.2597   1.2984   0.2000   1.5705 -2806.389
 26  18    927.0    312.0   0.2652   1.3261   0.2000   1.5971 -2802.868
 26  19    930.8    308.2   0.2535   1.2676   0.2000   1.5173 -2773.160
 26  20    930.1    308.9   0.1845   0.9226   0.2000   1.1055 -2652.447
 26  21    928.1    310.9   0.1795   0.8977   0.2000   1.0793 -2637.817
 26  22    930.9    308.1   0.1757   0.8786   0.2000   1.0515 -2606.811
 26  23    930.8    308.2   0.1811   0.9054   0.2000   1.0838 -2621.420
 26  24    931.2    307.8   0.1784   0.8921   0.2000   1.0672 -2612.333
 26  25    930.4    308.6   0.1818   0.9089   0.2000   1.0888 -2625.483
 27   1    931.3    307.7   0.3471   1.7356   0.2000   2.0759 -2906.042
 27   2    932.7    306.3   0.2940   1.4700   0.2000   1.7541 -2845.737
 27   3    927.2    311.8   0.3265   1.6326   0.2000   1.9656 -2898.049
 27   4    929.5    309.5   0.3450   1.7248   0.2000   2.0690 -2911.471
 27   5    930.6    308.4   0.3053   1.5267   0.2000   1.8282 -2872.678
 27   6    930.6    308.4   0.3053   1.5267   0.2000   1.8282 -2872.678
 27   7    929.9    309.1   0.3306   1.6531   0.2000   1.9816 -2899.837
 27   8    929.9    309.1   0.3306   1.6531   0.2000   1.9816 -2899.837
 27   9    929.3    309.7   0.3104   1.5520   0.2000   1.8623 -2886.680
 27  10    928.8    310.2   0.3034   1.5168   0.2000   1.8214 -2879.078
 27  11    928.8    310.2   0.3012   1.5059   0.2000   1.8084 -2877.332
 27  12    928.1    310.9   0.2579   1.2894   0.2000   1.5503 -2783.582
 27  13    923.7    315.3   0.2709   1.3544   0.2000   1.6399 -2825.611
 27  14    925.4    313.6   0.2728   1.3638   0.2000   1.6467 -2823.385
 27  15    924.5    314.5   0.2609   1.3047   0.2000   1.5778 -2808.277
 27  16    924.3    314.7   0.2597   1.2984   0.2000   1.5705 -2806.389
 27  17    924.3    314.7   0.2597   1.2984   0.2000   1.5705 -2806.389
 27  18    927.0    312.0   0.2652   1.3261   0.2000   1.5971 -2802.868
 27  19    930.8    308.2   0.2535   1.2676   0.2000   1.5173 -2773.160
 27  20    930.1    308.9   0.1845   0.9226   0.2000   1.1055 -2652.447
 27  21    928.1    310.9   0.1795   0.8977   0.2000   1.0793 -2637.817
 27  22    930.9    308.1   0.1757   0.8786   0.2000   1.0515 -2606.811
 27  23    930.8    308.2   0.1811   0.9054   0.2000   1.0838 -2621.420
 27  24    931.2    307.8   0.1784   0.8921   0.2000   1.0672 -2612.333
 27  25    930.4    308.6   0.1818   0.9089   0.2000   1.0888 -2625.483
 27  26    929.6    309.4   0.0000   0.0000   0.2000   0.0000 -1662.232
 28   1    930.0    309.0   0.3450   1.7249   0.2000   2.0674 -2919.792
 28   2    931.5    307.5   0.3223   1.6117   0.2000   1.9269 -2896.788
 28   3    925.9    313.1   0.3344   1.6721   0.2000   2.0173 -2918.775
 28   4    928.3    310.7   0.3256   1.6280   0.2000   1.9567 -2901.979
 28   5    929.4    309.6   0.3355   1.6776   0.2000   2.0125 -2903.708
 28   6    929.4    309.6   0.3355   1.6776   0.2000   2.0125 -2903.708
 28   7    928.8    310.2   0.3289   1.6445   0.2000   1.9748 -2902.289
 28   8    928.8    310.2   0.3289   1.6445   0.2000   1.9748 -2902.289
 28   9    928.1    310.9   0.3168   1.5840   0.2000   1.9043 -2880.219
 28  10    927.6    311.4   0.3168   1.5840   0.2000   1.9058 -2888.267
 28  11    927.6    311.4   0.3164   1.5822   0.2000   1.9036 -2887.230
 28  12    926.9    312.1   0.2641   1.3206   0.2000   1.5908 -2806.853
 28  13    922.4    316.6   0.2737   1.3685   0.2000   1.6602 -2851.139
 28  14    924.2    314.8   0.2728   1.3641   0.2000   1.6503 -2839.952
 28  15    923.2    315.8   0.2645   1.3224   0.2000   1.6023 -2832.525
 28  16    923.1    315.9   0.2653   1.3263   0.2000   1.6075 -2834.010
 28  17    923.1    315.9   0.2653   1.3263   0.2000   1.6075 -2834.010
 28  18    925.8    313.2   0.2858   1.4292   0.2000   1.7246 -2845.388
 28  19    929.6    309.4   0.2798   1.3991   0.2000   1.6780 -2825.886
 28  20    928.9    310.1   0.2058   1.0291   0.2000   1.2355 -2707.726
 28  21    926.8    312.2   0.2097   1.0484   0.2000   1.2632 -2735.693
 28  22    929.8    309.2   0.1987   0.9935   0.2000   1.1912 -2696.569
 28  23    929.6    309.4   0.2026   1.0128   0.2000   1.2147 -2703.118
 28  24    930.0    309.0   0.2045   1.0224   0.2000   1.2253 -2704.599
 28  25    929.2    309.8   0.2122   1.0612   0.2000   1.2735 -2714.282
 28  26    928.3    310.7   0.2110   1.0548   0.2000   1.2678 -2707.163
 28  27    928.3    310.7   0.2110   1.0548   0.2000   1.2678 -2707.163
 29   1    930.9    308.1   0.3611   1.8054   0.2000   2.1605 -2934.319
 29   2    932.5    306.5   0.3297   1.6485   0.2000   1.9679 -2898.728
 29   3    926.9    312.1   0.3592   1.7962   0.2000   2.1636 -2946.286
 29   4    929.2    309.8   0.3609   1.8046   0.2000   2.1656 -2933.327
 29   5    930.4    308.6   0.3406   1.7031   0.2000   2.0401 -2909.725
 29   6    930.4    308.6   0.3406   1.7031   0.2000   2.0401 -2909.725
 29   7    929.7    309.3   0.3530   1.7648   0.2000   2.1161 -2927.507
 29   8    929.7    309.3   0.3530   1.7648   0.2000   2.1161 -2927.507
 29   9    929.0    310.0   0.3240   1.6199   0.2000   1.9445 -2896.599
 29  10    928.6    310.4   0.3254   1.6269   0.2000   1.9544 -2908.647
 29  11    928.6    310.4   0.3250   1.6249   0.2000   1.9520 -2907.616
 29  12    927.8    311.2   0.2917   1.4585   0.2000   1.7544 -2848.256
 29  13    923.3    315.7   0.2918   1.4590   0.2000   1.7675 -2876.439
 29  14    925.1    313.9   0.3012   1.5060   0.2000   1.8194 -2887.683
 29  15    924.1    314.9   0.2997   1.4985   0.2000   1.8131 -2886.379
 29  16    924.0    315.0   0.2986   1.4929   0.2000   1.8067 -2886.141
 29  17    924.0    315.0   0.2986   1.4929   0.2000   1.8067 -2886.141
 29  18    926.7    312.3   0.3050   1.5251   0.2000   1.8376 -2870.736
 29  19    930.5    308.5   0.2861   1.4305   0.2000   1.7130 -2828.503
 29  20    929.8    309.2   0.2113   1.0567   0.2000   1.2668 -2713.178
 29  21    927.7    311.3   0.2155   1.0774   0.2000   1.2962 -2725.620
 29  22    930.6    308.4   0.1804   0.9020   0.2000   1.0799 -2646.517
 29  23    930.5    308.5   0.1901   0.9505   0.2000   1.1383 -2670.383
 29  24    930.9    308.1   0.2109   1.0547   0.2000   1.2623 -2711.356
 29  25    930.1    308.9   0.2071   1.0357   0.2000   1.2411 -2696.664
 29  26    929.2    309.8   0.1964   0.9822   0.2000   1.1788 -2677.023
 29  27    929.2    309.8   0.1964   0.9822   0.2000   1.1788 -2677.023
 29  28    927.9    311.1   0.1440   0.7198   0.2000   0.8656 -2519.046
 30   1    930.9    308.1   0.3611   1.8054   0.2000   2.1605 -2934.319
 30   2    932.5    306.5   0.3297   1.6485   0.2000   1.9679 -2898.728
 30   3    926.9    312.1   0.3592   1.7962   0.2000   2.1636 -2946.286
 30   4    929.2    309.8   0.3609   1.8046   0.2000   2.1656 -2933.327
 30   5    930.4    308.6   0.3406   1.7031   0.2000   2.0401 -2909.725
 30   6    930.4    308.6   0.3406   1.7031   0.2000   2.0401 -2909.725
 30   7    929.7    309.3   0.3530   1.7648   0.2000   2.1161 -2927.507
 30   8    929.7    309.3   0.3530   1.7648   0.2000   2.1161 -2927.507
 30   9    929.0    310.0   0.3240   1.6199   0.2000   1.9445 -2896.599
 30  10    928.6    310.4   0.3254   1.6269   0.2000   1.9544 -2908.647
 30  11    928.6    310.4   0.3250   1.6249   0.2000   1.9520 -2907.616
 30  12    927.8    311.2   0.2917   1.4585   0.2000   1.7544 -2848.256
 30  13    923.3    315.7   0.2918   1.4590   0.2000   1.7675 -2876.439
 30  14    925.1    313.9   0.3012   1.5060   0.2000   1.8194 -2887.683
 30  15    924.1    314.9   0.2997   1.4985   0.2000   1.8131 -2886.379
 30  16    924.0    315.0   0.2986   1.4929   0.2000   1.8067 -2886.141
 30  17    924.0    315.0   0.2986   1.4929   0.2000   1.8067 -2886.141
 30  18    926.7    312.3   0.3050   1.5251   0.2000   1.8376 -2870.736
 30  19    930.5    308.5   0.2861   1.4305   0.2000   1.7130 -2828.503
 30  20    929.8    309.2   0.2113   1.0567   0.2000   1.2668 -2713.178
 30  21    927.7    311.3   0.2155   1.0774   0.2000   1.2962 -2725.620
 30  22    930.6    308.4   0.1804   0.9020   0.2000   1.0799 -2646.517
 30  23    930.5    308.5   0.1901   0.9505   0.2000   1.1383 -2670.383
 30  24    930.9    308.1   0.2109   1.0547   0.2000   1.2623 -2711.356
 30  25    930.1    308.9   0.2071   1.0357   0.2000   1.2411 -2696.664
 30  26    929.2    309.8   0.1964   0.9822   0.2000   1.1788 -2677.023
 30  27    929.2    309.8   0.1964   0.9822   0.2000   1.1788 -2677.023
 30  28    927.9    311.1   0.1440   0.7198   0.2000   0.8656 -2519.046
 30  29    928.9    310.1   0.0000   0.0000   0.2000   0.0000 -1663.439
 31   1    931.2    307.8   0.3883   1.9414   0.2000   2.3222 -2961.595
 31   2    932.7    306.3   0.3616   1.8081   0.2000   2.1576 -2926.553
 31   3    927.2    311.8   0.3766   1.8832   0.2000   2.2674 -2951.893
 31   4    929.5    309.5   0.3832   1.9162   0.2000   2.2986 -2950.798
 31   5    930.6    308.4   0.3938   1.9689   0.2000   2.3573 -2953.908
 31   6    930.6    308.4   0.3938   1.9689   0.2000   2.3573 -2953.908
 31   7    930.0    309.0   0.3913   1.9565   0.2000   2.3450 -2955.050
 31   8    930.0    309.0   0.3913   1.9565   0.2000   2.3450 -2955.050
 31   9    929.3    309.7   0.3723   1.8613   0.2000   2.2333 -2937.087
 31  10    928.8    310.2   0.3921   1.9603   0.2000   2.3539 -2955.702
 31  11    928.8    310.2   0.3915   1.9575   0.2000   2.3506 -2954.718
 31  12    928.0    311.0   0.2846   1.4231   0.2000   1.7111 -2835.416
 31  13    923.6    315.4   0.2823   1.4114   0.2000   1.7092 -2857.166
 31  14    925.3    313.7   0.2746   1.3731   0.2000   1.6582 -2841.392
 31  15    924.4    314.6   0.2711   1.3557   0.2000   1.6397 -2840.388
 31  16    924.2    314.8   0.2698   1.3489   0.2000   1.6318 -2838.502
 31  17    924.2    314.8   0.2698   1.3489   0.2000   1.6318 -2838.502
 31  18    927.0    312.0   0.2913   1.4565   0.2000   1.7542 -2841.378
 31  19    930.8    308.2   0.2752   1.3762   0.2000   1.6473 -2814.433
 31  20    930.1    308.9   0.2246   1.1229   0.2000   1.3457 -2724.223
 31  21    928.0    311.0   0.2159   1.0794   0.2000   1.2980 -2722.301
 31  22    930.8    308.2   0.2243   1.1215   0.2000   1.3424 -2723.828
 31  23    930.7    308.3   0.2247   1.1234   0.2000   1.3448 -2728.701
 31  24    931.1    307.9   0.2336   1.1682   0.2000   1.3976 -2749.261
 31  25    930.4    308.6   0.2378   1.1891   0.2000   1.4243 -2756.185
 31  26    929.4    309.6   0.2047   1.0233   0.2000   1.2276 -2679.372
 31  27    929.4    309.6   0.2047   1.0233   0.2000   1.2276 -2679.372
 31  28    928.2    310.8   0.1500   0.7499   0.2000   0.9014 -2545.146
 31  29    929.1    309.9   0.1599   0.7993   0.2000   0.9593 -2566.502
 31  30    929.1    309.9   0.1599   0.7993   0.2000   0.9593 -2566.502
 32   1    933.8    305.2   0.3662   1.8311   0.2000   2.1811 -2935.475
 32   2    935.4    303.6   0.3421   1.7106   0.2000   2.0323 -2901.789
 32   3    929.8    309.2   0.3747   1.8733   0.2000   2.2459 -2950.742
 32   4    932.2    306.8   0.3712   1.8562   0.2000   2.2168 -2934.073
 32   5    933.4    305.6   0.3935   1.9675   0.2000   2.3451 -2950.037
 32   6    933.4    305.6   0.3935   1.9675   0.2000   2.3451 -2950.037
 32   7    932.8    306.2   0.3986   1.9929   0.2000   2.3779 -2957.182
 32   8    932.8    306.2   0.3986   1.9929   0.2000   2.3779 -2957.182
 32   9    932.1    306.9   0.3747   1.8733   0.2000   2.2378 -2931.279
 32  10    931.6    307.4   0.3852   1.9258   0.2000   2.3022 -2945.555
 32  11    931.6    307.4   0.3846   1.9229   0.2000   2.2988 -2944.536
 32  12    930.5    308.5   0.2890   1.4448   0.2000   1.7302 -2834.174
 32  13    926.0    313.0   0.2769   1.3846   0.2000   1.6701 -2837.145
 32  14    927.8    311.2   0.2706   1.3528   0.2000   1.6271 -2822.480
 32  15    926.9    312.1   0.2762   1.3812   0.2000   1.6638 -2835.072
 32  16    926.7    312.3   0.2749   1.3743   0.2000   1.6560 -2833.151
 32  17    926.7    312.3   0.2749   1.3743   0.2000   1.6560 -2833.151
 32  18    929.6    309.4   0.2925   1.4625   0.2000   1.7540 -2843.950
 32  19    933.3    305.7   0.2835   1.4176   0.2000   1.6900 -2824.037
 32  20    932.7    306.3   0.2215   1.1074   0.2000   1.3215 -2734.080
 32  21    930.5    308.5   0.2317   1.1586   0.2000   1.3876 -2753.590
 32  22    933.3    305.7   0.1944   0.9718   0.2000   1.1585 -2673.073
 32  23    933.2    305.8   0.1971   0.9856   0.2000   1.1752 -2681.015
 32  24    933.6    305.4   0.2085   1.0427   0.2000   1.2424 -2704.078
 32  25    933.0    306.0   0.2112   1.0562   0.2000   1.2598 -2713.895
 32  26    931.9    307.1   0.2053   1.0264   0.2000   1.2265 -2673.246
 32  27    931.9    307.1   0.2053   1.0264   0.2000   1.2265 -2673.246
 32  28    930.8    308.2   0.1416   0.7079   0.2000   0.8474 -2527.187
 32  29    931.7    307.3   0.1421   0.7107   0.2000   0.8495 -2522.630
 32  30    931.7    307.3   0.1421   0.7107   0.2000   0.8495 -2522.630
 32  31    931.9    307.1   0.1250   0.6252   0.2000   0.7471 -2450.700
 33   1    930.9    308.1   0.3149   1.5747   0.2000   1.8846 -2885.869
 33   2    932.3    306.7   0.3190   1.5951   0.2000   1.9046 -2883.548
 33   3    926.8    312.2   0.3228   1.6142   0.2000   1.9448 -2908.005
 33   4    929.1    309.9   0.3311   1.6555   0.2000   1.9872 -2903.703
 33   5    930.2    308.8   0.3080   1.5400   0.2000   1.8453 -2875.449
 33   6    930.2    308.8   0.3080   1.5400   0.2000   1.8453 -2875.449
 33   7    929.5    309.5   0.3092   1.5460   0.2000   1.8543 -2886.231
 33   8    929.5    309.5   0.3092   1.5460   0.2000   1.8543 -2886.231
 33   9    928.9    310.1   0.3063   1.5315   0.2000   1.8389 -2877.894
 33  10    928.4    310.6   0.3155   1.5776   0.2000   1.8956 -2892.379
 33  11    928.4    310.6   0.3152   1.5758   0.2000   1.8935 -2891.379
 33  12    927.7    311.3   0.2774   1.3869   0.2000   1.6683 -2823.504
 33  13    923.4    315.6   0.2595   1.2975   0.2000   1.5718 -2833.560
 33  14    925.1    313.9   0.2606   1.3028   0.2000   1.5739 -2831.745
 33  15    924.1    314.9   0.2567   1.2836   0.2000   1.5530 -2825.878
 33  16    924.0    315.0   0.2557   1.2785   0.2000   1.5473 -2825.517
 33  17    924.0    315.0   0.2557   1.2785   0.2000   1.5473 -2825.517
 33  18    926.6    312.4   0.2742   1.3710   0.2000   1.6521 -2820.770
 33  19    930.5    308.5   0.2624   1.3122   0.2000   1.5715 -2805.375
 33  20    929.8    309.2   0.1827   0.9134   0.2000   1.0952 -2638.350
 33  21    927.7    311.3   0.1910   0.9551   0.2000   1.1490 -2675.046
 33  22    930.6    308.4   0.1779   0.8893   0.2000   1.0649 -2639.380
 33  23    930.5    308.5   0.1821   0.9107   0.2000   1.0907 -2647.406
 33  24    930.9    308.1   0.1659   0.8294   0.2000   0.9927 -2597.209
 33  25    930.0    309.0   0.1726   0.8628   0.2000   1.0340 -2602.241
 33  26    929.2    309.8   0.1711   0.8557   0.2000   1.0269 -2609.453
 33  27    929.2    309.8   0.1711   0.8557   0.2000   1.0269 -2609.453
 33  28    927.9    311.1   0.1938   0.9690   0.2000   1.1653 -2669.996
 33  29    928.8    310.2   0.2089   1.0446   0.2000   1.2544 -2693.023
 33  30    928.8    310.2   0.2089   1.0446   0.2000   1.2544 -2693.023
 33  31    929.1    309.9   0.1957   0.9787   0.2000   1.1748 -2670.144
 33  32    931.6    307.4   0.2071   1.0355   0.2000   1.2380 -2703.441
 34   1    930.9    308.1   0.3149   1.5747   0.2000   1.8846 -2885.869
 34   2    932.3    306.7   0.3190   1.5951   0.2000   1.9046 -2883.548
 34   3    926.8    312.2   0.3228   1.6142   0.2000   1.9448 -2908.005
 34   4    929.1    309.9   0.3311   1.6555   0.2000   1.9872 -2903.703
 34   5    930.2    308.8   0.3080   1.5400   0.2000   1.8453 -2875.449
 34   6    930.2    308.8   0.3080   1.5400   0.2000   1.8453 -2875.449
 34   7    929.5    309.5   0.3092   1.5460   0.2000   1.8543 -2886.231
 34   8    929.5    309.5   0.3092   1.5460   0.2000   1.8543 -2886.231
 34   9    928.9    310.1   0.3063   1.5315   0.2000   1.8389 -2877.894
 34  10    928.4    310.6   0.3155   1.5776   0.2000   1.8956 -2892.379
 34  11    928.4    310.6   0.3152   1.5758   0.2000   1.8935 -2891.379
 34  12    927.7    311.3   0.2774   1.3869   0.2000   1.6683 -2823.504
 34  13    923.4    315.6   0.2595   1.2975   0.2000   1.5718 -2833.560
 34  14    925.1    313.9   0.2606   1.3028   0.2000   1.5739 -2831.745
 34  15    924.1    314.9   0.2567   1.2836   0.2000   1.5530 -2825.878
 34  16    924.0    315.0   0.2557   1.2785   0.2000   1.5473 -2825.517
 34  17    924.0    315.0   0.2557   1.2785   0.2000   1.5473 -2825.517
 34  18    926.6    312.4   0.2742   1.3710   0.2000   1.6521 -2820.770
 34  19    930.5    308.5   0.2624   1.3122   0.2000   1.5715 -2805.375
 34  20    929.8    309.2   0.1827   0.9134   0.2000   1.0952 -2638.350
 34  21    927.7    311.3   0.1910   0.9551   0.2000   1.1490 -2675.046
 34  22    930.6    308.4   0.1779   0.8893   0.2000   1.0649 -2639.380
 34  23    930.5    308.5   0.1821   0.9107   0.2000   1.0907 -2647.406
 34  24    930.9    308.1   0.1659   0.8294   0.2000   0.9927 -2597.209
 34  25    930.0    309.0   0.1726   0.8628   0.2000   1.0340 -2602.241
 34  26    929.2    309.8   0.1711   0.8557   0.2000   1.0269 -2609.453
 34  27    929.2    309.8   0.1711   0.8557   0.2000   1.0269 -2609.453
 34  28    927.9    311.1   0.1938   0.9690   0.2000   1.1653 -2669.996
 34  29    928.8    310.2   0.2089   1.0446   0.2000   1.2544 -2693.023
 34  30    928.8    310.2   0.2089   1.0446   0.2000   1.2544 -2693.023
 34  31    929.1    309.9   0.1957   0.9787   0.2000   1.1748 -2670.144
 34  32    931.6    307.4   0.2071   1.0355   0.2000   1.2380 -2703.441
 34  33    928.9    310.1   0.0000   0.0000   0.2000   0.0000 -1663.239
 35   1    931.5    307.5   0.3773   1.8866   0.2000   2.2557 -2944.100
 35   2    933.0    306.0   0.3289   1.6446   0.2000   1.9616 -2888.164
 35   3    927.4    311.6   0.3490   1.7448   0.2000   2.1000 -2930.447
 35   4    929.7    309.3   0.3702   1.8511   0.2000   2.2196 -2943.906
 35   5    930.9    308.1   0.3467   1.7333   0.2000   2.0746 -2910.853
 35   6    930.9    308.1   0.3467   1.7333   0.2000   2.0746 -2910.853
 35   7    930.2    308.8   0.3569   1.7844   0.2000   2.1379 -2926.722
 35   8    930.2    308.8   0.3569   1.7844   0.2000   2.1379 -2926.722
 35   9    929.5    309.5   0.3402   1.7011   0.2000   2.0403 -2913.282
 35  10    929.1    309.9   0.3418   1.7091   0.2000   2.0515 -2915.759
 35  11    929.1    309.9   0.3414   1.7070   0.2000   2.0490 -2914.763
 35  12    928.3    310.7   0.2710   1.3549   0.2000   1.6284 -2824.096
 35  13    923.9    315.1   0.2690   1.3452   0.2000   1.6281 -2854.271
 35  14    925.6    313.4   0.2851   1.4257   0.2000   1.7208 -2871.683
 35  15    924.7    314.3   0.2720   1.3602   0.2000   1.6443 -2860.608
 35  16    924.6    314.4   0.2706   1.3532   0.2000   1.6362 -2858.758
 35  17    924.6    314.4   0.2706   1.3532   0.2000   1.6362 -2858.758
 35  18    927.3    311.7   0.2662   1.3309   0.2000   1.6023 -2809.099
 35  19    931.1    307.9   0.2849   1.4244   0.2000   1.7043 -2834.574
 35  20    930.4    308.6   0.1877   0.9387   0.2000   1.1244 -2651.765
 35  21    928.3    310.7   0.1973   0.9863   0.2000   1.1855 -2695.998
 35  22    931.2    307.8   0.1749   0.8746   0.2000   1.0463 -2616.226
 35  23    931.0    308.0   0.1820   0.9099   0.2000   1.0887 -2632.873
 35  24    931.5    307.5   0.1810   0.9049   0.2000   1.0820 -2626.809
 35  25    930.7    308.3   0.1811   0.9055   0.2000   1.0842 -2633.562
 35  26    929.8    309.2   0.1858   0.9288   0.2000   1.1136 -2654.047
 35  27    929.8    309.2   0.1858   0.9288   0.2000   1.1136 -2654.047
 35  28    928.5    310.5   0.2125   1.0626   0.2000   1.2767 -2717.259
 35  29    929.4    309.6   0.2100   1.0500   0.2000   1.2597 -2695.944
 35  30    929.4    309.6   0.2100   1.0500   0.2000   1.2597 -2695.944
 35  31    929.7    309.3   0.2153   1.0767   0.2000   1.2912 -2709.807
 35  32    932.2    306.8   0.2185   1.0926   0.2000   1.3050 -2715.356
 35  33    929.4    309.6   0.1390   0.6949   0.2000   0.8337 -2523.587
 35  34    929.4    309.6   0.1390   0.6949   0.2000   0.8337 -2523.587
 36   1    931.8    307.2   0.3393   1.6963   0.2000   2.0271 -2899.723
 36   2    933.3    305.7   0.3306   1.6528   0.2000   1.9704 -2884.995
 36   3    927.7    311.3   0.3431   1.7154   0.2000   2.0635 -2919.787
 36   4    930.1    308.9   0.3590   1.7949   0.2000   2.1510 -2931.565
 36   5    931.2    307.8   0.3313   1.6566   0.2000   1.9818 -2894.891
 36   6    931.2    307.8   0.3313   1.6566   0.2000   1.9818 -2894.891
 36   7    930.5    308.5   0.3398   1.6992   0.2000   2.0348 -2908.742
 36   8    930.5    308.5   0.3398   1.6992   0.2000   2.0348 -2908.742
 36   9    929.9    309.1   0.3170   1.5852   0.2000   1.9003 -2877.953
 36  10    929.4    309.6   0.3332   1.6658   0.2000   1.9985 -2896.151
 36  11    929.4    309.6   0.3328   1.6639   0.2000   1.9962 -2895.166
 36  12    928.7    310.3   0.2715   1.3573   0.2000   1.6302 -2824.264
 36  13    924.3    314.7   0.2722   1.3612   0.2000   1.6464 -2846.409
 36  14    926.0    313.0   0.2846   1.4232   0.2000   1.7168 -2862.409
 36  15    925.1    313.9   0.2815   1.4073   0.2000   1.7002 -2862.560
 36  16    924.9    314.1   0.2800   1.4002   0.2000   1.6919 -2860.722
 36  17    924.9    314.1   0.2800   1.4002   0.2000   1.6919 -2860.722
 36  18    927.6    311.4   0.2670   1.3350   0.2000   1.6063 -2830.808
 36  19    931.4    307.6   0.2681   1.3406   0.2000   1.6031 -2815.306
 36  20    930.7    308.3   0.1871   0.9354   0.2000   1.1198 -2652.399
 36  21    928.6    310.4   0.1900   0.9500   0.2000   1.1412 -2663.793
 36  22    931.5    307.5   0.1824   0.9121   0.2000   1.0904 -2642.835
 36  23    931.4    307.6   0.1881   0.9404   0.2000   1.1245 -2655.649
 36  24    931.8    307.2   0.1760   0.8798   0.2000   1.0514 -2637.515
 36  25    931.0    308.0   0.1688   0.8441   0.2000   1.0100 -2624.392
 36  26    930.1    308.9   0.1923   0.9615   0.2000   1.1522 -2661.458
 36  27    930.1    308.9   0.1923   0.9615   0.2000   1.1522 -2661.458
 36  28    928.8    310.2   0.2136   1.0680   0.2000   1.2825 -2709.005
 36  29    929.8    309.2   0.2096   1.0481   0.2000   1.2566 -2706.617
 36  30    929.8    309.2   0.2096   1.0481   0.2000   1.2566 -2706.617
 36  31    930.0    309.0   0.2102   1.0511   0.2000   1.2597 -2704.441
 36  32    932.5    306.5   0.2052   1.0258   0.2000   1.2244 -2688.406
 36  33    929.8    309.2   0.1432   0.7161   0.2000   0.8586 -2528.363
 36  34    929.8    309.2   0.1432   0.7161   0.2000   0.8586 -2528.363
 36  35    930.3    308.7   0.1386   0.6929   0.2000   0.8300 -2507.271
 37   1    928.7    310.3   0.3412   1.7060   0.2000   2.0490 -2909.955
 37   2    930.2    308.8   0.3322   1.6612   0.2000   1.9906 -2897.450
 37   3    924.6    314.4   0.3223   1.6113   0.2000   1.9481 -2904.300
 37   4    926.9    312.1   0.3333   1.6667   0.2000   2.0076 -2914.885
 37   5    928.1    310.9   0.3348   1.6740   0.2000   2.0127 -2910.612
 37   6    928.1    310.9   0.3348   1.6740   0.2000   2.0127 -2910.612
 37   7    927.4    311.6   0.3424   1.7122   0.2000   2.0607 -2924.792
 37   8    927.4    311.6   0.3424   1.7122   0.2000   2.0607 -2924.792
 37   9    926.7    312.3   0.3179   1.5895   0.2000   1.9151 -2895.086
 37  10    926.3    312.7   0.3479   1.7397   0.2000   2.0977 -2927.271
 37  11    926.3    312.7   0.3475   1.7374   0.2000   2.0950 -2926.217
 37  12    925.4    313.6   0.2589   1.2944   0.2000   1.5629 -2811.969
 37  13    921.0    318.0   0.2735   1.3673   0.2000   1.6626 -2852.196
 37  14    922.7    316.3   0.2754   1.3770   0.2000   1.6699 -2856.044
 37  15    921.8    317.2   0.2595   1.2974   0.2000   1.5757 -2836.777
 37  16    921.6    317.4   0.2582   1.2908   0.2000   1.5680 -2834.847
 37  17    921.6    317.4   0.2582   1.2908   0.2000   1.5680 -2834.847
 37  18    924.4    314.6   0.2581   1.2904   0.2000   1.5607 -2830.854
 37  19    928.2    310.8   0.2658   1.3290   0.2000   1.5975 -2823.177
 37  20    927.5    311.5   0.1970   0.9850   0.2000   1.1853 -2679.168
 37  21    925.4    313.6   0.1879   0.9396   0.2000   1.1345 -2662.667
 37  22    928.3    310.7   0.1864   0.9318   0.2000   1.1200 -2646.933
 37  23    928.2    310.8   0.1925   0.9626   0.2000   1.1571 -2659.990
 37  24    928.6    310.4   0.1625   0.8127   0.2000   0.9763 -2614.031
 37  25    927.8    311.2   0.1793   0.8964   0.2000   1.0783 -2658.096
 37  26    926.9    312.1   0.1958   0.9790   0.2000   1.1792 -2668.943
 37  27    926.9    312.1   0.1958   0.9790   0.2000   1.1792 -2668.943
 37  28    925.6    313.4   0.2164   1.0818   0.2000   1.3057 -2725.179
 37  29    926.6    312.4   0.2096   1.0478   0.2000   1.2628 -2706.906
 37  30    926.6    312.4   0.2096   1.0478   0.2000   1.2628 -2706.906
 37  31    926.8    312.2   0.2112   1.0560   0.2000   1.2722 -2708.184
 37  32    929.3    309.7   0.2151   1.0755   0.2000   1.2905 -2716.093
 37  33    926.6    312.4   0.1266   0.6328   0.2000   0.7627 -2485.521
 37  34    926.6    312.4   0.1266   0.6328   0.2000   0.7627 -2485.521
 37  35    927.1    311.9   0.1408   0.7039   0.2000   0.8476 -2521.848
 37  36    927.5    311.5   0.0789   0.3944   0.2000   0.4746 -2279.393
 38   1    928.5    310.5   0.3524   1.7622   0.2000   2.1171 -2921.157
 38   2    930.0    309.0   0.3327   1.6633   0.2000   1.9936 -2896.836
 38   3    924.4    314.6   0.3159   1.5795   0.2000   1.9102 -2898.383
 38   4    926.7    312.3   0.3536   1.7679   0.2000   2.1302 -2936.038
 38   5    927.9    311.1   0.3439   1.7194   0.2000   2.0680 -2913.896
 38   6    927.9    311.1   0.3439   1.7194   0.2000   2.0680 -2913.896
 38   7    927.2    311.8   0.3348   1.6740   0.2000   2.0155 -2915.250
 38   8    927.2    311.8   0.3348   1.6740   0.2000   2.0155 -2915.250
 38   9    926.6    312.4   0.3139   1.5693   0.2000   1.8914 -2881.522
 38  10    926.1    312.9   0.3500   1.7501   0.2000   2.1109 -2925.472
 38  11    926.1    312.9   0.3478   1.7391   0.2000   2.0976 -2923.878
 38  12    925.3    313.7   0.2584   1.2918   0.2000   1.5601 -2807.135
 38  13    920.9    318.1   0.2747   1.3735   0.2000   1.6705 -2856.409
 38  14    922.6    316.4   0.2732   1.3662   0.2000   1.6570 -2854.003
 38  15    921.7    317.3   0.2710   1.3550   0.2000   1.6460 -2855.641
 38  16    921.5    317.5   0.2697   1.3485   0.2000   1.6384 -2853.770
 38  17    921.5    317.5   0.2697   1.3485   0.2000   1.6384 -2853.770
 38  18    924.2    314.8   0.2505   1.2523   0.2000   1.5150 -2811.908
 38  19    928.1    310.9   0.2551   1.2753   0.2000   1.5333 -2806.864
 38  20    927.4    311.6   0.1990   0.9948   0.2000   1.1974 -2676.442
 38  21    925.3    313.7   0.1990   0.9951   0.2000   1.2018 -2685.229
 38  22    928.2    310.8   0.1763   0.8816   0.2000   1.0598 -2631.009
 38  23    928.0    311.0   0.1834   0.9172   0.2000   1.1028 -2650.121
 38  24    928.5    310.5   0.1882   0.9412   0.2000   1.1308 -2659.215
 38  25    927.6    311.4   0.1793   0.8965   0.2000   1.0786 -2655.131
 38  26    926.8    312.2   0.1986   0.9928   0.2000   1.1961 -2675.581
 38  27    926.8    312.2   0.1986   0.9928   0.2000   1.1961 -2675.581
 38  28    925.5    313.5   0.2207   1.1037   0.2000   1.3325 -2741.400
 38  29    926.4    312.6   0.2085   1.0424   0.2000   1.2566 -2709.839
 38  30    926.4    312.6   0.2085   1.0424   0.2000   1.2566 -2709.839
 38  31    926.7    312.3   0.2050   1.0250   0.2000   1.2351 -2699.444
 38  32    929.2    309.8   0.1996   0.9979   0.2000   1.1977 -2683.098
 38  33    926.4    312.6   0.1405   0.7027   0.2000   0.8471 -2524.853
 38  34    926.4    312.6   0.1405   0.7027   0.2000   0.8471 -2524.853
 38  35    927.0    312.0   0.1397   0.6984   0.2000   0.8411 -2511.095
 38  36    927.4    311.6   0.0906   0.4532   0.2000   0.5455 -2332.483
 38  37    924.1    314.9   0.0717   0.3586   0.2000   0.4338 -2254.913

