Supplemental results for CODEML (seqf: /gpfs/scratch/cltucker/EBH381-Group-Project/SIV_aligned_GAG.fas  treef: )


pairwise comparison (Goldman & Yang 1994)
seq seq        N       S       dN       dS     dN/dS   Paras.
  2   1    570.7    230.3   0.2642   5.2842   0.0500   5.1226 -1832.416
  3   1    571.0    230.0   0.3236   6.4728   0.0500   6.2689 -1872.047
  3   2    571.2    229.8   0.2409   4.8179   0.0500   4.6619 -1820.995
  4   1    570.3    230.7   0.3032   6.0632   0.0500   5.8869 -1860.408
  4   2    570.5    230.5   0.2000   3.9994   0.0500   3.8795 -1798.223
  4   3    570.8    230.2   0.0853   1.7069   0.0500   1.6542 -1694.586
  5   1    571.6    229.4   0.2799   5.5983   0.0500   5.4083 -1852.516
  5   2    571.9    229.1   0.2364   4.7279   0.0500   4.5633 -1821.494
  5   3    572.2    228.8   0.1222   2.4436   0.0500   2.3559 -1720.393
  5   4    571.5    229.5   0.0733   1.4653   0.0500   1.4165 -1670.845
  6   1    571.6    229.4   0.2799   5.5983   0.0500   5.4083 -1852.516
  6   2    571.9    229.1   0.2364   4.7279   0.0500   4.5633 -1821.494
  6   3    572.2    228.8   0.1222   2.4436   0.0500   2.3559 -1720.393
  6   4    571.5    229.5   0.0733   1.4653   0.0500   1.4165 -1670.845
  6   5    572.9    228.1   0.0000   0.0000   0.0500   0.0000 -1069.542
  7   1    571.8    229.2   0.2341   4.6826   0.0500   4.5210 -1828.823
  7   2    572.0    229.0   0.2290   4.5804   0.0500   4.4185 -1816.920
  7   3    572.3    228.7   0.0860   1.7194   0.0500   1.6568 -1694.652
  7   4    571.6    229.4   0.0678   1.3566   0.0500   1.3106 -1668.396
  7   5    573.1    227.9   0.0083   0.1665   0.0500   0.1600 -1302.705
  7   6    573.1    227.9   0.0083   0.1665   0.0500   0.1600 -1302.705
  8   1    571.8    229.2   0.2341   4.6826   0.0500   4.5210 -1828.823
  8   2    572.0    229.0   0.2290   4.5804   0.0500   4.4185 -1816.920
  8   3    572.3    228.7   0.0860   1.7194   0.0500   1.6568 -1694.652
  8   4    571.6    229.4   0.0678   1.3566   0.0500   1.3106 -1668.396
  8   5    573.1    227.9   0.0083   0.1665   0.0500   0.1600 -1302.705
  8   6    573.1    227.9   0.0083   0.1665   0.0500   0.1600 -1302.705
  8   7    573.2    227.8   0.0000   0.0000   0.0500   0.0000 -1069.482
  9   1    571.7    229.3   0.3072   6.1431   0.0500   5.9343 -1855.588
  9   2    571.9    229.1   0.2392   4.7849   0.0500   4.6182 -1817.970
  9   3    572.2    228.8   0.0709   1.4181   0.0500   1.3672 -1671.631
  9   4    571.5    229.5   0.0694   1.3884   0.0500   1.3420 -1665.677
  9   5    572.9    228.1   0.0276   0.5525   0.0500   0.5313 -1526.532
  9   6    572.9    228.1   0.0276   0.5525   0.0500   0.5313 -1526.532
  9   7    573.0    228.0   0.0284   0.5671   0.0500   0.5450 -1522.160
  9   8    573.0    228.0   0.0284   0.5671   0.0500   0.5450 -1522.160
 10   1    571.2    229.8   0.3018   6.0365   0.0500   5.8416 -1856.073
 10   2    571.4    229.6   0.2169   4.3390   0.0500   4.1950 -1808.681
 10   3    571.7    229.3   0.0575   1.1492   0.0500   1.1100 -1646.785
 10   4    571.0    230.0   0.0461   0.9218   0.0500   0.8926 -1631.153
 10   5    572.4    228.6   0.0210   0.4202   0.0500   0.4048 -1465.785
 10   6    572.4    228.6   0.0210   0.4202   0.0500   0.4048 -1465.785
 10   7    572.6    228.4   0.0203   0.4067   0.0500   0.3916 -1452.827
 10   8    572.6    228.4   0.0203   0.4067   0.0500   0.3916 -1452.827
 10   9    572.4    228.6   0.0195   0.3899   0.0500   0.3757 -1458.704
 11   1    571.1    229.9   0.2968   5.9364   0.0500   5.7456 -1854.056
 11   2    571.4    229.6   0.2118   4.2359   0.0500   4.0960 -1805.020
 11   3    571.7    229.3   0.0571   1.1414   0.0500   1.1025 -1645.972
 11   4    571.0    230.0   0.0444   0.8881   0.0500   0.8601 -1628.851
 11   5    572.4    228.6   0.0219   0.4381   0.0500   0.4221 -1472.657
 11   6    572.4    228.6   0.0219   0.4381   0.0500   0.4221 -1472.657
 11   7    572.5    228.5   0.0204   0.4074   0.0500   0.3923 -1451.836
 11   8    572.5    228.5   0.0204   0.4074   0.0500   0.3923 -1451.836
 11   9    572.4    228.6   0.0195   0.3907   0.0500   0.3764 -1457.169
 11  10    571.9    229.1   0.0008   0.0155   0.0500   0.0149 -1097.624
 12   1    570.5    230.5   0.4044   8.0873   0.0500   7.8448 -1903.547
 12   2    570.8    230.2   0.3556   7.1124   0.0500   6.8926 -1880.246
 12   3    571.0    230.0   0.4558   9.1158   0.0500   8.8259 -1942.116
 12   4    570.4    230.6   0.4352   8.7044   0.0500   8.4485 -1921.710
 12   5    571.7    229.3   0.4600   9.1990   0.0500   8.8844 -1936.987
 12   6    571.7    229.3   0.4600   9.1990   0.0500   8.8844 -1936.987
 12   7    571.9    229.1   0.4814   9.6281   0.0500   9.2933 -1949.144
 12   8    571.9    229.1   0.4814   9.6281   0.0500   9.2933 -1949.144
 12   9    571.7    229.3   0.4551   9.1026   0.0500   8.7909 -1931.876
 12  10    571.2    229.8   0.4304   8.6079   0.0500   8.3280 -1922.681
 12  11    571.2    229.8   0.4374   8.7476   0.0500   8.4644 -1924.852
 13   1    570.0    231.0   0.3856   7.7130   0.0500   7.4972 -1895.597
 13   2    570.2    230.8   0.4018   8.0356   0.0500   7.8035 -1909.383
 13   3    570.5    230.5   0.4389   8.7771   0.0500   8.5155 -1931.519
 13   4    569.8    231.2   0.4476   8.9511   0.0500   8.7060 -1927.164
 13   5    571.2    229.8   0.4489   8.9788   0.0500   8.6893 -1929.979
 13   6    571.2    229.8   0.4489   8.9788   0.0500   8.6893 -1929.979
 13   7    571.3    229.7   0.4420   8.8403   0.0500   8.5502 -1928.221
 13   8    571.3    229.7   0.4420   8.8403   0.0500   8.5502 -1928.221
 13   9    571.2    229.8   0.4216   8.4313   0.0500   8.1590 -1918.531
 13  10    570.7    230.3   0.4039   8.0785   0.0500   7.8315 -1909.380
 13  11    570.7    230.3   0.4118   8.2365   0.0500   7.9859 -1911.704
 13  12    570.0    231.0   0.1585   3.1705   0.0500   3.0809 -1757.810
 14   1    569.7    231.3   0.3767   7.5335   0.0500   7.3287 -1890.313
 14   2    570.0    231.0   0.3999   7.9972   0.0500   7.7726 -1903.851
 14   3    570.3    230.7   0.4227   8.4542   0.0500   8.2084 -1924.455
 14   4    569.6    231.4   0.4316   8.6314   0.0500   8.4020 -1922.143
 14   5    571.0    230.0   0.4376   8.7510   0.0500   8.4746 -1927.262
 14   6    571.0    230.0   0.4376   8.7510   0.0500   8.4746 -1927.262
 14   7    571.1    229.9   0.4225   8.4510   0.0500   8.1792 -1923.970
 14   8    571.1    229.9   0.4225   8.4510   0.0500   8.1792 -1923.970
 14   9    571.0    230.0   0.3994   7.9881   0.0500   7.7359 -1911.053
 14  10    570.5    230.5   0.3846   7.6911   0.0500   7.4616 -1902.978
 14  11    570.5    230.5   0.3923   7.8464   0.0500   7.6134 -1905.376
 14  12    569.8    231.2   0.1876   3.7513   0.0500   3.6484 -1777.136
 14  13    569.3    231.7   0.0048   0.0956   0.0500   0.0931 -1225.877
 15   1    569.8    231.2   0.3831   7.6624   0.0500   7.4528 -1895.435
 15   2    570.0    231.0   0.3885   7.7702   0.0500   7.5507 -1900.358
 15   3    570.3    230.7   0.4302   8.6031   0.0500   8.3517 -1927.157
 15   4    569.6    231.4   0.4465   8.9297   0.0500   8.6909 -1928.157
 15   5    571.0    230.0   0.4460   8.9198   0.0500   8.6368 -1929.864
 15   6    571.0    230.0   0.4460   8.9198   0.0500   8.6368 -1929.864
 15   7    571.2    229.8   0.4367   8.7333   0.0500   8.4511 -1928.092
 15   8    571.2    229.8   0.4367   8.7333   0.0500   8.4511 -1928.092
 15   9    571.0    230.0   0.4211   8.4217   0.0500   8.1545 -1918.955
 15  10    570.5    230.5   0.4092   8.1844   0.0500   7.9388 -1913.006
 15  11    570.5    230.5   0.4170   8.3409   0.0500   8.0918 -1915.271
 15  12    569.9    231.1   0.1915   3.8293   0.0500   3.7235 -1782.231
 15  13    569.3    231.7   0.0050   0.1004   0.0500   0.0978 -1227.867
 15  14    569.1    231.9   0.0030   0.0608   0.0500   0.0592 -1178.681
 16   1    569.8    231.2   0.3752   7.5031   0.0500   7.2965 -1890.585
 16   2    570.1    230.9   0.3812   7.6247   0.0500   7.4079 -1895.583
 16   3    570.4    230.6   0.4290   8.5800   0.0500   8.3278 -1925.479
 16   4    569.7    231.3   0.4381   8.7626   0.0500   8.5266 -1923.656
 16   5    571.1    229.9   0.4443   8.8858   0.0500   8.6023 -1928.219
 16   6    571.1    229.9   0.4443   8.8858   0.0500   8.6023 -1928.219
 16   7    571.2    229.8   0.4349   8.6990   0.0500   8.4164 -1926.432
 16   8    571.2    229.8   0.4349   8.6990   0.0500   8.4164 -1926.432
 16   9    571.1    229.9   0.4125   8.2493   0.0500   7.9862 -1914.340
 16  10    570.6    230.4   0.4007   8.0149   0.0500   7.7731 -1908.290
 16  11    570.5    230.5   0.4086   8.1713   0.0500   7.9258 -1910.606
 16  12    569.9    231.1   0.1852   3.7033   0.0500   3.6003 -1775.880
 16  13    569.4    231.6   0.0046   0.0914   0.0500   0.0891 -1214.133
 16  14    569.1    231.9   0.0026   0.0523   0.0500   0.0510 -1163.924
 16  15    569.2    231.8   0.0004   0.0078   0.0500   0.0076 -1092.200
 17   1    569.8    231.2   0.3752   7.5031   0.0500   7.2965 -1890.585
 17   2    570.1    230.9   0.3812   7.6247   0.0500   7.4079 -1895.583
 17   3    570.4    230.6   0.4290   8.5800   0.0500   8.3278 -1925.479
 17   4    569.7    231.3   0.4381   8.7626   0.0500   8.5266 -1923.656
 17   5    571.1    229.9   0.4443   8.8858   0.0500   8.6023 -1928.219
 17   6    571.1    229.9   0.4443   8.8858   0.0500   8.6023 -1928.219
 17   7    571.2    229.8   0.4349   8.6990   0.0500   8.4164 -1926.432
 17   8    571.2    229.8   0.4349   8.6990   0.0500   8.4164 -1926.432
 17   9    571.1    229.9   0.4125   8.2493   0.0500   7.9862 -1914.340
 17  10    570.6    230.4   0.4007   8.0149   0.0500   7.7731 -1908.290
 17  11    570.5    230.5   0.4086   8.1713   0.0500   7.9258 -1910.606
 17  12    569.9    231.1   0.1852   3.7033   0.0500   3.6003 -1775.880
 17  13    569.4    231.6   0.0046   0.0914   0.0500   0.0891 -1214.133
 17  14    569.1    231.9   0.0026   0.0523   0.0500   0.0510 -1163.924
 17  15    569.2    231.8   0.0004   0.0078   0.0500   0.0076 -1092.200
 17  16    569.2    231.8   0.0000   0.0000   0.0500   0.0000 -1071.450
 18   1    570.4    230.6   0.3657   7.3148   0.0500   7.0981 -1891.424
 18   2    570.7    230.3   0.4101   8.2026   0.0500   7.9523 -1906.671
 18   3    570.9    230.1   0.4826   9.6525   0.0500   9.3490 -1951.875
 18   4    570.3    230.7   0.4872   9.7442   0.0500   9.4614 -1950.025
 18   5    571.6    229.4   0.4484   8.9689   0.0500   8.6647 -1942.123
 18   6    571.6    229.4   0.4484   8.9689   0.0500   8.6647 -1942.123
 18   7    571.8    229.2   0.4594   9.1882   0.0500   8.8716 -1948.696
 18   8    571.8    229.2   0.4594   9.1882   0.0500   8.8716 -1948.696
 18   9    571.6    229.4   0.4524   9.0470   0.0500   8.7400 -1942.021
 18  10    571.2    229.8   0.4438   8.8762   0.0500   8.5896 -1939.754
 18  11    571.1    229.9   0.4442   8.8831   0.0500   8.5976 -1940.118
 18  12    570.5    230.5   0.1421   2.8429   0.0500   2.7576 -1756.796
 18  13    570.0    231.0   0.0973   1.9463   0.0500   1.8919 -1720.737
 18  14    569.7    231.3   0.1144   2.2889   0.0500   2.2267 -1723.713
 18  15    569.8    231.2   0.1048   2.0968   0.0500   2.0396 -1722.773
 18  16    569.8    231.2   0.0981   1.9611   0.0500   1.9071 -1715.021
 18  17    569.8    231.2   0.0981   1.9611   0.0500   1.9071 -1715.021
 19   1    569.5    231.5   0.3669   7.3373   0.0500   7.1450 -1890.435
 19   2    569.7    231.3   0.3589   7.1771   0.0500   6.9824 -1886.319
 19   3    570.0    231.0   0.4193   8.3864   0.0500   8.1514 -1935.021
 19   4    569.3    231.7   0.4534   9.0680   0.0500   8.8358 -1938.267
 19   5    570.7    230.3   0.4612   9.2249   0.0500   8.9441 -1943.231
 19   6    570.7    230.3   0.4612   9.2249   0.0500   8.9441 -1943.231
 19   7    570.8    230.2   0.4561   9.1216   0.0500   8.8387 -1946.947
 19   8    570.8    230.2   0.4561   9.1216   0.0500   8.8387 -1946.947
 19   9    570.7    230.3   0.4267   8.5336   0.0500   8.2731 -1932.777
 19  10    570.2    230.8   0.4524   9.0473   0.0500   8.7866 -1940.239
 19  11    570.2    230.8   0.4527   9.0533   0.0500   8.7937 -1940.602
 19  12    569.6    231.4   0.1467   2.9348   0.0500   2.8569 -1760.861
 19  13    569.0    232.0   0.1249   2.4989   0.0500   2.4376 -1744.851
 19  14    568.8    232.2   0.1248   2.4967   0.0500   2.4376 -1738.182
 19  15    568.8    232.2   0.1275   2.5492   0.0500   2.4884 -1742.208
 19  16    568.9    232.1   0.1201   2.4019   0.0500   2.3442 -1734.822
 19  17    568.9    232.1   0.1201   2.4019   0.0500   2.3442 -1734.822
 19  18    569.5    231.5   0.0284   0.5671   0.0500   0.5523 -1564.651
 20   1    570.0    231.0   0.3773   7.5462   0.0500   7.3354 -1897.839
 20   2    570.2    230.8   0.3850   7.7008   0.0500   7.4788 -1906.566
 20   3    570.5    230.5   0.4611   9.2214   0.0500   8.9468 -1954.550
 20   4    569.8    231.2   0.4385   8.7710   0.0500   8.5311 -1932.573
 20   5    571.2    229.8   0.3955   7.9107   0.0500   7.6556 -1927.460
 20   6    571.2    229.8   0.3955   7.9107   0.0500   7.6556 -1927.460
 20   7    571.3    229.7   0.3954   7.9089   0.0500   7.6495 -1928.455
 20   8    571.3    229.7   0.3954   7.9089   0.0500   7.6495 -1928.455
 20   9    571.2    229.8   0.4276   8.5529   0.0500   8.2767 -1930.200
 20  10    570.7    230.3   0.4206   8.4122   0.0500   8.1547 -1932.285
 20  11    570.7    230.3   0.4275   8.5499   0.0500   8.2893 -1934.493
 20  12    570.1    230.9   0.2890   5.7808   0.0500   5.6171 -1846.596
 20  13    569.5    231.5   0.2837   5.6733   0.0500   5.5243 -1853.045
 20  14    569.3    231.7   0.2793   5.5858   0.0500   5.4435 -1852.020
 20  15    569.3    231.7   0.2800   5.6004   0.0500   5.4570 -1852.397
 20  16    569.4    231.6   0.2791   5.5818   0.0500   5.4377 -1850.497
 20  17    569.4    231.6   0.2791   5.5818   0.0500   5.4377 -1850.497
 20  18    569.9    231.1   0.2520   5.0394   0.0500   4.8991 -1841.158
 20  19    569.0    232.0   0.2605   5.2099   0.0500   5.0825 -1846.859
 21   1    570.3    230.7   0.3620   7.2407   0.0500   7.0286 -1884.684
 21   2    570.6    230.4   0.4073   8.1470   0.0500   7.9011 -1905.455
 21   3    570.9    230.1   0.4329   8.6576   0.0500   8.3877 -1926.486
 21   4    570.2    230.8   0.4549   9.0985   0.0500   8.8375 -1932.039
 21   5    571.6    229.4   0.4413   8.8257   0.0500   8.5283 -1931.724
 21   6    571.6    229.4   0.4413   8.8257   0.0500   8.5283 -1931.724
 21   7    571.7    229.3   0.4624   9.2483   0.0500   8.9314 -1942.167
 21   8    571.7    229.3   0.4624   9.2483   0.0500   8.9314 -1942.167
 21   9    571.6    229.4   0.4467   8.9345   0.0500   8.6337 -1929.130
 21  10    571.1    229.9   0.4499   8.9973   0.0500   8.7099 -1933.272
 21  11    571.0    230.0   0.4483   8.9666   0.0500   8.6814 -1932.288
 21  12    570.4    230.6   0.2457   4.9134   0.0500   4.7681 -1824.208
 21  13    569.9    231.1   0.2927   5.8538   0.0500   5.6924 -1856.355
 21  14    569.6    231.4   0.3015   6.0299   0.0500   5.8682 -1861.852
 21  15    569.7    231.3   0.3061   6.1228   0.0500   5.9576 -1863.502
 21  16    569.7    231.3   0.3051   6.1026   0.0500   5.9368 -1861.666
 21  17    569.7    231.3   0.3051   6.1026   0.0500   5.9368 -1861.666
 21  18    570.3    230.7   0.2992   5.9834   0.0500   5.8082 -1858.346
 21  19    569.4    231.6   0.3033   6.0665   0.0500   5.9100 -1861.712
 21  20    569.9    231.1   0.2152   4.3038   0.0500   4.1851 -1803.949
 22   1    569.9    231.1   0.3881   7.7626   0.0500   7.5480 -1893.710
 22   2    570.1    230.9   0.3735   7.4699   0.0500   7.2567 -1884.877
 22   3    570.4    230.6   0.4185   8.3694   0.0500   8.1224 -1918.075
 22   4    569.7    231.3   0.4238   8.4761   0.0500   8.2468 -1913.311
 22   5    571.1    229.9   0.4474   8.9478   0.0500   8.6615 -1931.979
 22   6    571.1    229.9   0.4474   8.9478   0.0500   8.6615 -1931.979
 22   7    571.3    229.7   0.4089   8.1790   0.0500   7.9127 -1923.814
 22   8    571.3    229.7   0.4089   8.1790   0.0500   7.9127 -1923.814
 22   9    571.1    229.9   0.4142   8.2839   0.0500   8.0187 -1916.153
 22  10    570.6    230.4   0.4207   8.4150   0.0500   8.1599 -1920.746
 22  11    570.6    230.4   0.4163   8.3263   0.0500   8.0751 -1919.438
 22  12    570.0    231.0   0.2432   4.8645   0.0500   4.7284 -1817.214
 22  13    569.4    231.6   0.2531   5.0621   0.0500   4.9308 -1832.914
 22  14    569.2    231.8   0.2490   4.9793   0.0500   4.8540 -1827.228
 22  15    569.2    231.8   0.2560   5.1199   0.0500   4.9903 -1830.784
 22  16    569.3    231.7   0.2496   4.9929   0.0500   4.8655 -1825.172
 22  17    569.3    231.7   0.2496   4.9929   0.0500   4.8655 -1825.172
 22  18    569.9    231.1   0.2516   5.0316   0.0500   4.8928 -1822.134
 22  19    568.9    232.1   0.2440   4.8801   0.0500   4.7623 -1825.801
 22  20    569.4    231.6   0.2711   5.4216   0.0500   5.2811 -1843.678
 22  21    569.8    231.2   0.1854   3.7089   0.0500   3.6077 -1782.616
 23   1    569.8    231.2   0.4014   8.0282   0.0500   7.8077 -1897.429
 23   2    570.1    230.9   0.3703   7.4065   0.0500   7.1964 -1883.260
 23   3    570.3    230.7   0.4058   8.1161   0.0500   7.8782 -1914.397
 23   4    569.7    231.3   0.4249   8.4987   0.0500   8.2704 -1913.586
 23   5    571.0    230.0   0.4511   9.0225   0.0500   8.7356 -1933.741
 23   6    571.0    230.0   0.4511   9.0225   0.0500   8.7356 -1933.741
 23   7    571.2    229.8   0.4182   8.3635   0.0500   8.0929 -1926.946
 23   8    571.2    229.8   0.4182   8.3635   0.0500   8.0929 -1926.946
 23   9    571.0    230.0   0.4103   8.2064   0.0500   7.9453 -1916.197
 23  10    570.6    230.4   0.4230   8.4606   0.0500   8.2058 -1922.251
 23  11    570.5    230.5   0.4185   8.3703   0.0500   8.1194 -1920.956
 23  12    569.9    231.1   0.2323   4.6468   0.0500   4.5177 -1812.428
 23  13    569.3    231.7   0.2560   5.1207   0.0500   4.9888 -1837.038
 23  14    569.1    231.9   0.2577   5.1540   0.0500   5.0253 -1833.812
 23  15    569.2    231.8   0.2648   5.2960   0.0500   5.1629 -1837.256
 23  16    569.2    231.8   0.2583   5.1653   0.0500   5.0346 -1831.712
 23  17    569.2    231.8   0.2583   5.1653   0.0500   5.0346 -1831.712
 23  18    569.8    231.2   0.2552   5.1040   0.0500   4.9640 -1824.969
 23  19    568.8    232.2   0.2441   4.8822   0.0500   4.7652 -1828.397
 23  20    569.3    231.7   0.2712   5.4239   0.0500   5.2844 -1843.406
 23  21    569.7    231.3   0.1944   3.8877   0.0500   3.7824 -1786.522
 23  22    569.3    231.7   0.0024   0.0473   0.0500   0.0461 -1153.313
 24   1    569.4    231.6   0.3460   6.9192   0.0500   6.7388 -1889.536
 24   2    569.7    231.3   0.4262   8.5244   0.0500   8.2944 -1928.708
 24   3    569.9    231.1   0.4264   8.5275   0.0500   8.2896 -1930.986
 24   4    569.3    231.7   0.4506   9.0113   0.0500   8.7816 -1929.462
 24   5    570.6    230.4   0.4220   8.4408   0.0500   8.1845 -1928.163
 24   6    570.6    230.4   0.4220   8.4408   0.0500   8.1845 -1928.163
 24   7    570.8    230.2   0.4330   8.6606   0.0500   8.3929 -1933.511
 24   8    570.8    230.2   0.4330   8.6606   0.0500   8.3929 -1933.511
 24   9    570.7    230.3   0.4136   8.2716   0.0500   8.0198 -1919.272
 24  10    570.2    230.8   0.4239   8.4787   0.0500   8.2345 -1924.106
 24  11    570.2    230.8   0.4217   8.4334   0.0500   8.1918 -1922.792
 24  12    569.6    231.4   0.2974   5.9473   0.0500   5.7894 -1857.774
 24  13    569.0    232.0   0.2936   5.8714   0.0500   5.7280 -1866.163
 24  14    568.7    232.3   0.2819   5.6388   0.0500   5.5057 -1861.711
 24  15    568.8    232.2   0.2967   5.9337   0.0500   5.7928 -1867.623
 24  16    568.8    232.2   0.2901   5.8015   0.0500   5.6625 -1862.384
 24  17    568.8    232.2   0.2901   5.8015   0.0500   5.6625 -1862.384
 24  18    569.4    231.6   0.2781   5.5621   0.0500   5.4178 -1853.969
 24  19    568.5    232.5   0.2821   5.6414   0.0500   5.5140 -1857.460
 24  20    568.9    232.1   0.2502   5.0031   0.0500   4.8818 -1836.944
 24  21    569.3    231.7   0.2785   5.5697   0.0500   5.4264 -1847.613
 24  22    568.9    232.1   0.1761   3.5222   0.0500   3.4377 -1758.673
 24  23    568.8    232.2   0.1829   3.6587   0.0500   3.5715 -1765.557
 25   1    568.6    232.4   0.3615   7.2301   0.0500   7.0622 -1887.218
 25   2    568.9    232.1   0.4129   8.2575   0.0500   8.0583 -1919.242
 25   3    569.1    231.9   0.4027   8.0531   0.0500   7.8516 -1921.065
 25   4    568.5    232.5   0.4230   8.4600   0.0500   8.2686 -1919.214
 25   5    569.8    231.2   0.4027   8.0533   0.0500   7.8321 -1914.010
 25   6    569.8    231.2   0.4027   8.0533   0.0500   7.8321 -1914.010
 25   7    570.0    231.0   0.3974   7.9482   0.0500   7.7255 -1920.389
 25   8    570.0    231.0   0.3974   7.9482   0.0500   7.7255 -1920.389
 25   9    569.9    231.1   0.3836   7.6724   0.0500   7.4608 -1909.371
 25  10    569.4    231.6   0.3780   7.5597   0.0500   7.3638 -1910.721
 25  11    569.3    231.7   0.3714   7.4272   0.0500   7.2359 -1907.466
 25  12    568.8    232.2   0.3312   6.6231   0.0500   6.4664 -1874.188
 25  13    568.2    232.8   0.3211   6.4212   0.0500   6.2829 -1890.254
 25  14    567.9    233.1   0.3052   6.1038   0.0500   5.9775 -1879.870
 25  15    568.0    233.0   0.3092   6.1848   0.0500   6.0559 -1881.431
 25  16    568.0    233.0   0.3083   6.1656   0.0500   6.0359 -1879.559
 25  17    568.0    233.0   0.3083   6.1656   0.0500   6.0359 -1879.559
 25  18    568.6    232.4   0.3377   6.7543   0.0500   6.5984 -1887.117
 25  19    567.6    233.4   0.3239   6.4786   0.0500   6.3510 -1879.852
 25  20    568.1    232.9   0.3018   6.0359   0.0500   5.9070 -1862.920
 25  21    568.5    232.5   0.2279   4.5585   0.0500   4.4544 -1820.498
 25  22    568.0    233.0   0.1318   2.6369   0.0500   2.5812 -1735.891
 25  23    568.0    233.0   0.1452   2.9046   0.0500   2.8437 -1747.950
 25  24    567.6    233.4   0.0739   1.4777   0.0500   1.4491 -1680.191
 26   1    571.0    230.0   0.3678   7.3552   0.0500   7.1234 -1882.581
 26   2    571.2    229.8   0.3629   7.2573   0.0500   7.0221 -1878.811
 26   3    571.5    229.5   0.4418   8.8361   0.0500   8.5415 -1934.995
 26   4    570.8    230.2   0.4084   8.1676   0.0500   7.9150 -1907.055
 26   5    572.2    228.8   0.4076   8.1517   0.0500   7.8599 -1912.897
 26   6    572.2    228.8   0.4076   8.1517   0.0500   7.8599 -1912.897
 26   7    572.3    228.7   0.3853   7.7054   0.0500   7.4254 -1905.943
 26   8    572.3    228.7   0.3853   7.7054   0.0500   7.4254 -1905.943
 26   9    572.2    228.8   0.4258   8.5156   0.0500   8.2106 -1914.650
 26  10    571.7    229.3   0.4039   8.0770   0.0500   7.8011 -1905.406
 26  11    571.7    229.3   0.3994   7.9883   0.0500   7.7164 -1904.085
 26  12    571.1    229.9   0.2573   5.1464   0.0500   4.9823 -1833.980
 26  13    570.5    230.5   0.3134   6.2676   0.0500   6.0805 -1865.027
 26  14    570.3    230.7   0.3122   6.2434   0.0500   6.0618 -1862.730
 26  15    570.3    230.7   0.3092   6.1835   0.0500   6.0028 -1862.361
 26  16    570.4    230.6   0.3023   6.0461   0.0500   5.8683 -1856.997
 26  17    570.4    230.6   0.3023   6.0461   0.0500   5.8683 -1856.997
 26  18    570.9    230.1   0.3003   6.0067   0.0500   5.8179 -1851.514
 26  19    570.0    231.0   0.2813   5.6266   0.0500   5.4687 -1851.490
 26  20    570.5    230.5   0.2107   4.2143   0.0500   4.0889 -1791.403
 26  21    570.9    230.1   0.2096   4.1916   0.0500   4.0609 -1791.200
 26  22    570.4    230.6   0.2388   4.7754   0.0500   4.6345 -1808.665
 26  23    570.3    230.7   0.2552   5.1031   0.0500   4.9534 -1817.922
 26  24    569.9    231.1   0.2673   5.3466   0.0500   5.1977 -1837.382
 26  25    569.1    231.9   0.2734   5.4681   0.0500   5.3313 -1833.046
 27   1    571.0    230.0   0.3678   7.3552   0.0500   7.1234 -1882.581
 27   2    571.2    229.8   0.3629   7.2573   0.0500   7.0221 -1878.811
 27   3    571.5    229.5   0.4418   8.8361   0.0500   8.5415 -1934.995
 27   4    570.8    230.2   0.4084   8.1676   0.0500   7.9150 -1907.055
 27   5    572.2    228.8   0.4076   8.1517   0.0500   7.8599 -1912.897
 27   6    572.2    228.8   0.4076   8.1517   0.0500   7.8599 -1912.897
 27   7    572.3    228.7   0.3853   7.7054   0.0500   7.4254 -1905.943
 27   8    572.3    228.7   0.3853   7.7054   0.0500   7.4254 -1905.943
 27   9    572.2    228.8   0.4258   8.5156   0.0500   8.2106 -1914.650
 27  10    571.7    229.3   0.4039   8.0770   0.0500   7.8011 -1905.406
 27  11    571.7    229.3   0.3994   7.9883   0.0500   7.7164 -1904.085
 27  12    571.1    229.9   0.2573   5.1464   0.0500   4.9823 -1833.980
 27  13    570.5    230.5   0.3134   6.2676   0.0500   6.0805 -1865.027
 27  14    570.3    230.7   0.3122   6.2434   0.0500   6.0618 -1862.730
 27  15    570.3    230.7   0.3092   6.1835   0.0500   6.0028 -1862.361
 27  16    570.4    230.6   0.3023   6.0461   0.0500   5.8683 -1856.997
 27  17    570.4    230.6   0.3023   6.0461   0.0500   5.8683 -1856.997
 27  18    570.9    230.1   0.3003   6.0067   0.0500   5.8179 -1851.514
 27  19    570.0    231.0   0.2813   5.6266   0.0500   5.4687 -1851.490
 27  20    570.5    230.5   0.2107   4.2143   0.0500   4.0889 -1791.403
 27  21    570.9    230.1   0.2096   4.1916   0.0500   4.0609 -1791.200
 27  22    570.4    230.6   0.2388   4.7754   0.0500   4.6345 -1808.665
 27  23    570.3    230.7   0.2552   5.1031   0.0500   4.9534 -1817.922
 27  24    569.9    231.1   0.2673   5.3466   0.0500   5.1977 -1837.382
 27  25    569.1    231.9   0.2734   5.4681   0.0500   5.3313 -1833.046
 27  26    571.5    229.5   0.0000   0.0000   0.0500   0.0000 -1069.894
 28   1    570.9    230.1   0.3452   6.9034   0.0500   6.6884 -1874.134
 28   2    571.1    229.9   0.3352   6.7035   0.0500   6.4887 -1865.406
 28   3    571.4    229.6   0.4092   8.1832   0.0500   7.9140 -1907.929
 28   4    570.7    230.3   0.3962   7.9230   0.0500   7.6809 -1890.780
 28   5    572.0    229.0   0.4069   8.1374   0.0500   7.8504 -1905.439
 28   6    572.0    229.0   0.4069   8.1374   0.0500   7.8504 -1905.439
 28   7    572.2    228.8   0.3808   7.6161   0.0500   7.3434 -1896.445
 28   8    572.2    228.8   0.3808   7.6161   0.0500   7.3434 -1896.445
 28   9    572.0    229.0   0.4145   8.2907   0.0500   7.9974 -1906.594
 28  10    571.6    229.4   0.3949   7.8975   0.0500   7.6310 -1898.936
 28  11    571.5    229.5   0.3995   7.9896   0.0500   7.7212 -1900.152
 28  12    571.0    230.0   0.2976   5.9515   0.0500   5.7637 -1848.117
 28  13    570.4    230.6   0.2994   5.9883   0.0500   5.8116 -1859.593
 28  14    570.2    230.8   0.3031   6.0617   0.0500   5.8879 -1859.003
 28  15    570.2    230.8   0.3090   6.1808   0.0500   6.0027 -1861.655
 28  16    570.3    230.7   0.3080   6.1592   0.0500   5.9806 -1859.771
 28  17    570.3    230.7   0.3080   6.1592   0.0500   5.9806 -1859.771
 28  18    570.8    230.2   0.3168   6.3362   0.0500   6.1396 -1856.665
 28  19    569.9    231.1   0.3048   6.0964   0.0500   5.9274 -1857.453
 28  20    570.4    230.6   0.2705   5.4101   0.0500   5.2513 -1855.475
 28  21    570.7    230.3   0.2173   4.3462   0.0500   4.2126 -1802.932
 28  22    570.3    230.7   0.2443   4.8868   0.0500   4.7446 -1824.564
 28  23    570.2    230.8   0.2442   4.8836   0.0500   4.7423 -1826.730
 28  24    569.8    231.2   0.2813   5.6263   0.0500   5.4718 -1844.569
 28  25    569.0    232.0   0.2410   4.8200   0.0500   4.7011 -1816.120
 28  26    571.4    229.6   0.2264   4.5289   0.0500   4.3798 -1797.162
 28  27    571.4    229.6   0.2264   4.5289   0.0500   4.3798 -1797.162
 29   1    571.1    229.9   0.3496   6.9921   0.0500   6.7681 -1874.202
 29   2    571.4    229.6   0.3546   7.0918   0.0500   6.8581 -1880.762
 29   3    571.6    229.4   0.3861   7.7229   0.0500   7.4629 -1906.033
 29   4    571.0    230.0   0.3835   7.6699   0.0500   7.4284 -1893.752
 29   5    572.2    228.8   0.3749   7.4980   0.0500   7.2295 -1894.992
 29   6    572.2    228.8   0.3749   7.4980   0.0500   7.2295 -1894.992
 29   7    572.3    228.7   0.3933   7.8660   0.0500   7.5802 -1907.310
 29   8    572.3    228.7   0.3933   7.8660   0.0500   7.5802 -1907.310
 29   9    572.3    228.7   0.3770   7.5393   0.0500   7.2670 -1889.513
 29  10    571.8    229.2   0.3518   7.0353   0.0500   6.7923 -1881.998
 29  11    571.8    229.2   0.3562   7.1232   0.0500   6.8784 -1883.380
 29  12    571.3    229.7   0.2730   5.4593   0.0500   5.2815 -1829.699
 29  13    570.7    230.3   0.2773   5.5461   0.0500   5.3773 -1840.485
 29  14    570.4    230.6   0.2939   5.8779   0.0500   5.7045 -1852.744
 29  15    570.4    230.6   0.2900   5.8007   0.0500   5.6288 -1850.046
 29  16    570.5    230.5   0.2830   5.6599   0.0500   5.4909 -1844.590
 29  17    570.5    230.5   0.2830   5.6599   0.0500   5.4909 -1844.590
 29  18    571.1    229.9   0.2887   5.7747   0.0500   5.5906 -1845.680
 29  19    570.2    230.8   0.2869   5.7384   0.0500   5.5738 -1862.300
 29  20    570.6    230.4   0.2965   5.9299   0.0500   5.7508 -1863.813
 29  21    571.0    230.0   0.2190   4.3792   0.0500   4.2411 -1795.940
 29  22    570.5    230.5   0.2698   5.3955   0.0500   5.2339 -1836.514
 29  23    570.5    230.5   0.2663   5.3260   0.0500   5.1674 -1835.034
 29  24    570.1    230.9   0.2849   5.6974   0.0500   5.5362 -1851.007
 29  25    569.3    231.7   0.2364   4.7273   0.0500   4.6064 -1824.122
 29  26    571.6    229.4   0.2071   4.1410   0.0500   4.0013 -1782.124
 29  27    571.6    229.4   0.2071   4.1410   0.0500   4.0013 -1782.124
 29  28    571.5    229.5   0.0869   1.7389   0.0500   1.6806 -1682.281
 30   1    571.1    229.9   0.3496   6.9921   0.0500   6.7681 -1874.202
 30   2    571.4    229.6   0.3546   7.0918   0.0500   6.8581 -1880.762
 30   3    571.6    229.4   0.3861   7.7229   0.0500   7.4629 -1906.033
 30   4    571.0    230.0   0.3835   7.6699   0.0500   7.4284 -1893.752
 30   5    572.2    228.8   0.3749   7.4980   0.0500   7.2295 -1894.992
 30   6    572.2    228.8   0.3749   7.4980   0.0500   7.2295 -1894.992
 30   7    572.3    228.7   0.3933   7.8660   0.0500   7.5802 -1907.310
 30   8    572.3    228.7   0.3933   7.8660   0.0500   7.5802 -1907.310
 30   9    572.3    228.7   0.3770   7.5393   0.0500   7.2670 -1889.513
 30  10    571.8    229.2   0.3518   7.0353   0.0500   6.7923 -1881.998
 30  11    571.8    229.2   0.3562   7.1232   0.0500   6.8784 -1883.380
 30  12    571.3    229.7   0.2730   5.4593   0.0500   5.2815 -1829.699
 30  13    570.7    230.3   0.2773   5.5461   0.0500   5.3773 -1840.485
 30  14    570.4    230.6   0.2939   5.8779   0.0500   5.7045 -1852.744
 30  15    570.4    230.6   0.2900   5.8007   0.0500   5.6288 -1850.046
 30  16    570.5    230.5   0.2830   5.6599   0.0500   5.4909 -1844.590
 30  17    570.5    230.5   0.2830   5.6599   0.0500   5.4909 -1844.590
 30  18    571.1    229.9   0.2887   5.7747   0.0500   5.5906 -1845.680
 30  19    570.2    230.8   0.2869   5.7384   0.0500   5.5738 -1862.300
 30  20    570.6    230.4   0.2965   5.9299   0.0500   5.7508 -1863.813
 30  21    571.0    230.0   0.2190   4.3792   0.0500   4.2411 -1795.940
 30  22    570.5    230.5   0.2698   5.3955   0.0500   5.2339 -1836.514
 30  23    570.5    230.5   0.2663   5.3260   0.0500   5.1674 -1835.034
 30  24    570.1    230.9   0.2849   5.6974   0.0500   5.5362 -1851.007
 30  25    569.3    231.7   0.2364   4.7273   0.0500   4.6064 -1824.122
 30  26    571.6    229.4   0.2071   4.1410   0.0500   4.0013 -1782.124
 30  27    571.6    229.4   0.2071   4.1410   0.0500   4.0013 -1782.124
 30  28    571.5    229.5   0.0869   1.7389   0.0500   1.6806 -1682.281
 30  29    571.9    229.1   0.0000   0.0000   0.0500   0.0000 -1062.111
 31   1    570.4    230.6   0.3966   7.9326   0.0500   7.6992 -1896.678
 31   2    570.6    230.4   0.3584   7.1680   0.0500   6.9505 -1877.518
 31   3    570.9    230.1   0.4287   8.5739   0.0500   8.3070 -1918.795
 31   4    570.2    230.8   0.4263   8.5255   0.0500   8.2795 -1908.528
 31   5    571.5    229.5   0.4189   8.3779   0.0500   8.0986 -1913.729
 31   6    571.5    229.5   0.4189   8.3779   0.0500   8.0986 -1913.729
 31   7    571.6    229.4   0.4026   8.0513   0.0500   7.7784 -1910.733
 31   8    571.6    229.4   0.4026   8.0513   0.0500   7.7784 -1910.733
 31   9    571.5    229.5   0.3747   7.4933   0.0500   7.2417 -1891.002
 31  10    571.1    229.9   0.4156   8.3114   0.0500   8.0462 -1906.007
 31  11    571.0    230.0   0.4136   8.2717   0.0500   8.0092 -1905.487
 31  12    570.5    230.5   0.3247   6.4938   0.0500   6.3003 -1871.417
 31  13    569.9    231.1   0.3315   6.6302   0.0500   6.4462 -1872.102
 31  14    569.6    231.4   0.3430   6.8602   0.0500   6.6761 -1880.793
 31  15    569.7    231.3   0.3370   6.7406   0.0500   6.5585 -1876.759
 31  16    569.8    231.2   0.3358   6.7165   0.0500   6.5338 -1874.871
 31  17    569.8    231.2   0.3358   6.7165   0.0500   6.5338 -1874.871
 31  18    570.4    230.6   0.2883   5.7653   0.0500   5.5961 -1850.000
 31  19    569.4    231.6   0.2794   5.5887   0.0500   5.4432 -1844.749
 31  20    569.9    231.1   0.2887   5.7750   0.0500   5.6152 -1856.924
 31  21    570.2    230.8   0.2445   4.8899   0.0500   4.7485 -1809.884
 31  22    569.8    231.2   0.2918   5.8355   0.0500   5.6759 -1853.559
 31  23    569.7    231.3   0.3000   5.9998   0.0500   5.8368 -1859.479
 31  24    569.4    231.6   0.3094   6.1877   0.0500   6.0278 -1865.559
 31  25    568.6    232.4   0.2886   5.7713   0.0500   5.6383 -1856.853
 31  26    570.9    230.1   0.2479   4.9576   0.0500   4.8028 -1816.373
 31  27    570.9    230.1   0.2479   4.9576   0.0500   4.8028 -1816.373
 31  28    570.8    230.2   0.1302   2.6048   0.0500   2.5240 -1727.422
 31  29    571.2    229.8   0.1384   2.7684   0.0500   2.6791 -1739.037
 31  30    571.2    229.8   0.1384   2.7684   0.0500   2.6791 -1739.037
 32   1    570.7    230.3   0.3301   6.6021   0.0500   6.4012 -1860.194
 32   2    570.9    230.1   0.3516   7.0329   0.0500   6.8124 -1876.894
 32   3    571.2    229.8   0.4331   8.6630   0.0500   8.3840 -1920.038
 32   4    570.5    230.5   0.3970   7.9404   0.0500   7.7032 -1891.068
 32   5    571.8    229.2   0.4119   8.2379   0.0500   7.9535 -1908.450
 32   6    571.8    229.2   0.4119   8.2379   0.0500   7.9535 -1908.450
 32   7    572.0    229.0   0.4038   8.0755   0.0500   7.7923 -1907.365
 32   8    572.0    229.0   0.4038   8.0755   0.0500   7.7923 -1907.365
 32   9    571.8    229.2   0.3907   7.8134   0.0500   7.5427 -1895.409
 32  10    571.4    229.6   0.3909   7.8171   0.0500   7.5594 -1891.305
 32  11    571.3    229.7   0.3889   7.7786   0.0500   7.5234 -1890.683
 32  12    570.8    230.2   0.3172   6.3430   0.0500   6.1479 -1859.053
 32  13    570.2    230.8   0.3222   6.4434   0.0500   6.2582 -1868.153
 32  14    569.9    231.1   0.3191   6.3821   0.0500   6.2040 -1867.417
 32  15    570.0    231.0   0.3082   6.1648   0.0500   5.9917 -1861.878
 32  16    570.0    231.0   0.3010   6.0193   0.0500   5.8492 -1856.549
 32  17    570.0    231.0   0.3010   6.0193   0.0500   5.8492 -1856.549
 32  18    570.7    230.3   0.2850   5.6990   0.0500   5.5258 -1847.047
 32  19    569.7    231.3   0.2992   5.9850   0.0500   5.8232 -1856.084
 32  20    570.2    230.8   0.2879   5.7582   0.0500   5.5928 -1858.453
 32  21    570.5    230.5   0.2069   4.1387   0.0500   4.0146 -1789.014
 32  22    570.1    230.9   0.2518   5.0368   0.0500   4.8937 -1833.656
 32  23    570.0    231.0   0.2658   5.3151   0.0500   5.1651 -1841.912
 32  24    569.7    231.3   0.2862   5.7249   0.0500   5.5709 -1850.462
 32  25    568.9    232.1   0.2693   5.3857   0.0500   5.2560 -1841.863
 32  26    571.2    229.8   0.1683   3.3652   0.0500   3.2565 -1755.948
 32  27    571.2    229.8   0.1683   3.3652   0.0500   3.2565 -1755.948
 32  28    571.1    229.9   0.0986   1.9728   0.0500   1.9097 -1684.971
 32  29    571.4    229.6   0.1050   2.1003   0.0500   2.0308 -1692.300
 32  30    571.4    229.6   0.1050   2.1003   0.0500   2.0308 -1692.300
 32  31    570.6    230.4   0.0603   1.2068   0.0500   1.1701 -1632.879
 33   1    572.1    228.9   0.3723   7.4465   0.0500   7.1827 -1887.760
 33   2    572.3    228.7   0.3806   7.6128   0.0500   7.3366 -1885.264
 33   3    572.6    228.4   0.4105   8.2093   0.0500   7.9028 -1919.040
 33   4    571.9    229.1   0.4147   8.2932   0.0500   8.0046 -1907.011
 33   5    573.3    227.7   0.4163   8.3262   0.0500   7.9936 -1915.573
 33   6    573.3    227.7   0.4163   8.3262   0.0500   7.9936 -1915.573
 33   7    573.5    227.5   0.4006   8.0121   0.0500   7.6875 -1914.646
 33   8    573.5    227.5   0.4006   8.0121   0.0500   7.6875 -1914.646
 33   9    573.3    227.7   0.4091   8.1826   0.0500   7.8571 -1914.546
 33  10    572.8    228.2   0.4101   8.2012   0.0500   7.8889 -1913.937
 33  11    572.8    228.2   0.4058   8.1151   0.0500   7.8070 -1912.615
 33  12    572.1    228.9   0.2639   5.2782   0.0500   5.0903 -1831.150
 33  13    571.6    229.4   0.2835   5.6706   0.0500   5.4795 -1858.908
 33  14    571.4    229.6   0.2765   5.5307   0.0500   5.3479 -1854.524
 33  15    571.4    229.6   0.2833   5.6657   0.0500   5.4775 -1858.388
 33  16    571.5    229.5   0.2755   5.5100   0.0500   5.3261 -1852.841
 33  17    571.5    229.5   0.2755   5.5100   0.0500   5.3261 -1852.841
 33  18    572.1    228.9   0.2540   5.0796   0.0500   4.8997 -1830.666
 33  19    571.1    229.9   0.2323   4.6458   0.0500   4.4975 -1824.758
 33  20    571.6    229.4   0.2518   5.0357   0.0500   4.8657 -1833.583
 33  21    572.0    229.0   0.2089   4.1785   0.0500   4.0316 -1787.124
 33  22    571.5    229.5   0.2051   4.1030   0.0500   3.9656 -1778.613
 33  23    571.5    229.5   0.2138   4.2764   0.0500   4.1340 -1783.061
 33  24    571.1    229.9   0.2442   4.8843   0.0500   4.7283 -1835.624
 33  25    570.3    230.7   0.2449   4.8977   0.0500   4.7554 -1829.775
 33  26    572.6    228.4   0.1888   3.7762   0.0500   3.6354 -1772.066
 33  27    572.6    228.4   0.1888   3.7762   0.0500   3.6354 -1772.066
 33  28    572.4    228.6   0.2164   4.3289   0.0500   4.1697 -1789.385
 33  29    572.6    228.4   0.1809   3.6177   0.0500   3.4825 -1763.154
 33  30    572.6    228.4   0.1809   3.6177   0.0500   3.4825 -1763.154
 33  31    571.9    229.1   0.2152   4.3032   0.0500   4.1533 -1800.842
 33  32    572.2    228.8   0.1682   3.3631   0.0500   3.2422 -1756.148
 34   1    572.1    228.9   0.3723   7.4465   0.0500   7.1827 -1887.760
 34   2    572.3    228.7   0.3806   7.6128   0.0500   7.3366 -1885.264
 34   3    572.6    228.4   0.4105   8.2093   0.0500   7.9028 -1919.040
 34   4    571.9    229.1   0.4147   8.2932   0.0500   8.0046 -1907.011
 34   5    573.3    227.7   0.4163   8.3262   0.0500   7.9936 -1915.573
 34   6    573.3    227.7   0.4163   8.3262   0.0500   7.9936 -1915.573
 34   7    573.5    227.5   0.4006   8.0121   0.0500   7.6875 -1914.646
 34   8    573.5    227.5   0.4006   8.0121   0.0500   7.6875 -1914.646
 34   9    573.3    227.7   0.4091   8.1826   0.0500   7.8571 -1914.546
 34  10    572.8    228.2   0.4101   8.2012   0.0500   7.8889 -1913.937
 34  11    572.8    228.2   0.4058   8.1151   0.0500   7.8070 -1912.615
 34  12    572.1    228.9   0.2639   5.2782   0.0500   5.0903 -1831.150
 34  13    571.6    229.4   0.2835   5.6706   0.0500   5.4795 -1858.908
 34  14    571.4    229.6   0.2765   5.5307   0.0500   5.3479 -1854.524
 34  15    571.4    229.6   0.2833   5.6657   0.0500   5.4775 -1858.388
 34  16    571.5    229.5   0.2755   5.5100   0.0500   5.3261 -1852.841
 34  17    571.5    229.5   0.2755   5.5100   0.0500   5.3261 -1852.841
 34  18    572.1    228.9   0.2540   5.0796   0.0500   4.8997 -1830.666
 34  19    571.1    229.9   0.2323   4.6458   0.0500   4.4975 -1824.758
 34  20    571.6    229.4   0.2518   5.0357   0.0500   4.8657 -1833.583
 34  21    572.0    229.0   0.2089   4.1785   0.0500   4.0316 -1787.124
 34  22    571.5    229.5   0.2051   4.1030   0.0500   3.9656 -1778.613
 34  23    571.5    229.5   0.2138   4.2764   0.0500   4.1340 -1783.061
 34  24    571.1    229.9   0.2442   4.8843   0.0500   4.7283 -1835.624
 34  25    570.3    230.7   0.2449   4.8977   0.0500   4.7554 -1829.775
 34  26    572.6    228.4   0.1888   3.7762   0.0500   3.6354 -1772.066
 34  27    572.6    228.4   0.1888   3.7762   0.0500   3.6354 -1772.066
 34  28    572.4    228.6   0.2164   4.3289   0.0500   4.1697 -1789.385
 34  29    572.6    228.4   0.1809   3.6177   0.0500   3.4825 -1763.154
 34  30    572.6    228.4   0.1809   3.6177   0.0500   3.4825 -1763.154
 34  31    571.9    229.1   0.2152   4.3032   0.0500   4.1533 -1800.842
 34  32    572.2    228.8   0.1682   3.3631   0.0500   3.2422 -1756.148
 34  33    573.7    227.3   0.0000   0.0000   0.0500   0.0000 -1065.968
 35   1    569.2    231.8   0.3456   6.9111   0.0500   6.7363 -1885.323
 35   2    569.5    231.5   0.3506   7.0112   0.0500   6.8274 -1887.489
 35   3    569.7    231.3   0.4147   8.2947   0.0500   8.0701 -1926.783
 35   4    569.1    231.9   0.4028   8.0555   0.0500   7.8564 -1916.906
 35   5    570.4    230.6   0.3881   7.7623   0.0500   7.5337 -1915.384
 35   6    570.4    230.6   0.3881   7.7623   0.0500   7.5337 -1915.384
 35   7    570.5    230.5   0.3620   7.2408   0.0500   7.0235 -1900.184
 35   8    570.5    230.5   0.3620   7.2408   0.0500   7.0235 -1900.184
 35   9    570.4    230.6   0.3927   7.8549   0.0500   7.6225 -1915.868
 35  10    570.0    231.0   0.3537   7.0736   0.0500   6.8761 -1900.637
 35  11    569.9    231.1   0.3586   7.1727   0.0500   6.9735 -1902.421
 35  12    569.3    231.7   0.2634   5.2671   0.0500   5.1316 -1850.096
 35  13    568.7    232.3   0.2365   4.7292   0.0500   4.6174 -1832.443
 35  14    568.5    232.5   0.2353   4.7066   0.0500   4.5995 -1829.007
 35  15    568.5    232.5   0.2465   4.9302   0.0500   4.8172 -1836.023
 35  16    568.6    232.4   0.2394   4.7872   0.0500   4.6765 -1830.332
 35  17    568.6    232.4   0.2394   4.7872   0.0500   4.6765 -1830.332
 35  18    569.2    231.8   0.2292   4.5832   0.0500   4.4677 -1837.612
 35  19    568.2    232.8   0.2654   5.3074   0.0500   5.1915 -1852.011
 35  20    568.7    232.3   0.2361   4.7222   0.0500   4.6112 -1839.375
 35  21    569.1    231.9   0.2079   4.1582   0.0500   4.0547 -1818.246
 35  22    568.6    232.4   0.2082   4.1635   0.0500   4.0668 -1809.718
 35  23    568.6    232.4   0.2042   4.0831   0.0500   3.9890 -1807.071
 35  24    568.2    232.8   0.2201   4.4016   0.0500   4.3065 -1825.132
 35  25    567.4    233.6   0.2537   5.0748   0.0500   4.9798 -1855.558
 35  26    569.7    231.3   0.2276   4.5516   0.0500   4.4282 -1826.295
 35  27    569.7    231.3   0.2276   4.5516   0.0500   4.4282 -1826.295
 35  28    569.6    231.4   0.2265   4.5292   0.0500   4.4078 -1822.923
 35  29    569.9    231.1   0.2814   5.6275   0.0500   5.4709 -1858.978
 35  30    569.9    231.1   0.2814   5.6275   0.0500   5.4709 -1858.978
 35  31    569.2    231.8   0.2594   5.1886   0.0500   5.0577 -1845.887
 35  32    569.5    231.5   0.2725   5.4507   0.0500   5.3080 -1844.692
 35  33    570.8    230.2   0.2128   4.2556   0.0500   4.1237 -1809.029
 35  34    570.8    230.2   0.2128   4.2556   0.0500   4.1237 -1809.029
 36   1    570.0    231.0   0.3652   7.3040   0.0500   7.0988 -1883.829
 36   2    570.3    230.7   0.3683   7.3656   0.0500   7.1520 -1889.574
 36   3    570.5    230.5   0.4603   9.2053   0.0500   8.9293 -1933.742
 36   4    569.8    231.2   0.4308   8.6164   0.0500   8.3795 -1913.678
 36   5    571.2    229.8   0.4486   8.9728   0.0500   8.6815 -1923.367
 36   6    571.2    229.8   0.4486   8.9728   0.0500   8.6815 -1923.367
 36   7    571.4    229.6   0.4372   8.7433   0.0500   8.4544 -1925.321
 36   8    571.4    229.6   0.4372   8.7433   0.0500   8.4544 -1925.321
 36   9    571.2    229.8   0.4104   8.2072   0.0500   7.9410 -1911.465
 36  10    570.7    230.3   0.4607   9.2136   0.0500   8.9310 -1924.888
 36  11    570.7    230.3   0.4560   9.1201   0.0500   8.8416 -1923.560
 36  12    570.1    230.9   0.2636   5.2712   0.0500   5.1221 -1828.100
 36  13    569.5    231.5   0.2840   5.6795   0.0500   5.5299 -1853.094
 36  14    569.3    231.7   0.2914   5.8276   0.0500   5.6786 -1858.050
 36  15    569.3    231.7   0.2897   5.7938   0.0500   5.6446 -1858.051
 36  16    569.4    231.6   0.2827   5.6543   0.0500   5.5077 -1852.680
 36  17    569.4    231.6   0.2827   5.6543   0.0500   5.5077 -1852.680
 36  18    570.0    231.0   0.2714   5.4278   0.0500   5.2752 -1855.249
 36  19    569.0    232.0   0.2554   5.1073   0.0500   4.9817 -1839.881
 36  20    569.5    231.5   0.2281   4.5622   0.0500   4.4416 -1818.634
 36  21    569.9    231.1   0.1999   3.9983   0.0500   3.8875 -1788.968
 36  22    569.4    231.6   0.2569   5.1386   0.0500   5.0045 -1837.762
 36  23    569.4    231.6   0.2689   5.3785   0.0500   5.2393 -1845.454
 36  24    569.0    232.0   0.2590   5.1792   0.0500   5.0516 -1828.713
 36  25    568.2    232.8   0.2888   5.7767   0.0500   5.6513 -1852.314
 36  26    570.5    230.5   0.2105   4.2097   0.0500   4.0833 -1799.078
 36  27    570.5    230.5   0.2105   4.2097   0.0500   4.0833 -1799.078
 36  28    570.4    230.6   0.2520   5.0397   0.0500   4.8904 -1823.267
 36  29    570.7    230.3   0.2711   5.4217   0.0500   5.2563 -1831.062
 36  30    570.7    230.3   0.2711   5.4217   0.0500   5.2563 -1831.062
 36  31    569.9    231.1   0.2307   4.6149   0.0500   4.4868 -1808.915
 36  32    570.2    230.8   0.2244   4.4878   0.0500   4.3585 -1806.476
 36  33    571.6    229.4   0.2080   4.1610   0.0500   4.0201 -1807.765
 36  34    571.6    229.4   0.2080   4.1610   0.0500   4.0201 -1807.765
 36  35    568.8    232.2   0.1463   2.9260   0.0500   2.8565 -1766.074
 37   1    569.0    232.0   0.3707   7.4138   0.0500   7.2332 -1885.959
 37   2    569.2    231.8   0.3956   7.9129   0.0500   7.7129 -1904.666
 37   3    569.5    231.5   0.4470   8.9409   0.0500   8.7066 -1934.940
 37   4    568.8    232.2   0.4113   8.2252   0.0500   8.0298 -1911.366
 37   5    570.2    230.8   0.4213   8.4269   0.0500   8.1855 -1923.264
 37   6    570.2    230.8   0.4213   8.4269   0.0500   8.1855 -1923.264
 37   7    570.3    230.7   0.4119   8.2379   0.0500   7.9972 -1922.701
 37   8    570.3    230.7   0.4119   8.2379   0.0500   7.9972 -1922.701
 37   9    570.2    230.8   0.3885   7.7709   0.0500   7.5479 -1908.207
 37  10    569.7    231.3   0.4095   8.1909   0.0500   7.9701 -1917.117
 37  11    569.6    231.4   0.4120   8.2398   0.0500   8.0189 -1917.452
 37  12    569.0    232.0   0.2477   4.9544   0.0500   4.8323 -1824.446
 37  13    568.5    232.5   0.2505   5.0090   0.0500   4.8958 -1833.871
 37  14    568.2    232.8   0.2527   5.0539   0.0500   4.9437 -1839.041
 37  15    568.3    232.7   0.2551   5.1019   0.0500   4.9898 -1841.543
 37  16    568.3    232.7   0.2482   4.9642   0.0500   4.8543 -1835.948
 37  17    568.3    232.7   0.2482   4.9642   0.0500   4.8543 -1835.948
 37  18    568.9    232.1   0.2823   5.6453   0.0500   5.5079 -1865.575
 37  19    568.0    233.0   0.2552   5.1042   0.0500   4.9977 -1847.881
 37  20    568.5    232.5   0.2584   5.1684   0.0500   5.0514 -1829.388
 37  21    568.8    232.2   0.1850   3.6998   0.0500   3.6113 -1786.803
 37  22    568.4    232.6   0.1966   3.9325   0.0500   3.8448 -1805.851
 37  23    568.3    232.7   0.2086   4.1724   0.0500   4.0802 -1815.289
 37  24    568.0    233.0   0.2735   5.4706   0.0500   5.3569 -1846.019
 37  25    567.1    233.9   0.2378   4.7568   0.0500   4.6718 -1829.741
 37  26    569.5    231.5   0.1806   3.6111   0.0500   3.5162 -1784.263
 37  27    569.5    231.5   0.1806   3.6111   0.0500   3.5162 -1784.263
 37  28    569.4    231.6   0.2600   5.2005   0.0500   5.0657 -1838.579
 37  29    569.7    231.3   0.2446   4.8922   0.0500   4.7606 -1831.444
 37  30    569.7    231.3   0.2446   4.8922   0.0500   4.7606 -1831.444
 37  31    568.9    232.1   0.2602   5.2048   0.0500   5.0790 -1833.244
 37  32    569.2    231.8   0.2283   4.5670   0.0500   4.4521 -1810.544
 37  33    570.6    230.4   0.2294   4.5879   0.0500   4.4498 -1822.248
 37  34    570.6    230.4   0.2294   4.5879   0.0500   4.4498 -1822.248
 37  35    567.7    233.3   0.1350   2.6994   0.0500   2.6454 -1753.185
 37  36    568.5    232.5   0.0377   0.7536   0.0500   0.7365 -1587.443
 38   1    569.0    232.0   0.3252   6.5042   0.0500   6.3448 -1865.431
 38   2    569.2    231.8   0.4132   8.2631   0.0500   8.0531 -1916.418
 38   3    569.5    231.5   0.4491   8.9811   0.0500   8.7440 -1930.985
 38   4    568.8    232.2   0.4257   8.5148   0.0500   8.3113 -1919.100
 38   5    570.2    230.8   0.4179   8.3572   0.0500   8.1155 -1917.894
 38   6    570.2    230.8   0.4179   8.3572   0.0500   8.1155 -1917.894
 38   7    570.4    230.6   0.4103   8.2054   0.0500   7.9634 -1916.840
 38   8    570.4    230.6   0.4103   8.2054   0.0500   7.9634 -1916.840
 38   9    570.2    230.8   0.4034   8.0684   0.0500   7.8352 -1912.760
 38  10    569.7    231.3   0.4009   8.0185   0.0500   7.8007 -1907.882
 38  11    569.7    231.3   0.3965   7.9309   0.0500   7.7165 -1906.345
 38  12    569.1    231.9   0.2893   5.7850   0.0500   5.6417 -1843.632
 38  13    568.5    232.5   0.3024   6.0486   0.0500   5.9109 -1870.918
 38  14    568.3    232.7   0.2987   5.9747   0.0500   5.8434 -1870.054
 38  15    568.3    232.7   0.2990   5.9801   0.0500   5.8476 -1871.005
 38  16    568.4    232.6   0.2917   5.8336   0.0500   5.7034 -1865.777
 38  17    568.4    232.6   0.2917   5.8336   0.0500   5.7034 -1865.777
 38  18    569.0    232.0   0.2720   5.4395   0.0500   5.3063 -1860.960
 38  19    568.0    233.0   0.2504   5.0071   0.0500   4.9021 -1843.903
 38  20    568.5    232.5   0.2569   5.1379   0.0500   5.0208 -1837.224
 38  21    568.9    232.1   0.1991   3.9811   0.0500   3.8850 -1793.747
 38  22    568.4    232.6   0.2295   4.5896   0.0500   4.4865 -1820.150
 38  23    568.4    232.6   0.2305   4.6109   0.0500   4.5082 -1821.724
 38  24    568.0    233.0   0.2700   5.4004   0.0500   5.2875 -1845.749
 38  25    567.2    233.8   0.2492   4.9841   0.0500   4.8945 -1837.009
 38  26    569.5    231.5   0.1855   3.7103   0.0500   3.6123 -1793.712
 38  27    569.5    231.5   0.1855   3.7103   0.0500   3.6123 -1793.712
 38  28    569.4    231.6   0.2438   4.8758   0.0500   4.7489 -1826.571
 38  29    569.7    231.3   0.2922   5.8441   0.0500   5.6871 -1861.733
 38  30    569.7    231.3   0.2922   5.8441   0.0500   5.6871 -1861.733
 38  31    568.9    232.1   0.2352   4.7044   0.0500   4.5907 -1824.477
 38  32    569.2    231.8   0.2399   4.7981   0.0500   4.6770 -1822.048
 38  33    570.6    230.4   0.2158   4.3155   0.0500   4.1844 -1819.177
 38  34    570.6    230.4   0.2158   4.3155   0.0500   4.1844 -1819.177
 38  35    567.7    233.3   0.1204   2.4089   0.0500   2.3606 -1745.574
 38  36    568.5    232.5   0.0329   0.6584   0.0500   0.6434 -1579.920
 38  37    567.5    233.5   0.0222   0.4447   0.0500   0.4362 -1492.190

