Supplemental results for CODEML (seqf: /gpfs/scratch/cltucker/EBH381-Group-Project/SIV_aligned_VPX.fas  treef: )


pairwise comparison (Goldman & Yang 1994)
seq seq        N       S       dN       dS     dN/dS   Paras.
  2   1    163.3     64.7   0.4276   0.2672   1.6000   1.1462  -508.664
  3   1    163.4     64.6   0.4455   0.2784   1.6000   1.1945  -512.683
  3   2    164.1     63.9   0.4626   0.2891   1.6000   1.2419  -508.807
  4   1    163.2     64.8   0.4796   0.2998   1.6000   1.2855  -523.233
  4   2    163.9     64.1   0.5043   0.3152   1.6000   1.3532  -517.920
  4   3    164.0     64.0   0.2507   0.1567   1.6000   0.6728  -458.751
  5   1    163.5     64.5   0.4056   0.2535   1.6000   1.0875  -507.361
  5   2    164.2     63.8   0.3347   0.2092   1.6000   0.8987  -488.023
  5   3    164.3     63.7   0.2144   0.1340   1.6000   0.5758  -441.219
  5   4    164.1     63.9   0.2344   0.1465   1.6000   0.6292  -453.816
  6   1    163.5     64.5   0.4056   0.2535   1.6000   1.0875  -507.361
  6   2    164.2     63.8   0.3347   0.2092   1.6000   0.8987  -488.023
  6   3    164.3     63.7   0.2144   0.1340   1.6000   0.5758  -441.219
  6   4    164.1     63.9   0.2344   0.1465   1.6000   0.6292  -453.816
  6   5    164.4     63.6   0.0000   0.0000   1.6000   0.0000  -304.678
  7   1    163.1     64.9   0.4042   0.2526   1.6000   1.0832  -507.991
  7   2    163.8     64.2   0.3606   0.2254   1.6000   0.9675  -493.365
  7   3    163.9     64.1   0.2060   0.1287   1.6000   0.5527  -437.831
  7   4    163.7     64.3   0.2008   0.1255   1.6000   0.5387  -442.705
  7   5    164.0     64.0   0.0558   0.0349   1.6000   0.1498  -358.476
  7   6    164.0     64.0   0.0558   0.0349   1.6000   0.1498  -358.476
  8   1    163.1     64.9   0.4042   0.2526   1.6000   1.0832  -507.991
  8   2    163.8     64.2   0.3606   0.2254   1.6000   0.9675  -493.365
  8   3    163.9     64.1   0.2060   0.1287   1.6000   0.5527  -437.831
  8   4    163.7     64.3   0.2008   0.1255   1.6000   0.5387  -442.705
  8   5    164.0     64.0   0.0558   0.0349   1.6000   0.1498  -358.476
  8   6    164.0     64.0   0.0558   0.0349   1.6000   0.1498  -358.476
  8   7    163.6     64.4   0.0000   0.0000   1.6000   0.0000  -304.843
  9   1    162.5     65.5   0.4738   0.2961   1.6000   1.2682  -524.329
  9   2    163.1     64.9   0.4380   0.2738   1.6000   1.1738  -510.664
  9   3    163.2     64.8   0.2367   0.1479   1.6000   0.6345  -455.656
  9   4    163.0     65.0   0.2596   0.1622   1.6000   0.6954  -465.246
  9   5    163.3     64.7   0.1544   0.0965   1.6000   0.4138  -415.395
  9   6    163.3     64.7   0.1544   0.0965   1.6000   0.4138  -415.395
  9   7    163.0     65.0   0.1415   0.0884   1.6000   0.3790  -412.366
  9   8    163.0     65.0   0.1415   0.0884   1.6000   0.3790  -412.366
 10   1    162.9     65.1   0.3454   0.2159   1.6000   0.9253  -497.033
 10   2    163.5     64.5   0.4835   0.3022   1.6000   1.2968  -513.393
 10   3    163.6     64.4   0.2625   0.1641   1.6000   0.7041  -456.849
 10   4    163.4     64.6   0.2558   0.1599   1.6000   0.6858  -458.162
 10   5    163.7     64.3   0.1530   0.0956   1.6000   0.4104  -408.467
 10   6    163.7     64.3   0.1530   0.0956   1.6000   0.4104  -408.467
 10   7    163.4     64.6   0.1280   0.0800   1.6000   0.3432  -397.723
 10   8    163.4     64.6   0.1280   0.0800   1.6000   0.3432  -397.723
 10   9    162.7     65.3   0.1542   0.0964   1.6000   0.4129  -414.307
 11   1    162.9     65.1   0.3454   0.2159   1.6000   0.9253  -497.033
 11   2    163.5     64.5   0.4835   0.3022   1.6000   1.2968  -513.393
 11   3    163.6     64.4   0.2625   0.1641   1.6000   0.7041  -456.849
 11   4    163.4     64.6   0.2558   0.1599   1.6000   0.6858  -458.162
 11   5    163.7     64.3   0.1530   0.0956   1.6000   0.4104  -408.467
 11   6    163.7     64.3   0.1530   0.0956   1.6000   0.4104  -408.467
 11   7    163.4     64.6   0.1280   0.0800   1.6000   0.3432  -397.723
 11   8    163.4     64.6   0.1280   0.0800   1.6000   0.3432  -397.723
 11   9    162.7     65.3   0.1542   0.0964   1.6000   0.4129  -414.307
 11  10    163.1     64.9   0.0000   0.0000   1.6000   0.0000  -306.211
 12   1    162.3     65.7   0.6575   0.4109   1.6000   1.7593  -551.527
 12   2    163.0     65.0   0.5749   0.3593   1.6000   1.5404  -540.254
 12   3    163.2     64.8   0.5252   0.3283   1.6000   1.4077  -529.080
 12   4    163.0     65.0   0.5951   0.3720   1.6000   1.5944  -537.716
 12   5    163.2     64.8   0.5118   0.3199   1.6000   1.3718  -525.652
 12   6    163.2     64.8   0.5118   0.3199   1.6000   1.3718  -525.652
 12   7    162.9     65.1   0.4629   0.2893   1.6000   1.2400  -517.272
 12   8    162.9     65.1   0.4629   0.2893   1.6000   1.2400  -517.272
 12   9    162.2     65.8   0.5893   0.3683   1.6000   1.5765  -540.351
 12  10    162.6     65.4   0.5254   0.3284   1.6000   1.4065  -529.228
 12  11    162.6     65.4   0.5254   0.3284   1.6000   1.4065  -529.228
 13   1    162.5     65.5   0.5171   0.3232   1.6000   1.3842  -533.654
 13   2    163.2     64.8   0.7903   0.4939   1.6000   2.1181  -561.287
 13   3    163.3     64.7   0.4818   0.3011   1.6000   1.2917  -516.872
 13   4    163.1     64.9   0.6144   0.3840   1.6000   1.6464  -541.859
 13   5    163.4     64.6   0.5530   0.3456   1.6000   1.4828  -532.321
 13   6    163.4     64.6   0.5530   0.3456   1.6000   1.4828  -532.321
 13   7    163.0     65.0   0.5347   0.3342   1.6000   1.4327  -528.443
 13   8    163.0     65.0   0.5347   0.3342   1.6000   1.4327  -528.443
 13   9    162.3     65.7   0.6143   0.3839   1.6000   1.6437  -541.546
 13  10    162.7     65.3   0.5026   0.3141   1.6000   1.3459  -528.079
 13  11    162.7     65.3   0.5026   0.3141   1.6000   1.3459  -528.079
 13  12    162.2     65.8   0.3731   0.2332   1.6000   0.9981  -500.187
 14   1    162.6     65.4   0.5489   0.3430   1.6000   1.4694  -537.662
 14   2    163.3     64.7   0.8016   0.5010   1.6000   2.1487  -561.981
 14   3    163.4     64.6   0.4889   0.3055   1.6000   1.3109  -518.621
 14   4    163.2     64.8   0.6261   0.3913   1.6000   1.6782  -543.636
 14   5    163.5     64.5   0.5741   0.3588   1.6000   1.5396  -534.898
 14   6    163.5     64.5   0.5741   0.3588   1.6000   1.5396  -534.898
 14   7    163.1     64.9   0.5563   0.3477   1.6000   1.4907  -531.463
 14   8    163.1     64.9   0.5563   0.3477   1.6000   1.4907  -531.463
 14   9    162.4     65.6   0.6385   0.3990   1.6000   1.7088  -544.338
 14  10    162.8     65.2   0.5447   0.3405   1.6000   1.4590  -534.118
 14  11    162.8     65.2   0.5447   0.3405   1.6000   1.4590  -534.118
 14  12    162.3     65.7   0.4059   0.2537   1.6000   1.0860  -506.858
 14  13    162.5     65.5   0.0406   0.0254   1.6000   0.1086  -350.342
 15   1    163.1     64.9   0.5071   0.3170   1.6000   1.3589  -531.818
 15   2    163.8     64.2   0.7303   0.4564   1.6000   1.9595  -556.598
 15   3    164.0     64.0   0.4696   0.2935   1.6000   1.2604  -515.095
 15   4    163.7     64.3   0.5805   0.3628   1.6000   1.5573  -538.080
 15   5    164.0     64.0   0.5320   0.3325   1.6000   1.4281  -529.164
 15   6    164.0     64.0   0.5320   0.3325   1.6000   1.4281  -529.164
 15   7    163.6     64.4   0.5141   0.3213   1.6000   1.3789  -525.501
 15   8    163.6     64.4   0.5141   0.3213   1.6000   1.3789  -525.501
 15   9    162.9     65.1   0.5919   0.3699   1.6000   1.5856  -539.212
 15  10    163.3     64.7   0.5029   0.3143   1.6000   1.3481  -528.028
 15  11    163.3     64.7   0.5029   0.3143   1.6000   1.3481  -528.028
 15  12    162.8     65.2   0.3881   0.2425   1.6000   1.0393  -502.555
 15  13    163.0     65.0   0.0404   0.0253   1.6000   0.1083  -349.841
 15  14    163.1     64.9   0.0249   0.0156   1.6000   0.0667  -333.368
 16   1    163.1     64.9   0.5071   0.3170   1.6000   1.3589  -531.818
 16   2    163.8     64.2   0.7303   0.4564   1.6000   1.9595  -556.598
 16   3    164.0     64.0   0.4696   0.2935   1.6000   1.2604  -515.095
 16   4    163.7     64.3   0.5805   0.3628   1.6000   1.5573  -538.080
 16   5    164.0     64.0   0.5320   0.3325   1.6000   1.4281  -529.164
 16   6    164.0     64.0   0.5320   0.3325   1.6000   1.4281  -529.164
 16   7    163.6     64.4   0.5141   0.3213   1.6000   1.3789  -525.501
 16   8    163.6     64.4   0.5141   0.3213   1.6000   1.3789  -525.501
 16   9    162.9     65.1   0.5919   0.3699   1.6000   1.5856  -539.212
 16  10    163.3     64.7   0.5029   0.3143   1.6000   1.3481  -528.028
 16  11    163.3     64.7   0.5029   0.3143   1.6000   1.3481  -528.028
 16  12    162.8     65.2   0.3881   0.2425   1.6000   1.0393  -502.555
 16  13    163.0     65.0   0.0404   0.0253   1.6000   0.1083  -349.841
 16  14    163.1     64.9   0.0249   0.0156   1.6000   0.0667  -333.368
 16  15    163.6     64.4   0.0000   0.0000   1.6000   0.0000  -306.765
 17   1    163.1     64.9   0.5071   0.3170   1.6000   1.3589  -531.818
 17   2    163.8     64.2   0.7303   0.4564   1.6000   1.9595  -556.598
 17   3    164.0     64.0   0.4696   0.2935   1.6000   1.2604  -515.095
 17   4    163.7     64.3   0.5805   0.3628   1.6000   1.5573  -538.080
 17   5    164.0     64.0   0.5320   0.3325   1.6000   1.4281  -529.164
 17   6    164.0     64.0   0.5320   0.3325   1.6000   1.4281  -529.164
 17   7    163.6     64.4   0.5141   0.3213   1.6000   1.3789  -525.501
 17   8    163.6     64.4   0.5141   0.3213   1.6000   1.3789  -525.501
 17   9    162.9     65.1   0.5919   0.3699   1.6000   1.5856  -539.212
 17  10    163.3     64.7   0.5029   0.3143   1.6000   1.3481  -528.028
 17  11    163.3     64.7   0.5029   0.3143   1.6000   1.3481  -528.028
 17  12    162.8     65.2   0.3881   0.2425   1.6000   1.0393  -502.555
 17  13    163.0     65.0   0.0404   0.0253   1.6000   0.1083  -349.841
 17  14    163.1     64.9   0.0249   0.0156   1.6000   0.0667  -333.368
 17  15    163.6     64.4   0.0000   0.0000   1.6000   0.0000  -306.765
 17  16    163.6     64.4   0.0000   0.0000   1.6000   0.0000  -306.765
 18   1    162.1     65.9   0.5813   0.3633   1.6000   1.5546  -543.830
 18   2    162.7     65.3   0.6635   0.4147   1.6000   1.7766  -551.331
 18   3    162.8     65.2   0.5548   0.3467   1.6000   1.4858  -530.260
 18   4    162.6     65.4   0.5844   0.3652   1.6000   1.5645  -541.336
 18   5    162.9     65.1   0.5527   0.3454   1.6000   1.4805  -534.002
 18   6    162.9     65.1   0.5527   0.3454   1.6000   1.4805  -534.002
 18   7    162.6     65.4   0.5284   0.3302   1.6000   1.4145  -530.710
 18   8    162.6     65.4   0.5284   0.3302   1.6000   1.4145  -530.710
 18   9    161.9     66.1   0.5567   0.3480   1.6000   1.4887  -538.467
 18  10    162.3     65.7   0.5879   0.3674   1.6000   1.5730  -538.161
 18  11    162.3     65.7   0.5879   0.3674   1.6000   1.5730  -538.161
 18  12    161.7     66.3   0.3878   0.2424   1.6000   1.0365  -503.558
 18  13    161.9     66.1   0.3693   0.2308   1.6000   0.9874  -490.758
 18  14    162.0     66.0   0.3991   0.2494   1.6000   1.0672  -494.232
 18  15    162.5     65.5   0.3741   0.2338   1.6000   1.0012  -488.659
 18  16    162.5     65.5   0.3741   0.2338   1.6000   1.0012  -488.659
 18  17    162.5     65.5   0.3741   0.2338   1.6000   1.0012  -488.659
 19   1    161.9     66.1   0.5153   0.3220   1.6000   1.3777  -535.932
 19   2    162.5     65.5   0.6705   0.4190   1.6000   1.7948  -555.666
 19   3    162.6     65.4   0.5306   0.3316   1.6000   1.4207  -530.582
 19   4    162.4     65.6   0.5468   0.3417   1.6000   1.4635  -538.151
 19   5    162.7     65.3   0.4779   0.2987   1.6000   1.2796  -525.784
 19   6    162.7     65.3   0.4779   0.2987   1.6000   1.2796  -525.784
 19   7    162.4     65.6   0.4968   0.3105   1.6000   1.3295  -528.889
 19   8    162.4     65.6   0.4968   0.3105   1.6000   1.3295  -528.889
 19   9    161.8     66.2   0.5352   0.3345   1.6000   1.4307  -539.525
 19  10    162.1     65.9   0.5199   0.3250   1.6000   1.3908  -532.060
 19  11    162.1     65.9   0.5199   0.3250   1.6000   1.3908  -532.060
 19  12    161.5     66.5   0.4104   0.2565   1.6000   1.0966  -504.848
 19  13    161.7     66.3   0.4253   0.2658   1.6000   1.1367  -508.716
 19  14    161.8     66.2   0.4221   0.2638   1.6000   1.1284  -505.640
 19  15    162.3     65.7   0.3883   0.2427   1.6000   1.0390  -499.160
 19  16    162.3     65.7   0.3883   0.2427   1.6000   1.0390  -499.160
 19  17    162.3     65.7   0.3883   0.2427   1.6000   1.0390  -499.160
 19  18    161.3     66.7   0.1645   0.1028   1.6000   0.4395  -428.389
 20   1    162.0     66.0   0.5156   0.3222   1.6000   1.3787  -534.200
 20   2    162.6     65.4   0.5491   0.3432   1.6000   1.4702  -537.407
 20   3    162.7     65.3   0.5928   0.3705   1.6000   1.5874  -534.866
 20   4    162.5     65.5   0.6131   0.3832   1.6000   1.6412  -539.190
 20   5    162.8     65.2   0.4739   0.2962   1.6000   1.2692  -520.241
 20   6    162.8     65.2   0.4739   0.2962   1.6000   1.2692  -520.241
 20   7    162.4     65.6   0.4611   0.2882   1.6000   1.2341  -518.378
 20   8    162.4     65.6   0.4611   0.2882   1.6000   1.2341  -518.378
 20   9    161.8     66.2   0.5065   0.3165   1.6000   1.3539  -525.989
 20  10    162.2     65.8   0.4824   0.3015   1.6000   1.2905  -521.284
 20  11    162.2     65.8   0.4824   0.3015   1.6000   1.2905  -521.284
 20  12    161.6     66.4   0.5052   0.3157   1.6000   1.3501  -522.045
 20  13    161.8     66.2   0.5006   0.3129   1.6000   1.3382  -520.934
 20  14    161.9     66.1   0.4987   0.3117   1.6000   1.3334  -520.335
 20  15    162.4     65.6   0.4600   0.2875   1.6000   1.2311  -514.479
 20  16    162.4     65.6   0.4600   0.2875   1.6000   1.2311  -514.479
 20  17    162.4     65.6   0.4600   0.2875   1.6000   1.2311  -514.479
 20  18    161.3     66.7   0.4185   0.2616   1.6000   1.1179  -505.562
 20  19    161.2     66.8   0.3856   0.2410   1.6000   1.0297  -502.875
 21   1    163.3     64.7   0.5622   0.3514   1.6000   1.5071  -537.752
 21   2    164.0     64.0   0.5434   0.3396   1.6000   1.4585  -529.997
 21   3    164.1     63.9   0.5914   0.3696   1.6000   1.5877  -532.891
 21   4    163.9     64.1   0.6261   0.3913   1.6000   1.6801  -536.763
 21   5    164.2     63.8   0.6328   0.3955   1.6000   1.6991  -538.979
 21   6    164.2     63.8   0.6328   0.3955   1.6000   1.6991  -538.979
 21   7    163.8     64.2   0.5561   0.3476   1.6000   1.4920  -530.779
 21   8    163.8     64.2   0.5561   0.3476   1.6000   1.4920  -530.779
 21   9    163.1     64.9   0.5712   0.3570   1.6000   1.5307  -539.175
 21  10    163.5     64.5   0.5728   0.3580   1.6000   1.5361  -534.524
 21  11    163.5     64.5   0.5728   0.3580   1.6000   1.5361  -534.524
 21  12    163.0     65.0   0.4648   0.2905   1.6000   1.2453  -521.085
 21  13    163.2     64.8   0.6263   0.3914   1.6000   1.6785  -534.299
 21  14    163.3     64.7   0.6348   0.3967   1.6000   1.7017  -535.298
 21  15    163.8     64.2   0.5916   0.3697   1.6000   1.5874  -530.157
 21  16    163.8     64.2   0.5916   0.3697   1.6000   1.5874  -530.157
 21  17    163.8     64.2   0.5916   0.3697   1.6000   1.5874  -530.157
 21  18    162.7     65.3   0.4902   0.3064   1.6000   1.3126  -520.387
 21  19    162.5     65.5   0.4690   0.2931   1.6000   1.2555  -519.701
 21  20    162.6     65.4   0.4442   0.2776   1.6000   1.1892  -508.889
 22   1    163.1     64.9   0.5699   0.3562   1.6000   1.5274  -543.114
 22   2    163.9     64.1   0.4943   0.3089   1.6000   1.3265  -531.226
 22   3    164.1     63.9   0.4990   0.3119   1.6000   1.3396  -523.777
 22   4    163.8     64.2   0.5313   0.3321   1.6000   1.4258  -528.797
 22   5    164.1     63.9   0.5009   0.3130   1.6000   1.3447  -524.530
 22   6    164.1     63.9   0.5009   0.3130   1.6000   1.3447  -524.530
 22   7    163.7     64.3   0.4707   0.2942   1.6000   1.2626  -519.209
 22   8    163.7     64.3   0.4707   0.2942   1.6000   1.2626  -519.209
 22   9    163.0     65.0   0.5332   0.3333   1.6000   1.4287  -531.725
 22  10    163.4     64.6   0.5450   0.3406   1.6000   1.4613  -530.210
 22  11    163.4     64.6   0.5450   0.3406   1.6000   1.4613  -530.210
 22  12    162.9     65.1   0.3469   0.2168   1.6000   0.9293  -490.052
 22  13    163.1     64.9   0.4956   0.3098   1.6000   1.3282  -522.999
 22  14    163.2     64.8   0.5229   0.3268   1.6000   1.4016  -526.610
 22  15    163.7     64.3   0.4838   0.3024   1.6000   1.2981  -520.739
 22  16    163.7     64.3   0.4838   0.3024   1.6000   1.2981  -520.739
 22  17    163.7     64.3   0.4838   0.3024   1.6000   1.2981  -520.739
 22  18    162.6     65.4   0.4465   0.2791   1.6000   1.1953  -515.644
 22  19    162.4     65.6   0.4533   0.2833   1.6000   1.2130  -515.552
 22  20    162.5     65.5   0.4240   0.2650   1.6000   1.1348  -509.973
 22  21    163.9     64.1   0.3657   0.2285   1.6000   0.9813  -502.957
 23   1    163.1     64.9   0.5699   0.3562   1.6000   1.5274  -543.114
 23   2    163.9     64.1   0.4943   0.3089   1.6000   1.3265  -531.226
 23   3    164.1     63.9   0.4990   0.3119   1.6000   1.3396  -523.777
 23   4    163.8     64.2   0.5313   0.3321   1.6000   1.4258  -528.797
 23   5    164.1     63.9   0.5009   0.3130   1.6000   1.3447  -524.530
 23   6    164.1     63.9   0.5009   0.3130   1.6000   1.3447  -524.530
 23   7    163.7     64.3   0.4707   0.2942   1.6000   1.2626  -519.209
 23   8    163.7     64.3   0.4707   0.2942   1.6000   1.2626  -519.209
 23   9    163.0     65.0   0.5332   0.3333   1.6000   1.4287  -531.725
 23  10    163.4     64.6   0.5450   0.3406   1.6000   1.4613  -530.210
 23  11    163.4     64.6   0.5450   0.3406   1.6000   1.4613  -530.210
 23  12    162.9     65.1   0.3469   0.2168   1.6000   0.9293  -490.052
 23  13    163.1     64.9   0.4956   0.3098   1.6000   1.3282  -522.999
 23  14    163.2     64.8   0.5229   0.3268   1.6000   1.4016  -526.610
 23  15    163.7     64.3   0.4838   0.3024   1.6000   1.2981  -520.739
 23  16    163.7     64.3   0.4838   0.3024   1.6000   1.2981  -520.739
 23  17    163.7     64.3   0.4838   0.3024   1.6000   1.2981  -520.739
 23  18    162.6     65.4   0.4465   0.2791   1.6000   1.1953  -515.644
 23  19    162.4     65.6   0.4533   0.2833   1.6000   1.2130  -515.552
 23  20    162.5     65.5   0.4240   0.2650   1.6000   1.1348  -509.973
 23  21    163.9     64.1   0.3657   0.2285   1.6000   0.9813  -502.957
 23  22    163.8     64.2   0.0000   0.0000   1.6000   0.0000  -306.459
 24   1    162.7     65.3   0.6185   0.3866   1.6000   1.6563  -549.330
 24   2    163.4     64.6   0.4703   0.2939   1.6000   1.2609  -522.731
 24   3    163.5     64.5   0.5277   0.3298   1.6000   1.4152  -529.531
 24   4    163.3     64.7   0.5852   0.3658   1.6000   1.5690  -539.503
 24   5    163.6     64.4   0.4887   0.3055   1.6000   1.3109  -525.200
 24   6    163.6     64.4   0.4887   0.3055   1.6000   1.3109  -525.200
 24   7    163.3     64.7   0.4687   0.2930   1.6000   1.2565  -520.879
 24   8    163.3     64.7   0.4687   0.2930   1.6000   1.2565  -520.879
 24   9    162.6     65.4   0.5267   0.3292   1.6000   1.4102  -534.617
 24  10    163.0     65.0   0.4811   0.3007   1.6000   1.2890  -526.033
 24  11    163.0     65.0   0.4811   0.3007   1.6000   1.2890  -526.033
 24  12    162.4     65.6   0.3706   0.2316   1.6000   0.9918  -501.064
 24  13    162.6     65.4   0.4412   0.2757   1.6000   1.1812  -512.385
 24  14    162.7     65.3   0.4570   0.2856   1.6000   1.2237  -514.849
 24  15    163.2     64.8   0.4207   0.2629   1.6000   1.1275  -508.575
 24  16    163.2     64.8   0.4207   0.2629   1.6000   1.1275  -508.575
 24  17    163.2     64.8   0.4207   0.2629   1.6000   1.1275  -508.575
 24  18    162.1     65.9   0.4181   0.2613   1.6000   1.1185  -510.890
 24  19    162.0     66.0   0.3992   0.2495   1.6000   1.0674  -508.755
 24  20    162.1     65.9   0.4154   0.2596   1.6000   1.1109  -510.111
 24  21    163.4     64.6   0.4344   0.2715   1.6000   1.1648  -509.340
 24  22    163.3     64.7   0.2945   0.1841   1.6000   0.7895  -476.239
 24  23    163.3     64.7   0.2945   0.1841   1.6000   0.7895  -476.239
 25   1    163.1     64.9   0.5747   0.3592   1.6000   1.5399  -542.533
 25   2    163.8     64.2   0.4705   0.2941   1.6000   1.2624  -523.717
 25   3    164.0     64.0   0.4795   0.2997   1.6000   1.2871  -518.163
 25   4    163.7     64.3   0.5161   0.3226   1.6000   1.3845  -529.759
 25   5    164.0     64.0   0.4033   0.2521   1.6000   1.0826  -504.206
 25   6    164.0     64.0   0.4033   0.2521   1.6000   1.0826  -504.206
 25   7    163.6     64.4   0.3865   0.2415   1.6000   1.0366  -501.314
 25   8    163.6     64.4   0.3865   0.2415   1.6000   1.0366  -501.314
 25   9    162.9     65.1   0.5052   0.3158   1.6000   1.3534  -527.109
 25  10    163.3     64.7   0.4730   0.2956   1.6000   1.2681  -517.985
 25  11    163.3     64.7   0.4730   0.2956   1.6000   1.2681  -517.985
 25  12    162.8     65.2   0.4040   0.2525   1.6000   1.0819  -502.386
 25  13    163.0     65.0   0.4966   0.3104   1.6000   1.3304  -522.000
 25  14    163.1     64.9   0.4758   0.2974   1.6000   1.2750  -519.548
 25  15    163.6     64.4   0.4656   0.2910   1.6000   1.2490  -516.996
 25  16    163.6     64.4   0.4656   0.2910   1.6000   1.2490  -516.996
 25  17    163.6     64.4   0.4656   0.2910   1.6000   1.2490  -516.996
 25  18    162.5     65.5   0.4060   0.2538   1.6000   1.0868  -506.463
 25  19    162.3     65.7   0.4229   0.2643   1.6000   1.1314  -511.291
 25  20    162.4     65.6   0.3362   0.2101   1.6000   0.8997  -490.094
 25  21    163.8     64.2   0.3603   0.2252   1.6000   0.9669  -485.754
 25  22    163.7     64.3   0.3075   0.1922   1.6000   0.8249  -478.708
 25  23    163.7     64.3   0.3075   0.1922   1.6000   0.8249  -478.708
 25  24    163.2     64.8   0.2961   0.1850   1.6000   0.7935  -481.724
 26   1    162.5     65.5   0.6919   0.4325   1.6000   1.8523  -555.489
 26   2    163.2     64.8   0.5538   0.3462   1.6000   1.4844  -533.794
 26   3    163.3     64.7   0.4735   0.2959   1.6000   1.2693  -517.249
 26   4    163.1     64.9   0.5278   0.3299   1.6000   1.4143  -527.222
 26   5    163.4     64.6   0.4119   0.2574   1.6000   1.1044  -509.642
 26   6    163.4     64.6   0.4119   0.2574   1.6000   1.1044  -509.642
 26   7    163.0     65.0   0.4098   0.2561   1.6000   1.0981  -510.079
 26   8    163.0     65.0   0.4098   0.2561   1.6000   1.0981  -510.079
 26   9    162.4     65.6   0.4883   0.3052   1.6000   1.3069  -526.819
 26  10    162.8     65.2   0.4690   0.2931   1.6000   1.2560  -520.059
 26  11    162.8     65.2   0.4690   0.2931   1.6000   1.2560  -520.059
 26  12    162.2     65.8   0.4472   0.2795   1.6000   1.1963  -518.431
 26  13    162.4     65.6   0.5600   0.3500   1.6000   1.4988  -531.908
 26  14    162.5     65.5   0.5122   0.3201   1.6000   1.3709  -523.167
 26  15    163.0     65.0   0.5013   0.3133   1.6000   1.3430  -520.843
 26  16    163.0     65.0   0.5013   0.3133   1.6000   1.3430  -520.843
 26  17    163.0     65.0   0.5013   0.3133   1.6000   1.3430  -520.843
 26  18    162.0     66.0   0.4344   0.2715   1.6000   1.1617  -510.596
 26  19    161.8     66.2   0.4564   0.2853   1.6000   1.2201  -516.950
 26  20    161.9     66.1   0.4110   0.2569   1.6000   1.0989  -503.917
 26  21    163.2     64.8   0.4236   0.2647   1.6000   1.1353  -509.523
 26  22    163.1     64.9   0.5773   0.3608   1.6000   1.5469  -537.488
 26  23    163.1     64.9   0.5773   0.3608   1.6000   1.5469  -537.488
 26  24    162.6     65.4   0.4770   0.2981   1.6000   1.2772  -522.501
 26  25    163.0     65.0   0.3691   0.2307   1.6000   0.9889  -499.085
 27   1    162.5     65.5   0.6919   0.4325   1.6000   1.8523  -555.489
 27   2    163.2     64.8   0.5538   0.3462   1.6000   1.4844  -533.794
 27   3    163.3     64.7   0.4735   0.2959   1.6000   1.2693  -517.249
 27   4    163.1     64.9   0.5278   0.3299   1.6000   1.4143  -527.222
 27   5    163.4     64.6   0.4119   0.2574   1.6000   1.1044  -509.642
 27   6    163.4     64.6   0.4119   0.2574   1.6000   1.1044  -509.642
 27   7    163.0     65.0   0.4098   0.2561   1.6000   1.0981  -510.079
 27   8    163.0     65.0   0.4098   0.2561   1.6000   1.0981  -510.079
 27   9    162.4     65.6   0.4883   0.3052   1.6000   1.3069  -526.819
 27  10    162.8     65.2   0.4690   0.2931   1.6000   1.2560  -520.059
 27  11    162.8     65.2   0.4690   0.2931   1.6000   1.2560  -520.059
 27  12    162.2     65.8   0.4472   0.2795   1.6000   1.1963  -518.431
 27  13    162.4     65.6   0.5600   0.3500   1.6000   1.4988  -531.908
 27  14    162.5     65.5   0.5122   0.3201   1.6000   1.3709  -523.167
 27  15    163.0     65.0   0.5013   0.3133   1.6000   1.3430  -520.843
 27  16    163.0     65.0   0.5013   0.3133   1.6000   1.3430  -520.843
 27  17    163.0     65.0   0.5013   0.3133   1.6000   1.3430  -520.843
 27  18    162.0     66.0   0.4344   0.2715   1.6000   1.1617  -510.596
 27  19    161.8     66.2   0.4564   0.2853   1.6000   1.2201  -516.950
 27  20    161.9     66.1   0.4110   0.2569   1.6000   1.0989  -503.917
 27  21    163.2     64.8   0.4236   0.2647   1.6000   1.1353  -509.523
 27  22    163.1     64.9   0.5773   0.3608   1.6000   1.5469  -537.488
 27  23    163.1     64.9   0.5773   0.3608   1.6000   1.5469  -537.488
 27  24    162.6     65.4   0.4770   0.2981   1.6000   1.2772  -522.501
 27  25    163.0     65.0   0.3691   0.2307   1.6000   0.9889  -499.085
 27  26    162.4     65.6   0.0000   0.0000   1.6000   0.0000  -307.863
 28   1    162.9     65.1   0.5959   0.3724   1.6000   1.5961  -542.737
 28   2    163.5     64.5   0.6107   0.3817   1.6000   1.6378  -542.674
 28   3    163.7     64.3   0.4839   0.3024   1.6000   1.2981  -520.878
 28   4    163.5     64.5   0.5512   0.3445   1.6000   1.4780  -536.506
 28   5    163.7     64.3   0.5080   0.3175   1.6000   1.3630  -525.844
 28   6    163.7     64.3   0.5080   0.3175   1.6000   1.3630  -525.844
 28   7    163.4     64.6   0.4607   0.2879   1.6000   1.2351  -518.582
 28   8    163.4     64.6   0.4607   0.2879   1.6000   1.2351  -518.582
 28   9    162.7     65.3   0.5296   0.3310   1.6000   1.4183  -530.544
 28  10    163.1     64.9   0.5038   0.3149   1.6000   1.3501  -525.238
 28  11    163.1     64.9   0.5038   0.3149   1.6000   1.3501  -525.238
 28  12    162.6     65.4   0.4618   0.2886   1.6000   1.2363  -519.972
 28  13    162.8     65.2   0.4592   0.2870   1.6000   1.2298  -513.482
 28  14    162.9     65.1   0.4452   0.2783   1.6000   1.1925  -508.388
 28  15    163.4     64.6   0.4094   0.2559   1.6000   1.0976  -502.318
 28  16    163.4     64.6   0.4094   0.2559   1.6000   1.0976  -502.318
 28  17    163.4     64.6   0.4094   0.2559   1.6000   1.0976  -502.318
 28  18    162.3     65.7   0.4542   0.2839   1.6000   1.2153  -511.381
 28  19    162.1     65.9   0.4385   0.2741   1.6000   1.1730  -514.410
 28  20    162.2     65.8   0.3919   0.2449   1.6000   1.0484  -497.827
 28  21    163.5     64.5   0.4469   0.2793   1.6000   1.1986  -516.794
 28  22    163.5     64.5   0.3644   0.2278   1.6000   0.9772  -495.193
 28  23    163.5     64.5   0.3644   0.2278   1.6000   0.9772  -495.193
 28  24    163.0     65.0   0.3374   0.2109   1.6000   0.9040  -488.269
 28  25    163.4     64.6   0.3894   0.2434   1.6000   1.0440  -504.155
 28  26    162.8     65.2   0.4041   0.2526   1.6000   1.0824  -505.101
 28  27    162.8     65.2   0.4041   0.2526   1.6000   1.0824  -505.101
 29   1    163.1     64.9   0.6098   0.3811   1.6000   1.6341  -547.785
 29   2    163.8     64.2   0.5937   0.3711   1.6000   1.5930  -540.491
 29   3    163.9     64.1   0.4630   0.2894   1.6000   1.2426  -518.224
 29   4    163.7     64.3   0.5238   0.3274   1.6000   1.4053  -529.396
 29   5    164.0     64.0   0.4680   0.2925   1.6000   1.2563  -518.754
 29   6    164.0     64.0   0.4680   0.2925   1.6000   1.2563  -518.754
 29   7    163.6     64.4   0.3977   0.2486   1.6000   1.0668  -506.176
 29   8    163.6     64.4   0.3977   0.2486   1.6000   1.0668  -506.176
 29   9    163.0     65.0   0.4937   0.3086   1.6000   1.3228  -525.131
 29  10    163.4     64.6   0.4568   0.2855   1.6000   1.2246  -515.564
 29  11    163.4     64.6   0.4568   0.2855   1.6000   1.2246  -515.564
 29  12    162.8     65.2   0.4037   0.2523   1.6000   1.0814  -511.807
 29  13    163.0     65.0   0.4315   0.2697   1.6000   1.1560  -510.865
 29  14    163.1     64.9   0.4504   0.2815   1.6000   1.2070  -513.312
 29  15    163.6     64.4   0.4307   0.2692   1.6000   1.1551  -509.345
 29  16    163.6     64.4   0.4307   0.2692   1.6000   1.1551  -509.345
 29  17    163.6     64.4   0.4307   0.2692   1.6000   1.1551  -509.345
 29  18    162.5     65.5   0.4511   0.2820   1.6000   1.2076  -515.711
 29  19    162.3     65.7   0.4779   0.2987   1.6000   1.2788  -521.709
 29  20    162.4     65.6   0.3837   0.2398   1.6000   1.0269  -497.211
 29  21    163.8     64.2   0.3531   0.2207   1.6000   0.9474  -499.381
 29  22    163.7     64.3   0.3276   0.2047   1.6000   0.8787  -493.171
 29  23    163.7     64.3   0.3276   0.2047   1.6000   0.8787  -493.171
 29  24    163.2     64.8   0.3667   0.2292   1.6000   0.9828  -498.139
 29  25    163.6     64.4   0.3816   0.2385   1.6000   1.0234  -505.406
 29  26    163.0     65.0   0.3600   0.2250   1.6000   0.9646  -497.403
 29  27    163.0     65.0   0.3600   0.2250   1.6000   0.9646  -497.403
 29  28    163.4     64.6   0.2291   0.1432   1.6000   0.6142  -452.694
 30   1    163.1     64.9   0.6098   0.3811   1.6000   1.6341  -547.785
 30   2    163.8     64.2   0.5937   0.3711   1.6000   1.5930  -540.491
 30   3    163.9     64.1   0.4630   0.2894   1.6000   1.2426  -518.224
 30   4    163.7     64.3   0.5238   0.3274   1.6000   1.4053  -529.396
 30   5    164.0     64.0   0.4680   0.2925   1.6000   1.2563  -518.754
 30   6    164.0     64.0   0.4680   0.2925   1.6000   1.2563  -518.754
 30   7    163.6     64.4   0.3977   0.2486   1.6000   1.0668  -506.176
 30   8    163.6     64.4   0.3977   0.2486   1.6000   1.0668  -506.176
 30   9    163.0     65.0   0.4937   0.3086   1.6000   1.3228  -525.131
 30  10    163.4     64.6   0.4568   0.2855   1.6000   1.2246  -515.564
 30  11    163.4     64.6   0.4568   0.2855   1.6000   1.2246  -515.564
 30  12    162.8     65.2   0.4037   0.2523   1.6000   1.0814  -511.807
 30  13    163.0     65.0   0.4315   0.2697   1.6000   1.1560  -510.865
 30  14    163.1     64.9   0.4504   0.2815   1.6000   1.2070  -513.312
 30  15    163.6     64.4   0.4307   0.2692   1.6000   1.1551  -509.345
 30  16    163.6     64.4   0.4307   0.2692   1.6000   1.1551  -509.345
 30  17    163.6     64.4   0.4307   0.2692   1.6000   1.1551  -509.345
 30  18    162.5     65.5   0.4511   0.2820   1.6000   1.2076  -515.711
 30  19    162.3     65.7   0.4779   0.2987   1.6000   1.2788  -521.709
 30  20    162.4     65.6   0.3837   0.2398   1.6000   1.0269  -497.211
 30  21    163.8     64.2   0.3531   0.2207   1.6000   0.9474  -499.381
 30  22    163.7     64.3   0.3276   0.2047   1.6000   0.8787  -493.171
 30  23    163.7     64.3   0.3276   0.2047   1.6000   0.8787  -493.171
 30  24    163.2     64.8   0.3667   0.2292   1.6000   0.9828  -498.139
 30  25    163.6     64.4   0.3816   0.2385   1.6000   1.0234  -505.406
 30  26    163.0     65.0   0.3600   0.2250   1.6000   0.9646  -497.403
 30  27    163.0     65.0   0.3600   0.2250   1.6000   0.9646  -497.403
 30  28    163.4     64.6   0.2291   0.1432   1.6000   0.6142  -452.694
 30  29    163.6     64.4   0.0000   0.0000   1.6000   0.0000  -306.145
 31   1    162.7     65.3   0.5386   0.3366   1.6000   1.4423  -537.582
 31   2    163.3     64.7   0.5915   0.3697   1.6000   1.5859  -539.727
 31   3    163.5     64.5   0.3680   0.2300   1.6000   0.9867  -495.954
 31   4    163.3     64.7   0.4786   0.2991   1.6000   1.2829  -524.280
 31   5    163.5     64.5   0.4207   0.2630   1.6000   1.1284  -507.197
 31   6    163.5     64.5   0.4207   0.2630   1.6000   1.1284  -507.197
 31   7    163.2     64.8   0.3909   0.2443   1.6000   1.0477  -502.006
 31   8    163.2     64.8   0.3909   0.2443   1.6000   1.0477  -502.006
 31   9    162.6     65.4   0.4677   0.2923   1.6000   1.2522  -519.568
 31  10    162.9     65.1   0.3910   0.2444   1.6000   1.0474  -502.322
 31  11    162.9     65.1   0.3910   0.2444   1.6000   1.0474  -502.322
 31  12    162.4     65.6   0.4212   0.2633   1.6000   1.1273  -515.135
 31  13    162.5     65.5   0.3848   0.2405   1.6000   1.0301  -501.210
 31  14    162.6     65.4   0.3816   0.2385   1.6000   1.0217  -498.211
 31  15    163.1     64.9   0.3721   0.2325   1.6000   0.9971  -495.226
 31  16    163.1     64.9   0.3721   0.2325   1.6000   0.9971  -495.226
 31  17    163.1     64.9   0.3721   0.2325   1.6000   0.9971  -495.226
 31  18    162.1     65.9   0.4020   0.2512   1.6000   1.0752  -504.796
 31  19    161.9     66.1   0.4015   0.2510   1.6000   1.0737  -507.705
 31  20    162.0     66.0   0.3974   0.2484   1.6000   1.0628  -498.636
 31  21    163.3     64.7   0.4112   0.2570   1.6000   1.1023  -508.332
 31  22    163.2     64.8   0.3835   0.2397   1.6000   1.0280  -502.040
 31  23    163.2     64.8   0.3835   0.2397   1.6000   1.0280  -502.040
 31  24    162.8     65.2   0.3775   0.2359   1.6000   1.0109  -499.799
 31  25    163.1     64.9   0.4045   0.2528   1.6000   1.0841  -507.065
 31  26    162.6     65.4   0.3499   0.2187   1.6000   0.9369  -493.638
 31  27    162.6     65.4   0.3499   0.2187   1.6000   0.9369  -493.638
 31  28    162.9     65.1   0.2441   0.1526   1.6000   0.6540  -456.598
 31  29    163.2     64.8   0.1999   0.1250   1.6000   0.5359  -436.754
 31  30    163.2     64.8   0.1999   0.1250   1.6000   0.5359  -436.754
 32   1    162.6     65.4   0.5950   0.3719   1.6000   1.5931  -545.940
 32   2    163.2     64.8   0.5813   0.3633   1.6000   1.5582  -541.912
 32   3    163.3     64.7   0.3868   0.2418   1.6000   1.0370  -505.998
 32   4    163.1     64.9   0.4834   0.3022   1.6000   1.2956  -529.559
 32   5    163.4     64.6   0.4106   0.2566   1.6000   1.1009  -516.403
 32   6    163.4     64.6   0.4106   0.2566   1.6000   1.1009  -516.403
 32   7    163.1     64.9   0.3443   0.2152   1.6000   0.9225  -502.966
 32   8    163.1     64.9   0.3443   0.2152   1.6000   0.9225  -502.966
 32   9    162.4     65.6   0.4972   0.3107   1.6000   1.3307  -531.212
 32  10    162.8     65.2   0.3918   0.2449   1.6000   1.0494  -512.505
 32  11    162.8     65.2   0.3918   0.2449   1.6000   1.0494  -512.505
 32  12    162.3     65.7   0.4009   0.2506   1.6000   1.0726  -514.229
 32  13    162.4     65.6   0.4378   0.2736   1.6000   1.1716  -515.362
 32  14    162.5     65.5   0.4624   0.2890   1.6000   1.2378  -516.854
 32  15    163.0     65.0   0.4521   0.2826   1.6000   1.2114  -514.704
 32  16    163.0     65.0   0.4521   0.2826   1.6000   1.2114  -514.704
 32  17    163.0     65.0   0.4521   0.2826   1.6000   1.2114  -514.704
 32  18    162.0     66.0   0.4201   0.2625   1.6000   1.1234  -510.581
 32  19    161.8     66.2   0.4282   0.2676   1.6000   1.1447  -513.213
 32  20    161.9     66.1   0.3891   0.2432   1.6000   1.0405  -503.463
 32  21    163.2     64.8   0.4699   0.2937   1.6000   1.2596  -521.535
 32  22    163.1     64.9   0.3583   0.2239   1.6000   0.9601  -497.388
 32  23    163.1     64.9   0.3583   0.2239   1.6000   0.9601  -497.388
 32  24    162.7     65.3   0.3722   0.2326   1.6000   0.9965  -502.846
 32  25    163.0     65.0   0.3579   0.2237   1.6000   0.9589  -503.498
 32  26    162.5     65.5   0.3445   0.2153   1.6000   0.9222  -495.104
 32  27    162.5     65.5   0.3445   0.2153   1.6000   0.9222  -495.104
 32  28    162.8     65.2   0.2654   0.1659   1.6000   0.7109  -466.000
 32  29    163.1     64.9   0.1929   0.1205   1.6000   0.5168  -435.720
 32  30    163.1     64.9   0.1929   0.1205   1.6000   0.5168  -435.720
 32  31    162.6     65.4   0.2291   0.1432   1.6000   0.6135  -451.483
 33   1    162.0     66.0   0.5872   0.3670   1.6000   1.5703  -544.270
 33   2    162.6     65.4   0.6373   0.3983   1.6000   1.7063  -549.516
 33   3    162.7     65.3   0.4716   0.2947   1.6000   1.2628  -516.333
 33   4    162.5     65.5   0.4904   0.3065   1.6000   1.3127  -524.392
 33   5    162.8     65.2   0.5320   0.3325   1.6000   1.4248  -531.280
 33   6    162.8     65.2   0.5320   0.3325   1.6000   1.4248  -531.280
 33   7    162.4     65.6   0.5069   0.3168   1.6000   1.3568  -527.290
 33   8    162.4     65.6   0.5069   0.3168   1.6000   1.3568  -527.290
 33   9    161.8     66.2   0.5325   0.3328   1.6000   1.4236  -534.318
 33  10    162.2     65.8   0.5053   0.3158   1.6000   1.3517  -526.753
 33  11    162.2     65.8   0.5053   0.3158   1.6000   1.3517  -526.753
 33  12    161.6     66.4   0.3994   0.2496   1.6000   1.0675  -505.460
 33  13    161.8     66.2   0.4528   0.2830   1.6000   1.2104  -509.290
 33  14    161.9     66.1   0.5123   0.3202   1.6000   1.3697  -520.594
 33  15    162.4     65.6   0.5024   0.3140   1.6000   1.3445  -519.038
 33  16    162.4     65.6   0.5024   0.3140   1.6000   1.3445  -519.038
 33  17    162.4     65.6   0.5024   0.3140   1.6000   1.3445  -519.038
 33  18    161.3     66.7   0.4338   0.2711   1.6000   1.1588  -510.176
 33  19    161.2     66.8   0.3944   0.2465   1.6000   1.0531  -501.188
 33  20    161.2     66.8   0.4230   0.2644   1.6000   1.1296  -509.061
 33  21    162.6     65.4   0.3908   0.2443   1.6000   1.0463  -502.846
 33  22    162.5     65.5   0.3580   0.2237   1.6000   0.9582  -496.653
 33  23    162.5     65.5   0.3580   0.2237   1.6000   0.9582  -496.653
 33  24    162.1     65.9   0.3759   0.2349   1.6000   1.0053  -501.714
 33  25    162.4     65.6   0.4011   0.2507   1.6000   1.0733  -505.894
 33  26    161.9     66.1   0.4314   0.2696   1.6000   1.1534  -512.155
 33  27    161.9     66.1   0.4314   0.2696   1.6000   1.1534  -512.155
 33  28    162.2     65.8   0.3608   0.2255   1.6000   0.9653  -495.811
 33  29    162.4     65.6   0.3789   0.2368   1.6000   1.0142  -500.160
 33  30    162.4     65.6   0.3789   0.2368   1.6000   1.0142  -500.160
 33  31    162.0     66.0   0.3752   0.2345   1.6000   1.0034  -501.958
 33  32    161.9     66.1   0.3123   0.1952   1.6000   0.8351  -490.029
 34   1    162.0     66.0   0.5872   0.3670   1.6000   1.5703  -544.270
 34   2    162.6     65.4   0.6373   0.3983   1.6000   1.7063  -549.516
 34   3    162.7     65.3   0.4716   0.2947   1.6000   1.2628  -516.333
 34   4    162.5     65.5   0.4904   0.3065   1.6000   1.3127  -524.392
 34   5    162.8     65.2   0.5320   0.3325   1.6000   1.4248  -531.280
 34   6    162.8     65.2   0.5320   0.3325   1.6000   1.4248  -531.280
 34   7    162.4     65.6   0.5069   0.3168   1.6000   1.3568  -527.290
 34   8    162.4     65.6   0.5069   0.3168   1.6000   1.3568  -527.290
 34   9    161.8     66.2   0.5325   0.3328   1.6000   1.4236  -534.318
 34  10    162.2     65.8   0.5053   0.3158   1.6000   1.3517  -526.753
 34  11    162.2     65.8   0.5053   0.3158   1.6000   1.3517  -526.753
 34  12    161.6     66.4   0.3994   0.2496   1.6000   1.0675  -505.460
 34  13    161.8     66.2   0.4528   0.2830   1.6000   1.2104  -509.290
 34  14    161.9     66.1   0.5123   0.3202   1.6000   1.3697  -520.594
 34  15    162.4     65.6   0.5024   0.3140   1.6000   1.3445  -519.038
 34  16    162.4     65.6   0.5024   0.3140   1.6000   1.3445  -519.038
 34  17    162.4     65.6   0.5024   0.3140   1.6000   1.3445  -519.038
 34  18    161.3     66.7   0.4338   0.2711   1.6000   1.1588  -510.176
 34  19    161.2     66.8   0.3944   0.2465   1.6000   1.0531  -501.188
 34  20    161.2     66.8   0.4230   0.2644   1.6000   1.1296  -509.061
 34  21    162.6     65.4   0.3908   0.2443   1.6000   1.0463  -502.846
 34  22    162.5     65.5   0.3580   0.2237   1.6000   0.9582  -496.653
 34  23    162.5     65.5   0.3580   0.2237   1.6000   0.9582  -496.653
 34  24    162.1     65.9   0.3759   0.2349   1.6000   1.0053  -501.714
 34  25    162.4     65.6   0.4011   0.2507   1.6000   1.0733  -505.894
 34  26    161.9     66.1   0.4314   0.2696   1.6000   1.1534  -512.155
 34  27    161.9     66.1   0.4314   0.2696   1.6000   1.1534  -512.155
 34  28    162.2     65.8   0.3608   0.2255   1.6000   0.9653  -495.811
 34  29    162.4     65.6   0.3789   0.2368   1.6000   1.0142  -500.160
 34  30    162.4     65.6   0.3789   0.2368   1.6000   1.0142  -500.160
 34  31    162.0     66.0   0.3752   0.2345   1.6000   1.0034  -501.958
 34  32    161.9     66.1   0.3123   0.1952   1.6000   0.8351  -490.029
 34  33    161.2     66.8   0.0000   0.0000   1.6000   0.0000  -308.944
 35   1    162.5     65.5   0.6271   0.3920   1.6000   1.6788  -548.781
 35   2    163.3     64.7   0.6020   0.3763   1.6000   1.6137  -544.216
 35   3    163.4     64.6   0.4468   0.2793   1.6000   1.1981  -516.538
 35   4    163.2     64.8   0.4987   0.3117   1.6000   1.3367  -525.765
 35   5    163.5     64.5   0.4518   0.2824   1.6000   1.2115  -516.828
 35   6    163.5     64.5   0.4518   0.2824   1.6000   1.2115  -516.828
 35   7    163.1     64.9   0.4102   0.2564   1.6000   1.0993  -508.781
 35   8    163.1     64.9   0.4102   0.2564   1.6000   1.0993  -508.781
 35   9    162.4     65.6   0.5021   0.3138   1.6000   1.3439  -529.443
 35  10    162.8     65.2   0.4327   0.2704   1.6000   1.1588  -513.691
 35  11    162.8     65.2   0.4327   0.2704   1.6000   1.1588  -513.691
 35  12    162.2     65.8   0.3203   0.2002   1.6000   0.8571  -480.638
 35  13    162.4     65.6   0.4419   0.2762   1.6000   1.1827  -510.812
 35  14    162.5     65.5   0.4681   0.2926   1.6000   1.2532  -515.922
 35  15    163.1     64.9   0.4496   0.2810   1.6000   1.2049  -512.050
 35  16    163.1     64.9   0.4496   0.2810   1.6000   1.2049  -512.050
 35  17    163.1     64.9   0.4496   0.2810   1.6000   1.2049  -512.050
 35  18    161.9     66.1   0.4413   0.2758   1.6000   1.1799  -513.438
 35  19    161.7     66.3   0.3813   0.2383   1.6000   1.0193  -497.973
 35  20    161.8     66.2   0.3841   0.2401   1.6000   1.0270  -502.898
 35  21    163.3     64.7   0.3968   0.2480   1.6000   1.0635  -504.693
 35  22    163.2     64.8   0.3821   0.2388   1.6000   1.0240  -500.394
 35  23    163.2     64.8   0.3821   0.2388   1.6000   1.0240  -500.394
 35  24    162.7     65.3   0.3769   0.2355   1.6000   1.0091  -497.158
 35  25    163.1     64.9   0.3358   0.2099   1.6000   0.8997  -488.659
 35  26    162.4     65.6   0.4004   0.2503   1.6000   1.0717  -505.887
 35  27    162.4     65.6   0.4004   0.2503   1.6000   1.0717  -505.887
 35  28    162.8     65.2   0.3908   0.2442   1.6000   1.0467  -504.024
 35  29    163.1     64.9   0.3572   0.2232   1.6000   0.9571  -499.722
 35  30    163.1     64.9   0.3572   0.2232   1.6000   0.9571  -499.722
 35  31    162.6     65.4   0.3795   0.2372   1.6000   1.0161  -506.435
 35  32    162.5     65.5   0.2913   0.1821   1.6000   0.7798  -482.431
 35  33    161.8     66.2   0.3007   0.1879   1.6000   0.8040  -474.627
 35  34    161.8     66.2   0.3007   0.1879   1.6000   0.8040  -474.627
 36   1    163.4     64.6   0.5145   0.3216   1.6000   1.3795  -529.417
 36   2    164.1     63.9   0.5477   0.3423   1.6000   1.4702  -533.320
 36   3    164.2     63.8   0.4986   0.3117   1.6000   1.3390  -519.596
 36   4    164.0     64.0   0.4904   0.3065   1.6000   1.3163  -522.065
 36   5    164.3     63.7   0.4948   0.3092   1.6000   1.3287  -521.721
 36   6    164.3     63.7   0.4948   0.3092   1.6000   1.3287  -521.721
 36   7    163.9     64.1   0.4311   0.2695   1.6000   1.1571  -511.502
 36   8    163.9     64.1   0.4311   0.2695   1.6000   1.1571  -511.502
 36   9    163.3     64.7   0.5784   0.3615   1.6000   1.5504  -537.993
 36  10    163.6     64.4   0.4912   0.3070   1.6000   1.3176  -521.493
 36  11    163.6     64.4   0.4912   0.3070   1.6000   1.3176  -521.493
 36  12    163.1     64.9   0.3637   0.2273   1.6000   0.9748  -494.198
 36  13    163.3     64.7   0.4286   0.2678   1.6000   1.1488  -506.748
 36  14    163.4     64.6   0.4363   0.2727   1.6000   1.1697  -508.641
 36  15    163.9     64.1   0.4176   0.2610   1.6000   1.1207  -504.710
 36  16    163.9     64.1   0.4176   0.2610   1.6000   1.1207  -504.710
 36  17    163.9     64.1   0.4176   0.2610   1.6000   1.1207  -504.710
 36  18    162.8     65.2   0.4184   0.2615   1.6000   1.1205  -504.356
 36  19    162.6     65.4   0.3980   0.2488   1.6000   1.0657  -500.080
 36  20    162.7     65.3   0.4129   0.2581   1.6000   1.1058  -503.855
 36  21    164.1     63.9   0.3045   0.1903   1.6000   0.8175  -476.992
 36  22    164.0     64.0   0.3301   0.2063   1.6000   0.8859  -489.038
 36  23    164.0     64.0   0.3301   0.2063   1.6000   0.8859  -489.038
 36  24    163.5     64.5   0.3613   0.2258   1.6000   0.9690  -492.378
 36  25    163.9     64.1   0.3309   0.2068   1.6000   0.8879  -481.834
 36  26    163.3     64.7   0.3860   0.2412   1.6000   1.0347  -497.316
 36  27    163.3     64.7   0.3860   0.2412   1.6000   1.0347  -497.316
 36  28    163.7     64.3   0.2968   0.1855   1.6000   0.7963  -478.248
 36  29    163.9     64.1   0.3461   0.2163   1.6000   0.9288  -493.052
 36  30    163.9     64.1   0.3461   0.2163   1.6000   0.9288  -493.052
 36  31    163.4     64.6   0.3607   0.2254   1.6000   0.9672  -495.431
 36  32    163.3     64.7   0.3227   0.2017   1.6000   0.8650  -489.921
 36  33    162.7     65.3   0.2378   0.1486   1.6000   0.6369  -454.585
 36  34    162.7     65.3   0.2378   0.1486   1.6000   0.6369  -454.585
 36  35    163.4     64.6   0.2609   0.1631   1.6000   0.6995  -461.935
 37   1    163.1     64.9   0.6396   0.3997   1.6000   1.7140  -551.181
 37   2    163.9     64.1   0.6100   0.3813   1.6000   1.6371  -540.262
 37   3    164.1     63.9   0.4409   0.2755   1.6000   1.1835  -514.271
 37   4    163.8     64.2   0.4889   0.3056   1.6000   1.3118  -525.446
 37   5    164.1     63.9   0.4907   0.3067   1.6000   1.3174  -524.605
 37   6    164.1     63.9   0.4907   0.3067   1.6000   1.3174  -524.605
 37   7    163.7     64.3   0.4562   0.2851   1.6000   1.2237  -519.041
 37   8    163.7     64.3   0.4562   0.2851   1.6000   1.2237  -519.041
 37   9    163.0     65.0   0.5887   0.3680   1.6000   1.5774  -541.537
 37  10    163.4     64.6   0.5370   0.3356   1.6000   1.4398  -532.233
 37  11    163.4     64.6   0.5370   0.3356   1.6000   1.4398  -532.233
 37  12    162.9     65.1   0.3646   0.2279   1.6000   0.9767  -502.213
 37  13    163.1     64.9   0.4341   0.2713   1.6000   1.1632  -512.205
 37  14    163.2     64.8   0.4449   0.2781   1.6000   1.1925  -515.056
 37  15    163.7     64.3   0.4351   0.2719   1.6000   1.1673  -512.861
 37  16    163.7     64.3   0.4351   0.2719   1.6000   1.1673  -512.861
 37  17    163.7     64.3   0.4351   0.2719   1.6000   1.1673  -512.861
 37  18    162.5     65.5   0.4295   0.2684   1.6000   1.1496  -515.724
 37  19    162.3     65.7   0.4459   0.2787   1.6000   1.1933  -516.982
 37  20    162.4     65.6   0.4792   0.2995   1.6000   1.2825  -515.688
 37  21    163.9     64.1   0.3455   0.2160   1.6000   0.9273  -486.457
 37  22    163.8     64.2   0.4341   0.2713   1.6000   1.1649  -515.716
 37  23    163.8     64.2   0.4341   0.2713   1.6000   1.1649  -515.716
 37  24    163.3     64.7   0.3988   0.2492   1.6000   1.0690  -504.271
 37  25    163.7     64.3   0.2858   0.1786   1.6000   0.7668  -471.217
 37  26    163.0     65.0   0.3942   0.2464   1.6000   1.0562  -506.355
 37  27    163.0     65.0   0.3942   0.2464   1.6000   1.0562  -506.355
 37  28    163.4     64.6   0.4068   0.2542   1.6000   1.0907  -504.322
 37  29    163.7     64.3   0.4020   0.2513   1.6000   1.0785  -508.563
 37  30    163.7     64.3   0.4020   0.2513   1.6000   1.0785  -508.563
 37  31    163.2     64.8   0.4251   0.2657   1.6000   1.1394  -511.403
 37  32    163.1     64.9   0.3209   0.2006   1.6000   0.8600  -495.824
 37  33    162.4     65.6   0.2269   0.1418   1.6000   0.6074  -455.623
 37  34    162.4     65.6   0.2269   0.1418   1.6000   0.6074  -455.623
 37  35    163.2     64.8   0.2705   0.1690   1.6000   0.7249  -468.606
 37  36    164.0     64.0   0.1647   0.1029   1.6000   0.4420  -426.059
 38   1    163.2     64.8   0.6203   0.3877   1.6000   1.6627  -546.349
 38   2    163.9     64.1   0.5615   0.3510   1.6000   1.5071  -531.992
 38   3    164.1     63.9   0.4903   0.3064   1.6000   1.3162  -516.534
 38   4    163.8     64.2   0.5746   0.3592   1.6000   1.5420  -530.623
 38   5    164.2     63.8   0.5061   0.3163   1.6000   1.3588  -524.020
 38   6    164.2     63.8   0.5061   0.3163   1.6000   1.3588  -524.020
 38   7    163.7     64.3   0.5136   0.3210   1.6000   1.3778  -524.990
 38   8    163.7     64.3   0.5136   0.3210   1.6000   1.3778  -524.990
 38   9    163.1     64.9   0.5956   0.3722   1.6000   1.5959  -539.311
 38  10    163.5     64.5   0.5416   0.3385   1.6000   1.4523  -529.289
 38  11    163.5     64.5   0.5416   0.3385   1.6000   1.4523  -529.289
 38  12    163.0     65.0   0.3471   0.2169   1.6000   0.9300  -494.316
 38  13    163.2     64.8   0.4401   0.2751   1.6000   1.1796  -511.874
 38  14    163.3     64.7   0.4812   0.3008   1.6000   1.2900  -519.805
 38  15    163.8     64.2   0.4505   0.2816   1.6000   1.2088  -514.490
 38  16    163.8     64.2   0.4505   0.2816   1.6000   1.2088  -514.490
 38  17    163.8     64.2   0.4505   0.2816   1.6000   1.2088  -514.490
 38  18    162.6     65.4   0.3965   0.2478   1.6000   1.0615  -505.868
 38  19    162.5     65.5   0.3731   0.2332   1.6000   0.9986  -499.209
 38  20    162.5     65.5   0.3974   0.2484   1.6000   1.0638  -496.406
 38  21    163.9     64.1   0.3346   0.2091   1.6000   0.8979  -485.591
 38  22    163.9     64.1   0.3349   0.2093   1.6000   0.8989  -491.334
 38  23    163.9     64.1   0.3349   0.2093   1.6000   0.8989  -491.334
 38  24    163.4     64.6   0.3756   0.2347   1.6000   1.0070  -497.118
 38  25    163.8     64.2   0.3541   0.2213   1.6000   0.9502  -488.305
 38  26    163.1     64.9   0.3431   0.2144   1.6000   0.9194  -492.056
 38  27    163.1     64.9   0.3431   0.2144   1.6000   0.9194  -492.056
 38  28    163.5     64.5   0.3752   0.2345   1.6000   1.0062  -495.574
 38  29    163.8     64.2   0.3583   0.2240   1.6000   0.9615  -494.800
 38  30    163.8     64.2   0.3583   0.2240   1.6000   0.9615  -494.800
 38  31    163.3     64.7   0.3782   0.2364   1.6000   1.0139  -497.798
 38  32    163.2     64.8   0.3348   0.2092   1.6000   0.8972  -491.449
 38  33    162.5     65.5   0.2140   0.1337   1.6000   0.5728  -447.770
 38  34    162.5     65.5   0.2140   0.1337   1.6000   0.5728  -447.770
 38  35    163.3     64.7   0.2930   0.1831   1.6000   0.7853  -472.383
 38  36    164.1     63.9   0.1608   0.1005   1.6000   0.4316  -425.260
 38  37    163.9     64.1   0.1110   0.0694   1.6000   0.2979  -400.259

