Supplemental results for CODEML (seqf: /gpfs/scratch/cltucker/EBH381-Group-Project/SIV_aligned_GAG.fas  treef: )


pairwise comparison (Goldman & Yang 1994)
seq seq        N       S       dN       dS     dN/dS   Paras.
  2   1    570.7    230.3   0.0578  57.8237   0.0010  50.0000 -1998.190
  3   1    571.0    230.0   0.0579  57.8894   0.0010  50.0000 -2066.695
  3   2    571.2    229.8   0.0580  57.9516   0.0010  50.0000 -1984.334
  4   1    570.3    230.7   0.0577  57.7192   0.0010  50.0000 -2043.162
  4   2    570.5    230.5   0.0578  57.7824   0.0010  50.0000 -1941.540
  4   3    570.8    230.2   0.0578  57.8472   0.0010  50.0000 -1820.888
  5   1    571.6    229.4   0.0581  58.0623   0.0010  50.0000 -2032.747
  5   2    571.9    229.1   0.0581  58.1232   0.0010  50.0000 -1975.561
  5   3    572.2    228.8   0.0582  58.1992   0.0010  50.0000 -1841.306
  5   4    571.5    229.5   0.0580  58.0189   0.0010  50.0000 -1787.353
  6   1    571.6    229.4   0.0581  58.0623   0.0010  50.0000 -2032.747
  6   2    571.9    229.1   0.0581  58.1232   0.0010  50.0000 -1975.561
  6   3    572.2    228.8   0.0582  58.1992   0.0010  50.0000 -1841.306
  6   4    571.5    229.5   0.0580  58.0189   0.0010  50.0000 -1787.353
  6   5    572.9    228.1   0.0000   0.0000   0.0010   0.0000 -1069.542
  7   1    571.8    229.2   0.0581  58.1020   0.0010  50.0000 -1994.476
  7   2    572.0    229.0   0.0582  58.1627   0.0010  50.0000 -1969.255
  7   3    572.3    228.7   0.0582  58.2388   0.0010  50.0000 -1809.198
  7   4    571.6    229.4   0.0581  58.0585   0.0010  50.0000 -1786.420
  7   5    573.1    227.9   0.0002   0.1942   0.0010   0.1662 -1415.099
  7   6    573.1    227.9   0.0002   0.1942   0.0010   0.1662 -1415.099
  8   1    571.8    229.2   0.0581  58.1020   0.0010  50.0000 -1994.476
  8   2    572.0    229.0   0.0582  58.1627   0.0010  50.0000 -1969.255
  8   3    572.3    228.7   0.0582  58.2388   0.0010  50.0000 -1809.198
  8   4    571.6    229.4   0.0581  58.0585   0.0010  50.0000 -1786.420
  8   5    573.1    227.9   0.0002   0.1942   0.0010   0.1662 -1415.099
  8   6    573.1    227.9   0.0002   0.1942   0.0010   0.1662 -1415.099
  8   7    573.2    227.8   0.0000   0.0000   0.0010   0.0000 -1069.482
  9   1    571.7    229.3   0.0581  58.0644   0.0010  50.0000 -2036.970
  9   2    571.9    229.1   0.0581  58.1264   0.0010  50.0000 -1966.802
  9   3    572.2    228.8   0.0582  58.1967   0.0010  50.0000 -1789.982
  9   4    571.5    229.5   0.0580  58.0221   0.0010  50.0000 -1781.901
  9   5    572.9    228.1   0.0584  58.3762   0.0010  50.0000 -1655.424
  9   6    572.9    228.1   0.0584  58.3762   0.0010  50.0000 -1655.424
  9   7    573.0    228.0   0.0584  58.4160   0.0010  50.0000 -1641.187
  9   8    573.0    228.0   0.0584  58.4160   0.0010  50.0000 -1641.187
 10   1    571.2    229.8   0.0579  57.9449   0.0010  50.0000 -2037.824
 10   2    571.4    229.6   0.0580  58.0073   0.0010  50.0000 -1956.943
 10   3    571.7    229.3   0.0581  58.0773   0.0010  50.0000 -1768.047
 10   4    571.0    230.0   0.0579  57.9026   0.0010  50.0000 -1753.790
 10   5    572.4    228.6   0.0006   0.5802   0.0010   0.4980 -1691.116
 10   6    572.4    228.6   0.0006   0.5802   0.0010   0.4980 -1691.116
 10   7    572.6    228.4   0.0006   0.5515   0.0010   0.4731 -1663.016
 10   8    572.6    228.4   0.0006   0.5515   0.0010   0.4731 -1663.016
 10   9    572.4    228.6   0.0005   0.5246   0.0010   0.4503 -1692.905
 11   1    571.1    229.9   0.0579  57.9350   0.0010  50.0000 -2034.084
 11   2    571.4    229.6   0.0580  57.9972   0.0010  50.0000 -1949.474
 11   3    571.7    229.3   0.0581  58.0681   0.0010  50.0000 -1768.071
 11   4    571.0    230.0   0.0579  57.8925   0.0010  50.0000 -1752.277
 11   5    572.4    228.6   0.0006   0.6190   0.0010   0.5314 -1705.060
 11   6    572.4    228.6   0.0006   0.6190   0.0010   0.5314 -1705.060
 11   7    572.5    228.5   0.0006   0.5524   0.0010   0.4738 -1661.933
 11   8    572.5    228.5   0.0006   0.5524   0.0010   0.4738 -1661.933
 11   9    572.4    228.6   0.0005   0.5259   0.0010   0.4515 -1691.270
 11  10    571.9    229.1   0.0000   0.0174   0.0010   0.0150 -1108.900
 12   1    570.5    230.5   0.0578  57.7829   0.0010  50.0000 -2117.741
 12   2    570.8    230.2   0.0578  57.8467   0.0010  50.0000 -2066.601
 12   3    571.0    230.0   0.0579  57.9111   0.0010  50.0000 -2181.578
 12   4    570.4    230.6   0.0577  57.7417   0.0010  50.0000 -2151.458
 12   5    571.7    229.3   0.0581  58.0803   0.0010  50.0000 -2179.894
 12   6    571.7    229.3   0.0581  58.0803   0.0010  50.0000 -2179.894
 12   7    571.9    229.1   0.0581  58.1209   0.0010  50.0000 -2202.396
 12   8    571.9    229.1   0.0581  58.1209   0.0010  50.0000 -2202.396
 12   9    571.7    229.3   0.0581  58.0835   0.0010  50.0000 -2161.960
 12  10    571.2    229.8   0.0580  57.9610   0.0010  50.0000 -2150.469
 12  11    571.2    229.8   0.0580  57.9506   0.0010  50.0000 -2156.683
 13   1    570.0    231.0   0.0576  57.6420   0.0010  50.0000 -2100.586
 13   2    570.2    230.8   0.0577  57.7054   0.0010  50.0000 -2121.079
 13   3    570.5    230.5   0.0578  57.7707   0.0010  50.0000 -2162.406
 13   4    569.8    231.2   0.0576  57.6005   0.0010  50.0000 -2162.671
 13   5    571.2    229.8   0.0579  57.9422   0.0010  50.0000 -2165.635
 13   6    571.2    229.8   0.0579  57.9422   0.0010  50.0000 -2165.635
 13   7    571.3    229.7   0.0580  57.9825   0.0010  50.0000 -2161.157
 13   8    571.3    229.7   0.0580  57.9825   0.0010  50.0000 -2161.157
 13   9    571.2    229.8   0.0579  57.9449   0.0010  50.0000 -2132.605
 13  10    570.7    230.3   0.0578  57.8238   0.0010  50.0000 -2123.489
 13  11    570.7    230.3   0.0578  57.8136   0.0010  50.0000 -2129.589
 13  12    570.0    231.0   0.0577  57.6614   0.0010  50.0000 -1891.631
 14   1    569.7    231.3   0.0576  57.5869   0.0010  50.0000 -2088.863
 14   2    570.0    231.0   0.0576  57.6498   0.0010  50.0000 -2114.406
 14   3    570.3    230.7   0.0577  57.7186   0.0010  50.0000 -2146.706
 14   4    569.6    231.4   0.0575  57.5447   0.0010  50.0000 -2149.521
 14   5    571.0    230.0   0.0579  57.8956   0.0010  50.0000 -2157.873
 14   6    571.0    230.0   0.0579  57.8956   0.0010  50.0000 -2157.873
 14   7    571.1    229.9   0.0579  57.9361   0.0010  50.0000 -2147.560
 14   8    571.1    229.9   0.0579  57.9361   0.0010  50.0000 -2147.560
 14   9    571.0    230.0   0.0579  57.8940   0.0010  50.0000 -2113.083
 14  10    570.5    230.5   0.0578  57.7722   0.0010  50.0000 -2107.406
 14  11    570.5    230.5   0.0578  57.7626   0.0010  50.0000 -2113.488
 14  12    569.8    231.2   0.0576  57.6053   0.0010  50.0000 -1919.897
 14  13    569.3    231.7   0.0001   0.1094   0.0010   0.0951 -1297.355
 15   1    569.8    231.2   0.0576  57.5982   0.0010  50.0000 -2096.072
 15   2    570.0    231.0   0.0577  57.6610   0.0010  50.0000 -2103.351
 15   3    570.3    230.7   0.0577  57.7293   0.0010  50.0000 -2150.961
 15   4    569.6    231.4   0.0576  57.5561   0.0010  50.0000 -2164.733
 15   5    571.0    230.0   0.0579  57.9060   0.0010  50.0000 -2163.838
 15   6    571.0    230.0   0.0579  57.9060   0.0010  50.0000 -2163.838
 15   7    571.2    229.8   0.0579  57.9461   0.0010  50.0000 -2156.909
 15   8    571.2    229.8   0.0579  57.9461   0.0010  50.0000 -2156.909
 15   9    571.0    230.0   0.0579  57.9051   0.0010  50.0000 -2130.716
 15  10    570.5    230.5   0.0578  57.7843   0.0010  50.0000 -2132.156
 15  11    570.5    230.5   0.0578  57.7747   0.0010  50.0000 -2138.228
 15  12    569.9    231.1   0.0576  57.6186   0.0010  50.0000 -1928.328
 15  13    569.3    231.7   0.0001   0.1151   0.0010   0.1002 -1299.190
 15  14    569.1    231.9   0.0001   0.0690   0.0010   0.0601 -1223.817
 16   1    569.8    231.2   0.0576  57.6109   0.0010  50.0000 -2087.048
 16   2    570.1    230.9   0.0577  57.6738   0.0010  50.0000 -2093.991
 16   3    570.4    230.6   0.0577  57.7419   0.0010  50.0000 -2149.064
 16   4    569.7    231.3   0.0576  57.5689   0.0010  50.0000 -2155.386
 16   5    571.1    229.9   0.0579  57.9182   0.0010  50.0000 -2162.267
 16   6    571.1    229.9   0.0579  57.9182   0.0010  50.0000 -2162.267
 16   7    571.2    229.8   0.0580  57.9584   0.0010  50.0000 -2155.337
 16   8    571.2    229.8   0.0580  57.9584   0.0010  50.0000 -2155.337
 16   9    571.1    229.9   0.0579  57.9174   0.0010  50.0000 -2121.722
 16  10    570.6    230.4   0.0578  57.7963   0.0010  50.0000 -2123.133
 16  11    570.5    230.5   0.0578  57.7866   0.0010  50.0000 -2129.212
 16  12    569.9    231.1   0.0576  57.6305   0.0010  50.0000 -1918.903
 16  13    569.4    231.6   0.0001   0.1046   0.0010   0.0910 -1277.901
 16  14    569.1    231.9   0.0001   0.0593   0.0010   0.0516 -1201.487
 16  15    569.2    231.8   0.0000   0.0087   0.0010   0.0076 -1099.792
 17   1    569.8    231.2   0.0576  57.6109   0.0010  50.0000 -2087.048
 17   2    570.1    230.9   0.0577  57.6738   0.0010  50.0000 -2093.991
 17   3    570.4    230.6   0.0577  57.7419   0.0010  50.0000 -2149.064
 17   4    569.7    231.3   0.0576  57.5689   0.0010  50.0000 -2155.386
 17   5    571.1    229.9   0.0579  57.9182   0.0010  50.0000 -2162.267
 17   6    571.1    229.9   0.0579  57.9182   0.0010  50.0000 -2162.267
 17   7    571.2    229.8   0.0580  57.9584   0.0010  50.0000 -2155.337
 17   8    571.2    229.8   0.0580  57.9584   0.0010  50.0000 -2155.337
 17   9    571.1    229.9   0.0579  57.9174   0.0010  50.0000 -2121.722
 17  10    570.6    230.4   0.0578  57.7963   0.0010  50.0000 -2123.133
 17  11    570.5    230.5   0.0578  57.7866   0.0010  50.0000 -2129.212
 17  12    569.9    231.1   0.0576  57.6305   0.0010  50.0000 -1918.903
 17  13    569.4    231.6   0.0001   0.1046   0.0010   0.0910 -1277.901
 17  14    569.1    231.9   0.0001   0.0593   0.0010   0.0516 -1201.487
 17  15    569.2    231.8   0.0000   0.0087   0.0010   0.0076 -1099.792
 17  16    569.2    231.8   0.0000   0.0000   0.0010   0.0000 -1071.450
 18   1    570.4    230.6   0.0578  57.7573   0.0010  50.0000 -2087.123
 18   2    570.7    230.3   0.0578  57.8200   0.0010  50.0000 -2117.831
 18   3    570.9    230.1   0.0579  57.8855   0.0010  50.0000 -2202.025
 18   4    570.3    230.7   0.0577  57.7158   0.0010  50.0000 -2205.709
 18   5    571.6    229.4   0.0581  58.0594   0.0010  50.0000 -2174.793
 18   6    571.6    229.4   0.0581  58.0594   0.0010  50.0000 -2174.793
 18   7    571.8    229.2   0.0581  58.0983   0.0010  50.0000 -2186.042
 18   8    571.8    229.2   0.0581  58.0983   0.0010  50.0000 -2186.042
 18   9    571.6    229.4   0.0581  58.0619   0.0010  50.0000 -2171.021
 18  10    571.2    229.8   0.0579  57.9445   0.0010  50.0000 -2173.288
 18  11    571.1    229.9   0.0579  57.9348   0.0010  50.0000 -2173.656
 18  12    570.5    230.5   0.0578  57.7840   0.0010  50.0000 -1892.379
 18  13    570.0    231.0   0.0576  57.6406   0.0010  50.0000 -1848.902
 18  14    569.7    231.3   0.0576  57.5857   0.0010  50.0000 -1850.993
 18  15    569.8    231.2   0.0576  57.5957   0.0010  50.0000 -1848.876
 18  16    569.8    231.2   0.0576  57.6090   0.0010  50.0000 -1839.817
 18  17    569.8    231.2   0.0576  57.6090   0.0010  50.0000 -1839.817
 19   1    569.5    231.5   0.0575  57.5186   0.0010  50.0000 -2093.142
 19   2    569.7    231.3   0.0576  57.5822   0.0010  50.0000 -2077.869
 19   3    570.0    231.0   0.0576  57.6456   0.0010  50.0000 -2159.400
 19   4    569.3    231.7   0.0575  57.4774   0.0010  50.0000 -2183.096
 19   5    570.7    230.3   0.0578  57.8152   0.0010  50.0000 -2190.305
 19   6    570.7    230.3   0.0578  57.8152   0.0010  50.0000 -2190.305
 19   7    570.8    230.2   0.0579  57.8549   0.0010  50.0000 -2192.241
 19   8    570.8    230.2   0.0579  57.8549   0.0010  50.0000 -2192.241
 19   9    570.7    230.3   0.0578  57.8206   0.0010  50.0000 -2154.507
 19  10    570.2    230.8   0.0577  57.7011   0.0010  50.0000 -2182.206
 19  11    570.2    230.8   0.0577  57.6907   0.0010  50.0000 -2182.590
 19  12    569.6    231.4   0.0575  57.5420   0.0010  50.0000 -1902.630
 19  13    569.0    232.0   0.0574  57.4000   0.0010  50.0000 -1886.036
 19  14    568.8    232.2   0.0573  57.3429   0.0010  50.0000 -1877.467
 19  15    568.8    232.2   0.0574  57.3543   0.0010  50.0000 -1880.883
 19  16    568.9    232.1   0.0574  57.3672   0.0010  50.0000 -1871.791
 19  17    568.9    232.1   0.0574  57.3672   0.0010  50.0000 -1871.791
 19  18    569.5    231.5   0.0575  57.5150   0.0010  50.0000 -1707.612
 20   1    570.0    231.0   0.0576  57.6395   0.0010  50.0000 -2104.311
 20   2    570.2    230.8   0.0577  57.7022   0.0010  50.0000 -2108.292
 20   3    570.5    230.5   0.0578  57.7679   0.0010  50.0000 -2195.987
 20   4    569.8    231.2   0.0576  57.5978   0.0010  50.0000 -2161.746
 20   5    571.2    229.8   0.0579  57.9423   0.0010  50.0000 -2137.760
 20   6    571.2    229.8   0.0579  57.9423   0.0010  50.0000 -2137.760
 20   7    571.3    229.7   0.0580  57.9813   0.0010  50.0000 -2141.425
 20   8    571.3    229.7   0.0580  57.9813   0.0010  50.0000 -2141.425
 20   9    571.2    229.8   0.0579  57.9448   0.0010  50.0000 -2157.934
 20  10    570.7    230.3   0.0578  57.8272   0.0010  50.0000 -2158.695
 20  11    570.7    230.3   0.0578  57.8175   0.0010  50.0000 -2164.878
 20  12    570.1    230.9   0.0577  57.6664   0.0010  50.0000 -2026.635
 20  13    569.5    231.5   0.0575  57.5227   0.0010  50.0000 -2025.183
 20  14    569.3    231.7   0.0575  57.4677   0.0010  50.0000 -2023.508
 20  15    569.3    231.7   0.0575  57.4777   0.0010  50.0000 -2021.477
 20  16    569.4    231.6   0.0575  57.4910   0.0010  50.0000 -2019.509
 20  17    569.4    231.6   0.0575  57.4910   0.0010  50.0000 -2019.509
 20  18    569.9    231.1   0.0576  57.6330   0.0010  50.0000 -2002.875
 20  19    569.0    232.0   0.0574  57.3968   0.0010  50.0000 -2020.663
 21   1    570.3    230.7   0.0577  57.7343   0.0010  50.0000 -2080.742
 21   2    570.6    230.4   0.0578  57.7969   0.0010  50.0000 -2126.199
 21   3    570.9    230.1   0.0579  57.8665   0.0010  50.0000 -2157.207
 21   4    570.2    230.8   0.0577  57.6920   0.0010  50.0000 -2170.301
 21   5    571.6    229.4   0.0580  58.0449   0.0010  50.0000 -2165.612
 21   6    571.6    229.4   0.0580  58.0449   0.0010  50.0000 -2165.612
 21   7    571.7    229.3   0.0581  58.0852   0.0010  50.0000 -2189.604
 21   8    571.7    229.3   0.0581  58.0852   0.0010  50.0000 -2189.604
 21   9    571.6    229.4   0.0580  58.0419   0.0010  50.0000 -2159.700
 21  10    571.1    229.9   0.0579  57.9205   0.0010  50.0000 -2176.602
 21  11    571.0    230.0   0.0579  57.9111   0.0010  50.0000 -2175.121
 21  12    570.4    230.6   0.0578  57.7527   0.0010  50.0000 -1984.718
 21  13    569.9    231.1   0.0576  57.6137   0.0010  50.0000 -2042.582
 21  14    569.6    231.4   0.0576  57.5615   0.0010  50.0000 -2051.201
 21  15    569.7    231.3   0.0576  57.5732   0.0010  50.0000 -2051.874
 21  16    569.7    231.3   0.0576  57.5855   0.0010  50.0000 -2049.953
 21  17    569.7    231.3   0.0576  57.5855   0.0010  50.0000 -2049.953
 21  18    570.3    230.7   0.0577  57.7328   0.0010  50.0000 -2052.746
 21  19    569.4    231.6   0.0575  57.4900   0.0010  50.0000 -2056.327
 21  20    569.9    231.1   0.0576  57.6150   0.0010  50.0000 -1958.807
 22   1    569.9    231.1   0.0576  57.6194   0.0010  50.0000 -2100.033
 22   2    570.1    230.9   0.0577  57.6823   0.0010  50.0000 -2077.378
 22   3    570.4    230.6   0.0577  57.7491   0.0010  50.0000 -2135.162
 22   4    569.7    231.3   0.0576  57.5776   0.0010  50.0000 -2137.580
 22   5    571.1    229.9   0.0579  57.9242   0.0010  50.0000 -2166.596
 22   6    571.1    229.9   0.0579  57.9242   0.0010  50.0000 -2166.596
 22   7    571.3    229.7   0.0580  57.9639   0.0010  50.0000 -2141.831
 22   8    571.3    229.7   0.0580  57.9639   0.0010  50.0000 -2141.831
 22   9    571.1    229.9   0.0579  57.9252   0.0010  50.0000 -2120.464
 22  10    570.6    230.4   0.0578  57.8056   0.0010  50.0000 -2138.866
 22  11    570.6    230.4   0.0578  57.7959   0.0010  50.0000 -2135.465
 22  12    570.0    231.0   0.0576  57.6422   0.0010  50.0000 -1963.058
 22  13    569.4    231.6   0.0575  57.5007   0.0010  50.0000 -1991.936
 22  14    569.2    231.8   0.0574  57.4463   0.0010  50.0000 -1984.191
 22  15    569.2    231.8   0.0575  57.4573   0.0010  50.0000 -1988.916
 22  16    569.3    231.7   0.0575  57.4701   0.0010  50.0000 -1979.607
 22  17    569.3    231.7   0.0575  57.4701   0.0010  50.0000 -1979.607
 22  18    569.9    231.1   0.0576  57.6155   0.0010  50.0000 -1976.966
 22  19    568.9    232.1   0.0574  57.3762   0.0010  50.0000 -1984.511
 22  20    569.4    231.6   0.0575  57.4974   0.0010  50.0000 -2018.236
 22  21    569.8    231.2   0.0576  57.5942   0.0010  50.0000 -1918.769
 23   1    569.8    231.2   0.0576  57.6062   0.0010  50.0000 -2111.496
 23   2    570.1    230.9   0.0577  57.6692   0.0010  50.0000 -2076.158
 23   3    570.3    230.7   0.0577  57.7359   0.0010  50.0000 -2125.615
 23   4    569.7    231.3   0.0576  57.5644   0.0010  50.0000 -2140.638
 23   5    571.0    230.0   0.0579  57.9105   0.0010  50.0000 -2170.860
 23   6    571.0    230.0   0.0579  57.9105   0.0010  50.0000 -2170.860
 23   7    571.2    229.8   0.0580  57.9504   0.0010  50.0000 -2148.594
 23   8    571.2    229.8   0.0580  57.9504   0.0010  50.0000 -2148.594
 23   9    571.0    230.0   0.0579  57.9116   0.0010  50.0000 -2118.946
 23  10    570.6    230.4   0.0578  57.7916   0.0010  50.0000 -2142.873
 23  11    570.5    230.5   0.0578  57.7818   0.0010  50.0000 -2139.482
 23  12    569.9    231.1   0.0576  57.6282   0.0010  50.0000 -1955.980
 23  13    569.3    231.7   0.0575  57.4871   0.0010  50.0000 -1999.168
 23  14    569.1    231.9   0.0574  57.4326   0.0010  50.0000 -1997.304
 23  15    569.2    231.8   0.0574  57.4438   0.0010  50.0000 -2001.994
 23  16    569.2    231.8   0.0575  57.4565   0.0010  50.0000 -1992.685
 23  17    569.2    231.8   0.0575  57.4565   0.0010  50.0000 -1992.685
 23  18    569.8    231.2   0.0576  57.6029   0.0010  50.0000 -1983.125
 23  19    568.8    232.2   0.0574  57.3631   0.0010  50.0000 -1989.928
 23  20    569.3    231.7   0.0575  57.4848   0.0010  50.0000 -2017.749
 23  21    569.7    231.3   0.0576  57.5805   0.0010  50.0000 -1926.655
 23  22    569.3    231.7   0.0001   0.0535   0.0010   0.0466 -1183.185
 24   1    569.4    231.6   0.0575  57.5098   0.0010  50.0000 -2078.369
 24   2    569.7    231.3   0.0576  57.5725   0.0010  50.0000 -2155.552
 24   3    569.9    231.1   0.0576  57.6365   0.0010  50.0000 -2159.843
 24   4    569.3    231.7   0.0575  57.4684   0.0010  50.0000 -2179.289
 24   5    570.6    230.4   0.0578  57.8097   0.0010  50.0000 -2161.822
 24   6    570.6    230.4   0.0578  57.8097   0.0010  50.0000 -2161.822
 24   7    570.8    230.2   0.0578  57.8478   0.0010  50.0000 -2173.443
 24   8    570.8    230.2   0.0578  57.8478   0.0010  50.0000 -2173.443
 24   9    570.7    230.3   0.0578  57.8146   0.0010  50.0000 -2146.729
 24  10    570.2    230.8   0.0577  57.6995   0.0010  50.0000 -2159.093
 24  11    570.2    230.8   0.0577  57.6896   0.0010  50.0000 -2155.147
 24  12    569.6    231.4   0.0575  57.5422   0.0010  50.0000 -2029.773
 24  13    569.0    232.0   0.0574  57.3954   0.0010  50.0000 -2039.388
 24  14    568.7    232.3   0.0573  57.3392   0.0010  50.0000 -2027.980
 24  15    568.8    232.2   0.0573  57.3479   0.0010  50.0000 -2042.816
 24  16    568.8    232.2   0.0574  57.3619   0.0010  50.0000 -2033.558
 24  17    568.8    232.2   0.0574  57.3619   0.0010  50.0000 -2033.558
 24  18    569.4    231.6   0.0575  57.5001   0.0010  50.0000 -2023.235
 24  19    568.5    232.5   0.0573  57.2676   0.0010  50.0000 -2030.531
 24  20    568.9    232.1   0.0574  57.3816   0.0010  50.0000 -2002.851
 24  21    569.3    231.7   0.0575  57.4859   0.0010  50.0000 -2026.129
 24  22    568.9    232.1   0.0574  57.3666   0.0010  50.0000 -1880.036
 24  23    568.8    232.2   0.0574  57.3547   0.0010  50.0000 -1888.863
 25   1    568.6    232.4   0.0573  57.3110   0.0010  50.0000 -2083.217
 25   2    568.9    232.1   0.0574  57.3744   0.0010  50.0000 -2148.350
 25   3    569.1    231.9   0.0574  57.4366   0.0010  50.0000 -2135.543
 25   4    568.5    232.5   0.0573  57.2700   0.0010  50.0000 -2152.913
 25   5    569.8    231.2   0.0576  57.6068   0.0010  50.0000 -2133.577
 25   6    569.8    231.2   0.0576  57.6068   0.0010  50.0000 -2133.577
 25   7    570.0    231.0   0.0576  57.6453   0.0010  50.0000 -2138.367
 25   8    570.0    231.0   0.0576  57.6453   0.0010  50.0000 -2138.367
 25   9    569.9    231.1   0.0576  57.6142   0.0010  50.0000 -2113.678
 25  10    569.4    231.6   0.0575  57.4983   0.0010  50.0000 -2119.482
 25  11    569.3    231.7   0.0575  57.4879   0.0010  50.0000 -2111.708
 25  12    568.8    232.2   0.0573  57.3425   0.0010  50.0000 -2070.472
 25  13    568.2    232.8   0.0572  57.1960   0.0010  50.0000 -2081.887
 25  14    567.9    233.1   0.0571  57.1381   0.0010  50.0000 -2062.081
 25  15    568.0    233.0   0.0571  57.1475   0.0010  50.0000 -2065.186
 25  16    568.0    233.0   0.0572  57.1614   0.0010  50.0000 -2063.241
 25  17    568.0    233.0   0.0572  57.1614   0.0010  50.0000 -2063.241
 25  18    568.6    232.4   0.0573  57.3024   0.0010  50.0000 -2094.269
 25  19    567.6    233.4   0.0571  57.0696   0.0010  50.0000 -2080.020
 25  20    568.1    232.9   0.0572  57.1838   0.0010  50.0000 -2056.381
 25  21    568.5    232.5   0.0573  57.2848   0.0010  50.0000 -1980.392
 25  22    568.0    233.0   0.0572  57.1673   0.0010  50.0000 -1848.914
 25  23    568.0    233.0   0.0572  57.1553   0.0010  50.0000 -1864.325
 25  24    567.6    233.4   0.0570  57.0494   0.0010  50.0000 -1790.756
 26   1    571.0    230.0   0.0579  57.8906   0.0010  50.0000 -2078.710
 26   2    571.2    229.8   0.0580  57.9530   0.0010  50.0000 -2064.964
 26   3    571.5    229.5   0.0580  58.0191   0.0010  50.0000 -2163.885
 26   4    570.8    230.2   0.0578  57.8490   0.0010  50.0000 -2124.833
 26   5    572.2    228.8   0.0582  58.1938   0.0010  50.0000 -2126.388
 26   6    572.2    228.8   0.0582  58.1938   0.0010  50.0000 -2126.388
 26   7    572.3    228.7   0.0582  58.2326   0.0010  50.0000 -2110.876
 26   8    572.3    228.7   0.0582  58.2326   0.0010  50.0000 -2110.876
 26   9    572.2    228.8   0.0582  58.1952   0.0010  50.0000 -2134.081
 26  10    571.7    229.3   0.0581  58.0779   0.0010  50.0000 -2122.725
 26  11    571.7    229.3   0.0581  58.0683   0.0010  50.0000 -2119.365
 26  12    571.1    229.9   0.0579  57.9166   0.0010  50.0000 -1990.771
 26  13    570.5    230.5   0.0578  57.7738   0.0010  50.0000 -2058.550
 26  14    570.3    230.7   0.0577  57.7196   0.0010  50.0000 -2056.659
 26  15    570.3    230.7   0.0577  57.7296   0.0010  50.0000 -2054.557
 26  16    570.4    230.6   0.0577  57.7428   0.0010  50.0000 -2045.152
 26  17    570.4    230.6   0.0577  57.7428   0.0010  50.0000 -2045.152
 26  18    570.9    230.1   0.0579  57.8844   0.0010  50.0000 -2037.176
 26  19    570.0    231.0   0.0576  57.6483   0.0010  50.0000 -2032.227
 26  20    570.5    230.5   0.0578  57.7667   0.0010  50.0000 -1938.338
 26  21    570.9    230.1   0.0579  57.8666   0.0010  50.0000 -1940.458
 26  22    570.4    230.6   0.0577  57.7492   0.0010  50.0000 -1958.022
 26  23    570.3    230.7   0.0577  57.7366   0.0010  50.0000 -1972.995
 26  24    569.9    231.1   0.0576  57.6339   0.0010  50.0000 -2012.576
 26  25    569.1    231.9   0.0574  57.4361   0.0010  50.0000 -2006.227
 27   1    571.0    230.0   0.0579  57.8906   0.0010  50.0000 -2078.710
 27   2    571.2    229.8   0.0580  57.9530   0.0010  50.0000 -2064.964
 27   3    571.5    229.5   0.0580  58.0191   0.0010  50.0000 -2163.885
 27   4    570.8    230.2   0.0578  57.8490   0.0010  50.0000 -2124.833
 27   5    572.2    228.8   0.0582  58.1938   0.0010  50.0000 -2126.388
 27   6    572.2    228.8   0.0582  58.1938   0.0010  50.0000 -2126.388
 27   7    572.3    228.7   0.0582  58.2326   0.0010  50.0000 -2110.876
 27   8    572.3    228.7   0.0582  58.2326   0.0010  50.0000 -2110.876
 27   9    572.2    228.8   0.0582  58.1952   0.0010  50.0000 -2134.081
 27  10    571.7    229.3   0.0581  58.0779   0.0010  50.0000 -2122.725
 27  11    571.7    229.3   0.0581  58.0683   0.0010  50.0000 -2119.365
 27  12    571.1    229.9   0.0579  57.9166   0.0010  50.0000 -1990.771
 27  13    570.5    230.5   0.0578  57.7738   0.0010  50.0000 -2058.550
 27  14    570.3    230.7   0.0577  57.7196   0.0010  50.0000 -2056.659
 27  15    570.3    230.7   0.0577  57.7296   0.0010  50.0000 -2054.557
 27  16    570.4    230.6   0.0577  57.7428   0.0010  50.0000 -2045.152
 27  17    570.4    230.6   0.0577  57.7428   0.0010  50.0000 -2045.152
 27  18    570.9    230.1   0.0579  57.8844   0.0010  50.0000 -2037.176
 27  19    570.0    231.0   0.0576  57.6483   0.0010  50.0000 -2032.227
 27  20    570.5    230.5   0.0578  57.7667   0.0010  50.0000 -1938.338
 27  21    570.9    230.1   0.0579  57.8666   0.0010  50.0000 -1940.458
 27  22    570.4    230.6   0.0577  57.7492   0.0010  50.0000 -1958.022
 27  23    570.3    230.7   0.0577  57.7366   0.0010  50.0000 -1972.995
 27  24    569.9    231.1   0.0576  57.6339   0.0010  50.0000 -2012.576
 27  25    569.1    231.9   0.0574  57.4361   0.0010  50.0000 -2006.227
 27  26    571.5    229.5   0.0000   0.0000   0.0010   0.0000 -1069.894
 28   1    570.9    230.1   0.0579  57.8638   0.0010  50.0000 -2061.399
 28   2    571.1    229.9   0.0579  57.9271   0.0010  50.0000 -2048.430
 28   3    571.4    229.6   0.0580  57.9882   0.0010  50.0000 -2128.302
 28   4    570.7    230.3   0.0578  57.8232   0.0010  50.0000 -2107.449
 28   5    572.0    229.0   0.0582  58.1557   0.0010  50.0000 -2121.195
 28   6    572.0    229.0   0.0582  58.1557   0.0010  50.0000 -2121.195
 28   7    572.2    228.8   0.0582  58.1941   0.0010  50.0000 -2102.441
 28   8    572.2    228.8   0.0582  58.1941   0.0010  50.0000 -2102.441
 28   9    572.0    229.0   0.0582  58.1636   0.0010  50.0000 -2129.829
 28  10    571.6    229.4   0.0580  58.0477   0.0010  50.0000 -2112.470
 28  11    571.5    229.5   0.0580  58.0372   0.0010  50.0000 -2115.007
 28  12    571.0    230.0   0.0579  57.8932   0.0010  50.0000 -2019.209
 28  13    570.4    230.6   0.0577  57.7485   0.0010  50.0000 -2040.142
 28  14    570.2    230.8   0.0577  57.6905   0.0010  50.0000 -2041.021
 28  15    570.2    230.8   0.0577  57.7005   0.0010  50.0000 -2044.511
 28  16    570.3    230.7   0.0577  57.7140   0.0010  50.0000 -2042.524
 28  17    570.3    230.7   0.0577  57.7140   0.0010  50.0000 -2042.524
 28  18    570.8    230.2   0.0579  57.8565   0.0010  50.0000 -2048.959
 28  19    569.9    231.1   0.0576  57.6240   0.0010  50.0000 -2047.259
 28  20    570.4    230.6   0.0577  57.7385   0.0010  50.0000 -2020.631
 28  21    570.7    230.3   0.0578  57.8363   0.0010  50.0000 -1955.918
 28  22    570.3    230.7   0.0577  57.7209   0.0010  50.0000 -1973.078
 28  23    570.2    230.8   0.0577  57.7087   0.0010  50.0000 -1975.509
 28  24    569.8    231.2   0.0576  57.6060   0.0010  50.0000 -2010.200
 28  25    569.0    232.0   0.0574  57.4107   0.0010  50.0000 -1970.542
 28  26    571.4    229.6   0.0580  57.9891   0.0010  50.0000 -1945.711
 28  27    571.4    229.6   0.0580  57.9891   0.0010  50.0000 -1945.711
 29   1    571.1    229.9   0.0579  57.9269   0.0010  50.0000 -2066.083
 29   2    571.4    229.6   0.0580  57.9919   0.0010  50.0000 -2069.444
 29   3    571.6    229.4   0.0580  58.0424   0.0010  50.0000 -2110.167
 29   4    571.0    230.0   0.0579  57.8882   0.0010  50.0000 -2106.959
 29   5    572.2    228.8   0.0582  58.1951   0.0010  50.0000 -2102.295
 29   6    572.2    228.8   0.0582  58.1951   0.0010  50.0000 -2102.295
 29   7    572.3    228.7   0.0582  58.2321   0.0010  50.0000 -2123.721
 29   8    572.3    228.7   0.0582  58.2321   0.0010  50.0000 -2123.721
 29   9    572.3    228.7   0.0582  58.2168   0.0010  50.0000 -2085.772
 29  10    571.8    229.2   0.0581  58.1045   0.0010  50.0000 -2073.427
 29  11    571.8    229.2   0.0581  58.0921   0.0010  50.0000 -2076.028
 29  12    571.3    229.7   0.0580  57.9648   0.0010  50.0000 -1994.788
 29  13    570.7    230.3   0.0578  57.8150   0.0010  50.0000 -2011.263
 29  14    570.4    230.6   0.0577  57.7489   0.0010  50.0000 -2030.505
 29  15    570.4    230.6   0.0578  57.7586   0.0010  50.0000 -2025.686
 29  16    570.5    230.5   0.0578  57.7732   0.0010  50.0000 -2016.272
 29  17    570.5    230.5   0.0578  57.7732   0.0010  50.0000 -2016.272
 29  18    571.1    229.9   0.0579  57.9161   0.0010  50.0000 -2023.719
 29  19    570.2    230.8   0.0577  57.6921   0.0010  50.0000 -2053.590
 29  20    570.6    230.4   0.0578  57.7974   0.0010  50.0000 -2050.703
 29  21    571.0    230.0   0.0579  57.8924   0.0010  50.0000 -1943.563
 29  22    570.5    230.5   0.0578  57.7805   0.0010  50.0000 -2002.103
 29  23    570.5    230.5   0.0578  57.7694   0.0010  50.0000 -1998.354
 29  24    570.1    230.9   0.0577  57.6646   0.0010  50.0000 -2026.947
 29  25    569.3    231.7   0.0575  57.4745   0.0010  50.0000 -1981.529
 29  26    571.6    229.4   0.0580  58.0476   0.0010  50.0000 -1927.607
 29  27    571.6    229.4   0.0580  58.0476   0.0010  50.0000 -1927.607
 29  28    571.5    229.5   0.0580  58.0343   0.0010  50.0000 -1800.137
 30   1    571.1    229.9   0.0579  57.9269   0.0010  50.0000 -2066.083
 30   2    571.4    229.6   0.0580  57.9919   0.0010  50.0000 -2069.444
 30   3    571.6    229.4   0.0580  58.0424   0.0010  50.0000 -2110.167
 30   4    571.0    230.0   0.0579  57.8882   0.0010  50.0000 -2106.959
 30   5    572.2    228.8   0.0582  58.1951   0.0010  50.0000 -2102.295
 30   6    572.2    228.8   0.0582  58.1951   0.0010  50.0000 -2102.295
 30   7    572.3    228.7   0.0582  58.2321   0.0010  50.0000 -2123.721
 30   8    572.3    228.7   0.0582  58.2321   0.0010  50.0000 -2123.721
 30   9    572.3    228.7   0.0582  58.2168   0.0010  50.0000 -2085.772
 30  10    571.8    229.2   0.0581  58.1045   0.0010  50.0000 -2073.427
 30  11    571.8    229.2   0.0581  58.0921   0.0010  50.0000 -2076.028
 30  12    571.3    229.7   0.0580  57.9648   0.0010  50.0000 -1994.788
 30  13    570.7    230.3   0.0578  57.8150   0.0010  50.0000 -2011.263
 30  14    570.4    230.6   0.0577  57.7489   0.0010  50.0000 -2030.505
 30  15    570.4    230.6   0.0578  57.7586   0.0010  50.0000 -2025.686
 30  16    570.5    230.5   0.0578  57.7732   0.0010  50.0000 -2016.272
 30  17    570.5    230.5   0.0578  57.7732   0.0010  50.0000 -2016.272
 30  18    571.1    229.9   0.0579  57.9161   0.0010  50.0000 -2023.719
 30  19    570.2    230.8   0.0577  57.6921   0.0010  50.0000 -2053.590
 30  20    570.6    230.4   0.0578  57.7974   0.0010  50.0000 -2050.703
 30  21    571.0    230.0   0.0579  57.8924   0.0010  50.0000 -1943.563
 30  22    570.5    230.5   0.0578  57.7805   0.0010  50.0000 -2002.103
 30  23    570.5    230.5   0.0578  57.7694   0.0010  50.0000 -1998.354
 30  24    570.1    230.9   0.0577  57.6646   0.0010  50.0000 -2026.947
 30  25    569.3    231.7   0.0575  57.4745   0.0010  50.0000 -1981.529
 30  26    571.6    229.4   0.0580  58.0476   0.0010  50.0000 -1927.607
 30  27    571.6    229.4   0.0580  58.0476   0.0010  50.0000 -1927.607
 30  28    571.5    229.5   0.0580  58.0343   0.0010  50.0000 -1800.137
 30  29    571.9    229.1   0.0000   0.0000   0.0010   0.0000 -1062.111
 31   1    570.4    230.6   0.0577  57.7430   0.0010  50.0000 -2114.051
 31   2    570.6    230.4   0.0578  57.8081   0.0010  50.0000 -2074.275
 31   3    570.9    230.1   0.0579  57.8629   0.0010  50.0000 -2146.690
 31   4    570.2    230.8   0.0577  57.7035   0.0010  50.0000 -2135.008
 31   5    571.5    229.5   0.0580  58.0194   0.0010  50.0000 -2139.533
 31   6    571.5    229.5   0.0580  58.0194   0.0010  50.0000 -2139.533
 31   7    571.6    229.4   0.0581  58.0583   0.0010  50.0000 -2132.374
 31   8    571.6    229.4   0.0581  58.0583   0.0010  50.0000 -2132.374
 31   9    571.5    229.5   0.0580  58.0355   0.0010  50.0000 -2090.440
 31  10    571.1    229.9   0.0579  57.9179   0.0010  50.0000 -2132.152
 31  11    571.0    230.0   0.0579  57.9059   0.0010  50.0000 -2129.043
 31  12    570.5    230.5   0.0578  57.7701   0.0010  50.0000 -2067.200
 31  13    569.9    231.1   0.0576  57.6261   0.0010  50.0000 -2072.133
 31  14    569.6    231.4   0.0576  57.5626   0.0010  50.0000 -2085.543
 31  15    569.7    231.3   0.0576  57.5747   0.0010  50.0000 -2076.789
 31  16    569.8    231.2   0.0576  57.5879   0.0010  50.0000 -2074.779
 31  17    569.8    231.2   0.0576  57.5879   0.0010  50.0000 -2074.779
 31  18    570.4    230.6   0.0577  57.7387   0.0010  50.0000 -2026.896
 31  19    569.4    231.6   0.0575  57.5063   0.0010  50.0000 -2024.649
 31  20    569.9    231.1   0.0576  57.6203   0.0010  50.0000 -2038.966
 31  21    570.2    230.8   0.0577  57.7077   0.0010  50.0000 -1964.986
 31  22    569.8    231.2   0.0576  57.5986   0.0010  50.0000 -2024.558
 31  23    569.7    231.3   0.0576  57.5860   0.0010  50.0000 -2033.645
 31  24    569.4    231.6   0.0575  57.4933   0.0010  50.0000 -2049.704
 31  25    568.6    232.4   0.0573  57.2992   0.0010  50.0000 -2031.273
 31  26    570.9    230.1   0.0579  57.8706   0.0010  50.0000 -1976.192
 31  27    570.9    230.1   0.0579  57.8706   0.0010  50.0000 -1976.192
 31  28    570.8    230.2   0.0579  57.8555   0.0010  50.0000 -1856.961
 31  29    571.2    229.8   0.0579  57.9436   0.0010  50.0000 -1868.279
 31  30    571.2    229.8   0.0579  57.9436   0.0010  50.0000 -1868.279
 32   1    570.7    230.3   0.0578  57.8148   0.0010  50.0000 -2044.781
 32   2    570.9    230.1   0.0579  57.8789   0.0010  50.0000 -2070.544
 32   3    571.2    229.8   0.0579  57.9390   0.0010  50.0000 -2154.102
 32   4    570.5    230.5   0.0578  57.7743   0.0010  50.0000 -2106.918
 32   5    571.8    229.2   0.0581  58.1030   0.0010  50.0000 -2131.415
 32   6    571.8    229.2   0.0581  58.1030   0.0010  50.0000 -2131.415
 32   7    572.0    229.0   0.0581  58.1426   0.0010  50.0000 -2130.609
 32   8    572.0    229.0   0.0581  58.1426   0.0010  50.0000 -2130.609
 32   9    571.8    229.2   0.0581  58.1120   0.0010  50.0000 -2098.357
 32  10    571.4    229.6   0.0580  57.9927   0.0010  50.0000 -2102.410
 32  11    571.3    229.7   0.0580  57.9816   0.0010  50.0000 -2099.273
 32  12    570.8    230.2   0.0578  57.8375   0.0010  50.0000 -2051.831
 32  13    570.2    230.8   0.0577  57.6962   0.0010  50.0000 -2070.982
 32  14    569.9    231.1   0.0576  57.6369   0.0010  50.0000 -2067.370
 32  15    570.0    231.0   0.0576  57.6491   0.0010  50.0000 -2055.921
 32  16    570.0    231.0   0.0577  57.6619   0.0010  50.0000 -2046.508
 32  17    570.0    231.0   0.0577  57.6619   0.0010  50.0000 -2046.508
 32  18    570.7    230.3   0.0578  57.8122   0.0010  50.0000 -2034.874
 32  19    569.7    231.3   0.0576  57.5757   0.0010  50.0000 -2049.608
 32  20    570.2    230.8   0.0577  57.6942   0.0010  50.0000 -2044.880
 32  21    570.5    230.5   0.0578  57.7831   0.0010  50.0000 -1932.171
 32  22    570.1    230.9   0.0577  57.6723   0.0010  50.0000 -1989.798
 32  23    570.0    231.0   0.0577  57.6592   0.0010  50.0000 -2004.442
 32  24    569.7    231.3   0.0576  57.5674   0.0010  50.0000 -2027.187
 32  25    568.9    232.1   0.0574  57.3707   0.0010  50.0000 -2003.622
 32  26    571.2    229.8   0.0579  57.9444   0.0010  50.0000 -1885.823
 32  27    571.2    229.8   0.0579  57.9444   0.0010  50.0000 -1885.823
 32  28    571.1    229.9   0.0579  57.9242   0.0010  50.0000 -1798.985
 32  29    571.4    229.6   0.0580  58.0016   0.0010  50.0000 -1810.922
 32  30    571.4    229.6   0.0580  58.0016   0.0010  50.0000 -1810.922
 32  31    570.6    230.4   0.0578  57.8110   0.0010  50.0000 -1747.545
 33   1    572.1    228.9   0.0582  58.1667   0.0010  50.0000 -2094.334
 33   2    572.3    228.7   0.0582  58.2277   0.0010  50.0000 -2093.475
 33   3    572.6    228.4   0.0583  58.3038   0.0010  50.0000 -2131.439
 33   4    571.9    229.1   0.0581  58.1233   0.0010  50.0000 -2128.028
 33   5    573.3    227.7   0.0585  58.4913   0.0010  50.0000 -2140.123
 33   6    573.3    227.7   0.0585  58.4913   0.0010  50.0000 -2140.123
 33   7    573.5    227.5   0.0585  58.5319   0.0010  50.0000 -2133.308
 33   8    573.5    227.5   0.0585  58.5319   0.0010  50.0000 -2133.308
 33   9    573.3    227.7   0.0585  58.4791   0.0010  50.0000 -2125.186
 33  10    572.8    228.2   0.0584  58.3566   0.0010  50.0000 -2132.016
 33  11    572.8    228.2   0.0583  58.3486   0.0010  50.0000 -2128.613
 33  12    572.1    228.9   0.0582  58.1803   0.0010  50.0000 -1997.182
 33  13    571.6    229.4   0.0580  58.0449   0.0010  50.0000 -2043.897
 33  14    571.4    229.6   0.0580  57.9985   0.0010  50.0000 -2034.393
 33  15    571.4    229.6   0.0580  58.0100   0.0010  50.0000 -2041.381
 33  16    571.5    229.5   0.0580  58.0216   0.0010  50.0000 -2032.405
 33  17    571.5    229.5   0.0580  58.0216   0.0010  50.0000 -2032.405
 33  18    572.1    228.9   0.0582  58.1666   0.0010  50.0000 -1998.621
 33  19    571.1    229.9   0.0579  57.9202   0.0010  50.0000 -1995.406
 33  20    571.6    229.4   0.0580  58.0498   0.0010  50.0000 -2013.417
 33  21    572.0    229.0   0.0581  58.1477   0.0010  50.0000 -1933.392
 33  22    571.5    229.5   0.0580  58.0295   0.0010  50.0000 -1918.924
 33  23    571.5    229.5   0.0580  58.0153   0.0010  50.0000 -1927.111
 33  24    571.1    229.9   0.0579  57.9204   0.0010  50.0000 -2002.718
 33  25    570.3    230.7   0.0577  57.7169   0.0010  50.0000 -1993.671
 33  26    572.6    228.4   0.0583  58.3004   0.0010  50.0000 -1917.574
 33  27    572.6    228.4   0.0583  58.3004   0.0010  50.0000 -1917.574
 33  28    572.4    228.6   0.0583  58.2635   0.0010  50.0000 -1939.299
 33  29    572.6    228.4   0.0583  58.3060   0.0010  50.0000 -1907.869
 33  30    572.6    228.4   0.0583  58.3060   0.0010  50.0000 -1907.869
 33  31    571.9    229.1   0.0581  58.1246   0.0010  50.0000 -1960.207
 33  32    572.2    228.8   0.0582  58.2065   0.0010  50.0000 -1896.610
 34   1    572.1    228.9   0.0582  58.1667   0.0010  50.0000 -2094.334
 34   2    572.3    228.7   0.0582  58.2277   0.0010  50.0000 -2093.475
 34   3    572.6    228.4   0.0583  58.3038   0.0010  50.0000 -2131.439
 34   4    571.9    229.1   0.0581  58.1233   0.0010  50.0000 -2128.028
 34   5    573.3    227.7   0.0585  58.4913   0.0010  50.0000 -2140.123
 34   6    573.3    227.7   0.0585  58.4913   0.0010  50.0000 -2140.123
 34   7    573.5    227.5   0.0585  58.5319   0.0010  50.0000 -2133.308
 34   8    573.5    227.5   0.0585  58.5319   0.0010  50.0000 -2133.308
 34   9    573.3    227.7   0.0585  58.4791   0.0010  50.0000 -2125.186
 34  10    572.8    228.2   0.0584  58.3566   0.0010  50.0000 -2132.016
 34  11    572.8    228.2   0.0583  58.3486   0.0010  50.0000 -2128.613
 34  12    572.1    228.9   0.0582  58.1803   0.0010  50.0000 -1997.182
 34  13    571.6    229.4   0.0580  58.0449   0.0010  50.0000 -2043.897
 34  14    571.4    229.6   0.0580  57.9985   0.0010  50.0000 -2034.393
 34  15    571.4    229.6   0.0580  58.0100   0.0010  50.0000 -2041.381
 34  16    571.5    229.5   0.0580  58.0216   0.0010  50.0000 -2032.405
 34  17    571.5    229.5   0.0580  58.0216   0.0010  50.0000 -2032.405
 34  18    572.1    228.9   0.0582  58.1666   0.0010  50.0000 -1998.621
 34  19    571.1    229.9   0.0579  57.9202   0.0010  50.0000 -1995.406
 34  20    571.6    229.4   0.0580  58.0498   0.0010  50.0000 -2013.417
 34  21    572.0    229.0   0.0581  58.1477   0.0010  50.0000 -1933.392
 34  22    571.5    229.5   0.0580  58.0295   0.0010  50.0000 -1918.924
 34  23    571.5    229.5   0.0580  58.0153   0.0010  50.0000 -1927.111
 34  24    571.1    229.9   0.0579  57.9204   0.0010  50.0000 -2002.718
 34  25    570.3    230.7   0.0577  57.7169   0.0010  50.0000 -1993.671
 34  26    572.6    228.4   0.0583  58.3004   0.0010  50.0000 -1917.574
 34  27    572.6    228.4   0.0583  58.3004   0.0010  50.0000 -1917.574
 34  28    572.4    228.6   0.0583  58.2635   0.0010  50.0000 -1939.299
 34  29    572.6    228.4   0.0583  58.3060   0.0010  50.0000 -1907.869
 34  30    572.6    228.4   0.0583  58.3060   0.0010  50.0000 -1907.869
 34  31    571.9    229.1   0.0581  58.1246   0.0010  50.0000 -1960.207
 34  32    572.2    228.8   0.0582  58.2065   0.0010  50.0000 -1896.610
 34  33    573.7    227.3   0.0000   0.0000   0.0010   0.0000 -1065.968
 35   1    569.2    231.8   0.0575  57.4557   0.0010  50.0000 -2079.910
 35   2    569.5    231.5   0.0575  57.5197   0.0010  50.0000 -2074.501
 35   3    569.7    231.3   0.0576  57.5797   0.0010  50.0000 -2147.831
 35   4    569.1    231.9   0.0574  57.4152   0.0010  50.0000 -2137.593
 35   5    570.4    230.6   0.0577  57.7454   0.0010  50.0000 -2127.491
 35   6    570.4    230.6   0.0577  57.7454   0.0010  50.0000 -2127.491
 35   7    570.5    230.5   0.0578  57.7842   0.0010  50.0000 -2104.300
 35   8    570.5    230.5   0.0578  57.7842   0.0010  50.0000 -2104.300
 35   9    570.4    230.6   0.0578  57.7554   0.0010  50.0000 -2125.970
 35  10    570.0    231.0   0.0576  57.6385   0.0010  50.0000 -2103.264
 35  11    569.9    231.1   0.0576  57.6276   0.0010  50.0000 -2106.575
 35  12    569.3    231.7   0.0575  57.4849   0.0010  50.0000 -2017.883
 35  13    568.7    232.3   0.0573  57.3397   0.0010  50.0000 -1989.847
 35  14    568.5    232.5   0.0573  57.2802   0.0010  50.0000 -1984.513
 35  15    568.5    232.5   0.0573  57.2906   0.0010  50.0000 -1998.065
 35  16    568.6    232.4   0.0573  57.3042   0.0010  50.0000 -1988.773
 35  17    568.6    232.4   0.0573  57.3042   0.0010  50.0000 -1988.773
 35  18    569.2    231.8   0.0574  57.4491   0.0010  50.0000 -1995.461
 35  19    568.2    232.8   0.0572  57.2159   0.0010  50.0000 -2027.488
 35  20    568.7    232.3   0.0573  57.3306   0.0010  50.0000 -2010.597
 35  21    569.1    231.9   0.0574  57.4264   0.0010  50.0000 -1980.934
 35  22    568.6    232.4   0.0573  57.3120   0.0010  50.0000 -1957.674
 35  23    568.6    232.4   0.0573  57.2997   0.0010  50.0000 -1953.484
 35  24    568.2    232.8   0.0572  57.1992   0.0010  50.0000 -1976.901
 35  25    567.4    233.6   0.0570  57.0036   0.0010  50.0000 -2030.672
 35  26    569.7    231.3   0.0576  57.5822   0.0010  50.0000 -1991.349
 35  27    569.7    231.3   0.0576  57.5822   0.0010  50.0000 -1991.349
 35  28    569.6    231.4   0.0576  57.5602   0.0010  50.0000 -1976.259
 35  29    569.9    231.1   0.0576  57.6321   0.0010  50.0000 -2034.590
 35  30    569.9    231.1   0.0576  57.6321   0.0010  50.0000 -2034.590
 35  31    569.2    231.8   0.0575  57.4503   0.0010  50.0000 -2019.657
 35  32    569.5    231.5   0.0575  57.5177   0.0010  50.0000 -2020.190
 35  33    570.8    230.2   0.0579  57.8534   0.0010  50.0000 -1969.233
 35  34    570.8    230.2   0.0579  57.8534   0.0010  50.0000 -1969.233
 36   1    570.0    231.0   0.0576  57.6500   0.0010  50.0000 -2077.972
 36   2    570.3    230.7   0.0577  57.7131   0.0010  50.0000 -2081.510
 36   3    570.5    230.5   0.0578  57.7819   0.0010  50.0000 -2173.822
 36   4    569.8    231.2   0.0576  57.6078   0.0010  50.0000 -2138.653
 36   5    571.2    229.8   0.0580  57.9573   0.0010  50.0000 -2155.363
 36   6    571.2    229.8   0.0580  57.9573   0.0010  50.0000 -2155.363
 36   7    571.4    229.6   0.0580  57.9985   0.0010  50.0000 -2152.327
 36   8    571.4    229.6   0.0580  57.9985   0.0010  50.0000 -2152.327
 36   9    571.2    229.8   0.0580  57.9553   0.0010  50.0000 -2119.827
 36  10    570.7    230.3   0.0578  57.8314   0.0010  50.0000 -2167.774
 36  11    570.7    230.3   0.0578  57.8217   0.0010  50.0000 -2164.296
 36  12    570.1    230.9   0.0577  57.6634   0.0010  50.0000 -1993.432
 36  13    569.5    231.5   0.0575  57.5271   0.0010  50.0000 -2035.074
 36  14    569.3    231.7   0.0575  57.4739   0.0010  50.0000 -2041.425
 36  15    569.3    231.7   0.0575  57.4872   0.0010  50.0000 -2039.521
 36  16    569.4    231.6   0.0575  57.4989   0.0010  50.0000 -2030.211
 36  17    569.4    231.6   0.0575  57.4989   0.0010  50.0000 -2030.211
 36  18    570.0    231.0   0.0577  57.6520   0.0010  50.0000 -2035.639
 36  19    569.0    232.0   0.0574  57.4065   0.0010  50.0000 -2019.428
 36  20    569.5    231.5   0.0575  57.5343   0.0010  50.0000 -1984.542
 36  21    569.9    231.1   0.0576  57.6225   0.0010  50.0000 -1943.038
 36  22    569.4    231.6   0.0575  57.5102   0.0010  50.0000 -2011.355
 36  23    569.4    231.6   0.0575  57.4958   0.0010  50.0000 -2023.520
 36  24    569.0    232.0   0.0574  57.4096   0.0010  50.0000 -1996.874
 36  25    568.2    232.8   0.0572  57.2077   0.0010  50.0000 -2044.139
 36  26    570.5    230.5   0.0578  57.7854   0.0010  50.0000 -1951.829
 36  27    570.5    230.5   0.0578  57.7854   0.0010  50.0000 -1951.829
 36  28    570.4    230.6   0.0578  57.7578   0.0010  50.0000 -1995.533
 36  29    570.7    230.3   0.0578  57.8205   0.0010  50.0000 -2009.486
 36  30    570.7    230.3   0.0578  57.8205   0.0010  50.0000 -2009.486
 36  31    569.9    231.1   0.0576  57.6271   0.0010  50.0000 -1969.494
 36  32    570.2    230.8   0.0577  57.6992   0.0010  50.0000 -1964.018
 36  33    571.6    229.4   0.0581  58.0568   0.0010  50.0000 -1970.922
 36  34    571.6    229.4   0.0581  58.0568   0.0010  50.0000 -1970.922
 36  35    568.8    232.2   0.0573  57.3474   0.0010  50.0000 -1912.179
 37   1    569.0    232.0   0.0574  57.3902   0.0010  50.0000 -2084.332
 37   2    569.2    231.8   0.0575  57.4540   0.0010  50.0000 -2111.895
 37   3    569.5    231.5   0.0575  57.5184   0.0010  50.0000 -2167.139
 37   4    568.8    232.2   0.0573  57.3488   0.0010  50.0000 -2133.611
 37   5    570.2    230.8   0.0577  57.6886   0.0010  50.0000 -2147.782
 37   6    570.2    230.8   0.0577  57.6886   0.0010  50.0000 -2147.782
 37   7    570.3    230.7   0.0577  57.7291   0.0010  50.0000 -2139.501
 37   8    570.3    230.7   0.0577  57.7291   0.0010  50.0000 -2139.501
 37   9    570.2    230.8   0.0577  57.6927   0.0010  50.0000 -2109.873
 37  10    569.7    231.3   0.0576  57.5709   0.0010  50.0000 -2137.632
 37  11    569.6    231.4   0.0576  57.5605   0.0010  50.0000 -2139.909
 37  12    569.0    232.0   0.0574  57.4093   0.0010  50.0000 -1986.454
 37  13    568.5    232.5   0.0573  57.2695   0.0010  50.0000 -1990.987
 37  14    568.2    232.8   0.0572  57.2129   0.0010  50.0000 -1997.767
 37  15    568.3    232.7   0.0572  57.2254   0.0010  50.0000 -2002.430
 37  16    568.3    232.7   0.0572  57.2379   0.0010  50.0000 -1993.133
 37  17    568.3    232.7   0.0572  57.2379   0.0010  50.0000 -1993.133
 37  18    568.9    232.1   0.0574  57.3894   0.0010  50.0000 -2052.449
 37  19    568.0    233.0   0.0571  57.1483   0.0010  50.0000 -2023.518
 37  20    568.5    232.5   0.0573  57.2712   0.0010  50.0000 -2001.611
 37  21    568.8    232.2   0.0574  57.3606   0.0010  50.0000 -1937.279
 37  22    568.4    232.6   0.0572  57.2484   0.0010  50.0000 -1949.660
 37  23    568.3    232.7   0.0572  57.2348   0.0010  50.0000 -1962.080
 37  24    568.0    233.0   0.0571  57.1448   0.0010  50.0000 -2027.306
 37  25    567.1    233.9   0.0569  56.9453   0.0010  50.0000 -1995.497
 37  26    569.5    231.5   0.0575  57.5227   0.0010  50.0000 -1926.349
 37  27    569.5    231.5   0.0575  57.5227   0.0010  50.0000 -1926.349
 37  28    569.4    231.6   0.0575  57.4986   0.0010  50.0000 -2013.497
 37  29    569.7    231.3   0.0576  57.5675   0.0010  50.0000 -1997.967
 37  30    569.7    231.3   0.0576  57.5675   0.0010  50.0000 -1997.967
 37  31    568.9    232.1   0.0574  57.3765   0.0010  50.0000 -2002.621
 37  32    569.2    231.8   0.0574  57.4455   0.0010  50.0000 -1967.038
 37  33    570.6    230.4   0.0578  57.7912   0.0010  50.0000 -1993.753
 37  34    570.6    230.4   0.0578  57.7912   0.0010  50.0000 -1993.753
 37  35    567.7    233.3   0.0571  57.0893   0.0010  50.0000 -1897.902
 37  36    568.5    232.5   0.0573  57.2737   0.0010  50.0000 -1716.517
 38   1    569.0    232.0   0.0574  57.4006   0.0010  50.0000 -2037.686
 38   2    569.2    231.8   0.0575  57.4637   0.0010  50.0000 -2131.544
 38   3    569.5    231.5   0.0575  57.5317   0.0010  50.0000 -2168.319
 38   4    568.8    232.2   0.0574  57.3585   0.0010  50.0000 -2149.059
 38   5    570.2    230.8   0.0577  57.7077   0.0010  50.0000 -2141.210
 38   6    570.2    230.8   0.0577  57.7077   0.0010  50.0000 -2141.210
 38   7    570.4    230.6   0.0577  57.7482   0.0010  50.0000 -2132.038
 38   8    570.4    230.6   0.0577  57.7482   0.0010  50.0000 -2132.038
 38   9    570.2    230.8   0.0577  57.7074   0.0010  50.0000 -2123.305
 38  10    569.7    231.3   0.0576  57.5855   0.0010  50.0000 -2122.801
 38  11    569.7    231.3   0.0576  57.5758   0.0010  50.0000 -2119.276
 38  12    569.1    231.9   0.0574  57.4196   0.0010  50.0000 -2022.845
 38  13    568.5    232.5   0.0573  57.2798   0.0010  50.0000 -2058.625
 38  14    568.3    232.7   0.0572  57.2259   0.0010  50.0000 -2057.181
 38  15    568.3    232.7   0.0572  57.2378   0.0010  50.0000 -2058.459
 38  16    568.4    232.6   0.0573  57.2502   0.0010  50.0000 -2049.216
 38  17    568.4    232.6   0.0573  57.2502   0.0010  50.0000 -2049.216
 38  18    569.0    232.0   0.0574  57.3992   0.0010  50.0000 -2039.227
 38  19    568.0    233.0   0.0572  57.1566   0.0010  50.0000 -2013.758
 38  20    568.5    232.5   0.0573  57.2810   0.0010  50.0000 -2015.371
 38  21    568.9    232.1   0.0574  57.3744   0.0010  50.0000 -1943.312
 38  22    568.4    232.6   0.0573  57.2595   0.0010  50.0000 -1976.190
 38  23    568.4    232.6   0.0572  57.2458   0.0010  50.0000 -1978.136
 38  24    568.0    233.0   0.0572  57.1525   0.0010  50.0000 -2025.515
 38  25    567.2    233.8   0.0570  56.9517   0.0010  50.0000 -2006.487
 38  26    569.5    231.5   0.0575  57.5333   0.0010  50.0000 -1940.571
 38  27    569.5    231.5   0.0575  57.5333   0.0010  50.0000 -1940.571
 38  28    569.4    231.6   0.0575  57.5049   0.0010  50.0000 -1988.963
 38  29    569.7    231.3   0.0576  57.5649   0.0010  50.0000 -2052.382
 38  30    569.7    231.3   0.0576  57.5649   0.0010  50.0000 -2052.382
 38  31    568.9    232.1   0.0574  57.3780   0.0010  50.0000 -1989.064
 38  32    569.2    231.8   0.0575  57.4518   0.0010  50.0000 -1986.891
 38  33    570.6    230.4   0.0578  57.8111   0.0010  50.0000 -1984.725
 38  34    570.6    230.4   0.0578  57.8111   0.0010  50.0000 -1984.725
 38  35    567.7    233.3   0.0571  57.0943   0.0010  50.0000 -1886.609
 38  36    568.5    232.5   0.0573  57.2872   0.0010  50.0000 -1712.970
 38  37    567.5    233.5   0.0006   0.6175   0.0010   0.5414 -1747.790

