Supplemental results for CODEML (seqf: /gpfs/scratch/cltucker/EBH381-Group-Project/SIV_aligned_NEF.fas  treef: )


pairwise comparison (Goldman & Yang 1994)
seq seq        N       S       dN       dS     dN/dS   Paras.
  2   1    359.4    120.6   0.4901   4.9015   0.1000   4.7963 -1172.651
  3   1    356.7    123.3   0.3890   3.8904   0.1000   3.8644 -1152.450
  3   2    354.3    125.7   0.3352   3.3515   0.1000   3.3752 -1139.311
  4   1    357.5    122.5   0.3748   3.7479   0.1000   3.7075 -1139.542
  4   2    355.0    125.0   0.3132   3.1322   0.1000   3.1412 -1128.553
  4   3    352.4    127.6   0.0902   0.9017   0.1000   0.9178  -990.610
  5   1    356.8    123.2   0.3804   3.8039   0.1000   3.7772 -1139.074
  5   2    354.4    125.6   0.3933   3.9331   0.1000   3.9597 -1153.742
  5   3    351.7    128.3   0.0787   0.7873   0.1000   0.8042  -969.401
  5   4    352.4    127.6   0.0694   0.6936   0.1000   0.7058  -970.053
  6   1    356.8    123.2   0.3804   3.8039   0.1000   3.7772 -1139.074
  6   2    354.4    125.6   0.3933   3.9331   0.1000   3.9597 -1153.742
  6   3    351.7    128.3   0.0787   0.7873   0.1000   0.8042  -969.401
  6   4    352.4    127.6   0.0694   0.6936   0.1000   0.7058  -970.053
  6   5    351.8    128.2   0.0000   0.0000   0.1000   0.0000  -652.070
  7   1    357.3    122.7   0.4040   4.0403   0.1000   4.0005 -1143.825
  7   2    354.9    125.1   0.3563   3.5626   0.1000   3.5764 -1143.542
  7   3    352.2    127.8   0.0805   0.8048   0.1000   0.8201  -975.795
  7   4    352.9    127.1   0.0675   0.6754   0.1000   0.6855  -959.687
  7   5    352.2    127.8   0.0187   0.1871   0.1000   0.1906  -783.330
  7   6    352.2    127.8   0.0187   0.1871   0.1000   0.1906  -783.330
  8   1    357.3    122.7   0.4040   4.0403   0.1000   4.0005 -1143.825
  8   2    354.9    125.1   0.3563   3.5626   0.1000   3.5764 -1143.542
  8   3    352.2    127.8   0.0805   0.8048   0.1000   0.8201  -975.795
  8   4    352.9    127.1   0.0675   0.6754   0.1000   0.6855  -959.687
  8   5    352.2    127.8   0.0187   0.1871   0.1000   0.1906  -783.330
  8   6    352.2    127.8   0.0187   0.1871   0.1000   0.1906  -783.330
  8   7    352.7    127.3   0.0000   0.0000   0.1000   0.0000  -650.549
  9   1    357.4    122.6   0.3870   3.8700   0.1000   3.8294 -1142.309
  9   2    355.0    125.0   0.3700   3.6996   0.1000   3.7113 -1150.517
  9   3    352.3    127.7   0.0681   0.6806   0.1000   0.6929  -962.752
  9   4    353.1    126.9   0.0857   0.8574   0.1000   0.8694  -990.793
  9   5    352.4    127.6   0.0385   0.3851   0.1000   0.3919  -865.276
  9   6    352.4    127.6   0.0385   0.3851   0.1000   0.3919  -865.276
  9   7    352.9    127.1   0.0350   0.3502   0.1000   0.3555  -843.898
  9   8    352.9    127.1   0.0350   0.3502   0.1000   0.3555  -843.898
 10   1    357.9    122.1   0.3950   3.9502   0.1000   3.8990 -1141.367
 10   2    355.4    124.6   0.3862   3.8619   0.1000   3.8645 -1149.184
 10   3    352.8    127.2   0.0850   0.8503   0.1000   0.8632  -978.820
 10   4    353.5    126.5   0.0799   0.7992   0.1000   0.8083  -985.088
 10   5    352.9    127.1   0.0320   0.3202   0.1000   0.3250  -841.970
 10   6    352.9    127.1   0.0320   0.3202   0.1000   0.3250  -841.970
 10   7    353.3    126.7   0.0337   0.3365   0.1000   0.3407  -833.102
 10   8    353.3    126.7   0.0337   0.3365   0.1000   0.3407  -833.102
 10   9    353.5    126.5   0.0317   0.3168   0.1000   0.3204  -834.260
 11   1    357.9    122.1   0.3950   3.9502   0.1000   3.8990 -1141.367
 11   2    355.4    124.6   0.3862   3.8619   0.1000   3.8645 -1149.184
 11   3    352.8    127.2   0.0850   0.8503   0.1000   0.8632  -978.820
 11   4    353.5    126.5   0.0799   0.7992   0.1000   0.8083  -985.088
 11   5    352.9    127.1   0.0320   0.3202   0.1000   0.3250  -841.970
 11   6    352.9    127.1   0.0320   0.3202   0.1000   0.3250  -841.970
 11   7    353.3    126.7   0.0337   0.3365   0.1000   0.3407  -833.102
 11   8    353.3    126.7   0.0337   0.3365   0.1000   0.3407  -833.102
 11   9    353.5    126.5   0.0317   0.3168   0.1000   0.3204  -834.260
 11  10    354.0    126.0   0.0000   0.0000   0.1000   0.0000  -650.432
 12   1    359.5    120.5   0.5147   5.1472   0.1000   5.0318 -1180.849
 12   2    357.2    122.8   0.4976   4.9758   0.1000   4.9304 -1180.336
 12   3    354.6    125.4   0.5027   5.0267   0.1000   5.0535 -1186.562
 12   4    355.3    124.7   0.4927   4.9271   0.1000   4.9343 -1183.393
 12   5    354.7    125.3   0.5120   5.1204   0.1000   5.1460 -1185.837
 12   6    354.7    125.3   0.5120   5.1204   0.1000   5.1460 -1185.837
 12   7    355.1    124.9   0.4937   4.9374   0.1000   4.9494 -1182.606
 12   8    355.1    124.9   0.4937   4.9374   0.1000   4.9494 -1182.606
 12   9    355.3    124.7   0.4838   4.8379   0.1000   4.8459 -1180.244
 12  10    355.8    124.2   0.5275   5.2750   0.1000   5.2688 -1186.664
 12  11    355.8    124.2   0.5275   5.2750   0.1000   5.2688 -1186.664
 13   1    359.3    120.7   0.5484   5.4837   0.1000   5.3681 -1188.296
 13   2    356.9    123.1   0.5376   5.3760   0.1000   5.3348 -1191.666
 13   3    354.3    125.7   0.5379   5.3789   0.1000   5.4183 -1199.344
 13   4    355.0    125.0   0.5239   5.2386   0.1000   5.2555 -1194.665
 13   5    354.3    125.7   0.4795   4.7954   0.1000   4.8292 -1184.922
 13   6    354.3    125.7   0.4795   4.7954   0.1000   4.8292 -1184.922
 13   7    354.8    125.2   0.5042   5.0419   0.1000   5.0633 -1189.999
 13   8    354.8    125.2   0.5042   5.0419   0.1000   5.0633 -1189.999
 13   9    354.9    125.1   0.5258   5.2576   0.1000   5.2759 -1194.432
 13  10    355.4    124.6   0.5119   5.1188   0.1000   5.1236 -1188.671
 13  11    355.4    124.6   0.5119   5.1188   0.1000   5.1236 -1188.671
 13  12    357.1    122.9   0.3981   3.9805   0.1000   3.9452 -1156.561
 14   1    359.2    120.8   0.5100   5.1005   0.1000   4.9969 -1181.146
 14   2    356.8    123.2   0.5302   5.3018   0.1000   5.2652 -1191.303
 14   3    354.1    125.9   0.5247   5.2469   0.1000   5.2896 -1197.656
 14   4    354.8    125.2   0.5192   5.1924   0.1000   5.2132 -1194.457
 14   5    354.2    125.8   0.4746   4.7456   0.1000   4.7828 -1182.614
 14   6    354.2    125.8   0.4746   4.7456   0.1000   4.7828 -1182.614
 14   7    354.7    125.3   0.4880   4.8798   0.1000   4.9042 -1185.892
 14   8    354.7    125.3   0.4880   4.8798   0.1000   4.9042 -1185.892
 14   9    354.8    125.2   0.4969   4.9694   0.1000   4.9906 -1187.786
 14  10    355.2    124.8   0.4818   4.8179   0.1000   4.8263 -1181.816
 14  11    355.2    124.8   0.4818   4.8179   0.1000   4.8263 -1181.816
 14  12    357.0    123.0   0.3762   3.7618   0.1000   3.7315 -1151.309
 14  13    356.7    123.3   0.0100   0.0995   0.1000   0.0989  -730.473
 15   1    359.4    120.6   0.5488   5.4877   0.1000   5.3698 -1187.992
 15   2    357.0    123.0   0.5329   5.3293   0.1000   5.2861 -1191.741
 15   3    354.3    125.7   0.5420   5.4195   0.1000   5.4572 -1200.983
 15   4    355.1    124.9   0.5141   5.1408   0.1000   5.1552 -1194.285
 15   5    354.4    125.6   0.4915   4.9148   0.1000   4.9475 -1186.595
 15   6    354.4    125.6   0.4915   4.9148   0.1000   4.9475 -1186.595
 15   7    354.9    125.1   0.4921   4.9206   0.1000   4.9393 -1187.171
 15   8    354.9    125.1   0.4921   4.9206   0.1000   4.9393 -1187.171
 15   9    355.0    125.0   0.5012   5.0118   0.1000   5.0272 -1189.212
 15  10    355.5    124.5   0.4994   4.9941   0.1000   4.9969 -1185.788
 15  11    355.5    124.5   0.4994   4.9941   0.1000   4.9969 -1185.788
 15  12    357.2    122.8   0.3883   3.8825   0.1000   3.8467 -1155.976
 15  13    356.9    123.1   0.0099   0.0992   0.1000   0.0985  -729.206
 15  14    356.8    123.2   0.0065   0.0649   0.1000   0.0645  -708.548
 16   1    359.2    120.8   0.5424   5.4237   0.1000   5.3114 -1187.049
 16   2    356.9    123.1   0.5391   5.3910   0.1000   5.3516 -1193.042
 16   3    354.2    125.8   0.5482   5.4817   0.1000   5.5238 -1202.240
 16   4    354.9    125.1   0.5204   5.2045   0.1000   5.2230 -1195.634
 16   5    354.2    125.8   0.4853   4.8530   0.1000   4.8889 -1185.429
 16   6    354.2    125.8   0.4853   4.8530   0.1000   4.8889 -1185.429
 16   7    354.7    125.3   0.4983   4.9829   0.1000   5.0057 -1188.605
 16   8    354.7    125.3   0.4983   4.9829   0.1000   5.0057 -1188.605
 16   9    354.9    125.1   0.5072   5.0717   0.1000   5.0911 -1190.567
 16  10    355.3    124.7   0.4933   4.9330   0.1000   4.9392 -1184.646
 16  11    355.3    124.7   0.4933   4.9330   0.1000   4.9392 -1184.646
 16  12    357.1    122.9   0.3942   3.9421   0.1000   3.9085 -1157.494
 16  13    356.8    123.2   0.0092   0.0924   0.1000   0.0917  -724.081
 16  14    356.7    123.3   0.0058   0.0583   0.1000   0.0579  -702.996
 16  15    356.9    123.1   0.0006   0.0063   0.1000   0.0063  -656.243
 17   1    359.2    120.8   0.5424   5.4237   0.1000   5.3114 -1187.049
 17   2    356.9    123.1   0.5391   5.3910   0.1000   5.3516 -1193.042
 17   3    354.2    125.8   0.5482   5.4817   0.1000   5.5238 -1202.240
 17   4    354.9    125.1   0.5204   5.2045   0.1000   5.2230 -1195.634
 17   5    354.2    125.8   0.4853   4.8530   0.1000   4.8889 -1185.429
 17   6    354.2    125.8   0.4853   4.8530   0.1000   4.8889 -1185.429
 17   7    354.7    125.3   0.4983   4.9829   0.1000   5.0057 -1188.605
 17   8    354.7    125.3   0.4983   4.9829   0.1000   5.0057 -1188.605
 17   9    354.9    125.1   0.5072   5.0717   0.1000   5.0911 -1190.567
 17  10    355.3    124.7   0.4933   4.9330   0.1000   4.9392 -1184.646
 17  11    355.3    124.7   0.4933   4.9330   0.1000   4.9392 -1184.646
 17  12    357.1    122.9   0.3942   3.9421   0.1000   3.9085 -1157.494
 17  13    356.8    123.2   0.0092   0.0924   0.1000   0.0917  -724.081
 17  14    356.7    123.3   0.0058   0.0583   0.1000   0.0579  -702.996
 17  15    356.9    123.1   0.0006   0.0063   0.1000   0.0063  -656.243
 17  16    356.7    123.3   0.0000   0.0000   0.1000   0.0000  -647.421
 18   1    357.6    122.4   0.4842   4.8423   0.1000   4.7861 -1176.490
 18   2    355.2    124.8   0.4931   4.9314   0.1000   4.9423 -1178.561
 18   3    352.5    127.5   0.5284   5.2844   0.1000   5.3753 -1193.474
 18   4    353.2    126.8   0.5385   5.3847   0.1000   5.4557 -1194.276
 18   5    352.5    127.5   0.5034   5.0336   0.1000   5.1195 -1184.892
 18   6    352.5    127.5   0.5034   5.0336   0.1000   5.1195 -1184.892
 18   7    353.0    127.0   0.4912   4.9116   0.1000   4.9822 -1181.426
 18   8    353.0    127.0   0.4912   4.9116   0.1000   4.9822 -1181.426
 18   9    353.2    126.8   0.5141   5.1406   0.1000   5.2093 -1186.860
 18  10    353.6    126.4   0.5004   5.0041   0.1000   5.0579 -1182.873
 18  11    353.6    126.4   0.5004   5.0041   0.1000   5.0579 -1182.873
 18  12    355.4    124.6   0.3898   3.8979   0.1000   3.9004 -1154.296
 18  13    355.1    124.9   0.1494   1.4942   0.1000   1.4981 -1045.094
 18  14    355.0    125.0   0.1416   1.4156   0.1000   1.4203 -1038.160
 18  15    355.2    124.8   0.1499   1.4989   0.1000   1.5021 -1042.353
 18  16    355.0    125.0   0.1473   1.4730   0.1000   1.4773 -1040.058
 18  17    355.0    125.0   0.1473   1.4730   0.1000   1.4773 -1040.058
 19   1    359.6    120.4   0.5523   5.5226   0.1000   5.3977 -1183.702
 19   2    357.2    122.8   0.5506   5.5058   0.1000   5.4551 -1191.364
 19   3    354.6    125.4   0.5808   5.8079   0.1000   5.8390 -1203.372
 19   4    355.3    124.7   0.5542   5.5422   0.1000   5.5502 -1195.038
 19   5    354.6    125.4   0.5282   5.2816   0.1000   5.3086 -1190.604
 19   6    354.6    125.4   0.5282   5.2816   0.1000   5.3086 -1190.604
 19   7    355.1    124.9   0.5232   5.2318   0.1000   5.2450 -1189.167
 19   8    355.1    124.9   0.5232   5.2318   0.1000   5.2450 -1189.167
 19   9    355.3    124.7   0.5526   5.5260   0.1000   5.5350 -1194.904
 19  10    355.8    124.2   0.5329   5.3295   0.1000   5.3236 -1188.465
 19  11    355.8    124.2   0.5329   5.3295   0.1000   5.3236 -1188.465
 19  12    357.5    122.5   0.4125   4.1254   0.1000   4.0806 -1156.237
 19  13    357.1    122.9   0.1339   1.3386   0.1000   1.3267 -1037.770
 19  14    357.0    123.0   0.1460   1.4602   0.1000   1.4483 -1049.925
 19  15    357.2    122.8   0.1447   1.4473   0.1000   1.4339 -1047.818
 19  16    357.1    122.9   0.1422   1.4218   0.1000   1.4096 -1045.521
 19  17    357.1    122.9   0.1422   1.4218   0.1000   1.4096 -1045.521
 19  18    355.4    124.6   0.0691   0.6912   0.1000   0.6918  -956.193
 20   1    359.5    120.5   0.4777   4.7774   0.1000   4.6721 -1169.849
 20   2    357.1    122.9   0.4952   4.9524   0.1000   4.9089 -1184.554
 20   3    354.5    125.5   0.3944   3.9442   0.1000   3.9678 -1164.236
 20   4    355.2    124.8   0.4273   4.2731   0.1000   4.2814 -1169.525
 20   5    354.6    125.4   0.4361   4.3605   0.1000   4.3850 -1172.120
 20   6    354.6    125.4   0.4361   4.3605   0.1000   4.3850 -1172.120
 20   7    355.0    125.0   0.4420   4.4197   0.1000   4.4325 -1173.330
 20   8    355.0    125.0   0.4420   4.4197   0.1000   4.4325 -1173.330
 20   9    355.2    124.8   0.4307   4.3070   0.1000   4.3164 -1168.487
 20  10    355.6    124.4   0.4303   4.3028   0.1000   4.3006 -1164.855
 20  11    355.6    124.4   0.4303   4.3028   0.1000   4.3006 -1164.855
 20  12    357.4    122.6   0.3689   3.6888   0.1000   3.6515 -1145.620
 20  13    357.1    122.9   0.4340   4.3399   0.1000   4.3030 -1167.083
 20  14    356.9    123.1   0.4116   4.1162   0.1000   4.0847 -1161.046
 20  15    357.1    122.9   0.4228   4.2284   0.1000   4.1910 -1163.407
 20  16    357.0    123.0   0.4288   4.2877   0.1000   4.2529 -1164.983
 20  17    357.0    123.0   0.4288   4.2877   0.1000   4.2529 -1164.983
 20  18    355.4    124.6   0.3776   3.7756   0.1000   3.7795 -1152.784
 20  19    357.4    122.6   0.4692   4.6923   0.1000   4.6440 -1171.273
 21   1    359.6    120.4   0.4873   4.8733   0.1000   4.7612 -1174.075
 21   2    357.3    122.7   0.4108   4.1081   0.1000   4.0683 -1160.180
 21   3    354.5    125.5   0.4465   4.4649   0.1000   4.4903 -1174.938
 21   4    355.3    124.7   0.4790   4.7899   0.1000   4.7964 -1180.584
 21   5    354.6    125.4   0.5002   5.0024   0.1000   5.0292 -1186.579
 21   6    354.6    125.4   0.5002   5.0024   0.1000   5.0292 -1186.579
 21   7    355.1    124.9   0.4991   4.9912   0.1000   5.0027 -1184.805
 21   8    355.1    124.9   0.4991   4.9912   0.1000   5.0027 -1184.805
 21   9    355.3    124.7   0.4923   4.9229   0.1000   4.9313 -1183.847
 21  10    355.7    124.3   0.4833   4.8326   0.1000   4.8296 -1179.165
 21  11    355.7    124.3   0.4833   4.8326   0.1000   4.8296 -1179.165
 21  12    357.4    122.6   0.4704   4.7035   0.1000   4.6546 -1172.710
 21  13    357.2    122.8   0.4517   4.5170   0.1000   4.4751 -1166.800
 21  14    357.1    122.9   0.4360   4.3604   0.1000   4.3234 -1163.409
 21  15    357.3    122.7   0.4325   4.3254   0.1000   4.2835 -1162.368
 21  16    357.1    122.9   0.4383   4.3827   0.1000   4.3438 -1163.906
 21  17    357.1    122.9   0.4383   4.3827   0.1000   4.3438 -1163.906
 21  18    355.5    124.5   0.3946   3.9457   0.1000   3.9480 -1150.690
 21  19    357.4    122.6   0.4171   4.1706   0.1000   4.1262 -1152.834
 21  20    357.4    122.6   0.2967   2.9667   0.1000   2.9365 -1119.108
 22   1    358.6    121.4   0.5376   5.3761   0.1000   5.2836 -1185.011
 22   2    356.2    123.8   0.4332   4.3320   0.1000   4.3166 -1167.433
 22   3    353.5    126.5   0.4688   4.6884   0.1000   4.7422 -1183.532
 22   4    354.2    125.8   0.4300   4.2996   0.1000   4.3315 -1169.024
 22   5    353.5    126.5   0.4117   4.1170   0.1000   4.1637 -1160.440
 22   6    353.5    126.5   0.4117   4.1170   0.1000   4.1637 -1160.440
 22   7    354.0    126.0   0.4356   4.3563   0.1000   4.3936 -1166.594
 22   8    354.0    126.0   0.4356   4.3563   0.1000   4.3936 -1166.594
 22   9    354.2    125.8   0.4349   4.3493   0.1000   4.3825 -1166.425
 22  10    354.6    125.4   0.4328   4.3279   0.1000   4.3499 -1163.733
 22  11    354.6    125.4   0.4328   4.3279   0.1000   4.3499 -1163.733
 22  12    356.4    123.6   0.4733   4.7334   0.1000   4.7100 -1176.023
 22  13    356.1    123.9   0.4053   4.0534   0.1000   4.0408 -1154.898
 22  14    356.0    124.0   0.3762   3.7622   0.1000   3.7531 -1148.216
 22  15    356.2    123.8   0.3950   3.9505   0.1000   3.9362 -1151.712
 22  16    356.1    123.9   0.3973   3.9729   0.1000   3.9617 -1152.678
 22  17    356.1    123.9   0.3973   3.9729   0.1000   3.9617 -1152.678
 22  18    354.3    125.7   0.3335   3.3349   0.1000   3.3589 -1132.993
 22  19    356.4    123.6   0.3960   3.9604   0.1000   3.9417 -1150.813
 22  20    356.4    123.6   0.2490   2.4897   0.1000   2.4783 -1103.220
 22  21    356.5    123.5   0.2312   2.3121   0.1000   2.3000 -1096.660
 23   1    358.4    121.6   0.5368   5.3682   0.1000   5.2826 -1185.044
 23   2    356.0    124.0   0.4286   4.2856   0.1000   4.2760 -1167.233
 23   3    353.3    126.7   0.4772   4.7720   0.1000   4.8336 -1185.846
 23   4    354.0    126.0   0.4218   4.2177   0.1000   4.2548 -1166.913
 23   5    353.3    126.7   0.4051   4.0512   0.1000   4.1029 -1158.585
 23   6    353.3    126.7   0.4051   4.0512   0.1000   4.1029 -1158.585
 23   7    353.8    126.2   0.4270   4.2705   0.1000   4.3129 -1164.369
 23   8    353.8    126.2   0.4270   4.2705   0.1000   4.3129 -1164.369
 23   9    354.0    126.0   0.4266   4.2661   0.1000   4.3045 -1164.270
 23  10    354.4    125.6   0.4244   4.2443   0.1000   4.2721 -1161.782
 23  11    354.4    125.6   0.4244   4.2443   0.1000   4.2721 -1161.782
 23  12    356.2    123.8   0.4799   4.7986   0.1000   4.7816 -1178.296
 23  13    355.9    124.1   0.4076   4.0764   0.1000   4.0691 -1155.092
 23  14    355.8    124.2   0.3817   3.8170   0.1000   3.8128 -1148.569
 23  15    356.0    124.0   0.3981   3.9806   0.1000   3.9714 -1151.924
 23  16    355.8    124.2   0.4003   4.0026   0.1000   3.9966 -1152.899
 23  17    355.8    124.2   0.4003   4.0026   0.1000   3.9966 -1152.899
 23  18    354.0    126.0   0.3352   3.3524   0.1000   3.3811 -1135.049
 23  19    356.1    123.9   0.3942   3.9421   0.1000   3.9290 -1151.144
 23  20    356.1    123.9   0.2529   2.5294   0.1000   2.5212 -1103.836
 23  21    356.3    123.7   0.2397   2.3975   0.1000   2.3880 -1099.910
 23  22    355.1    124.9   0.0038   0.0382   0.1000   0.0383  -681.430
 24   1    356.9    123.1   0.5164   5.1644   0.1000   5.1244 -1184.186
 24   2    354.5    125.5   0.4590   4.5905   0.1000   4.6181 -1176.421
 24   3    351.9    128.1   0.4725   4.7252   0.1000   4.8236 -1186.633
 24   4    352.6    127.4   0.4464   4.4641   0.1000   4.5394 -1172.832
 24   5    351.9    128.1   0.4264   4.2642   0.1000   4.3520 -1166.533
 24   6    351.9    128.1   0.4264   4.2642   0.1000   4.3520 -1166.533
 24   7    352.4    127.6   0.4252   4.2520   0.1000   4.3283 -1166.144
 24   8    352.4    127.6   0.4252   4.2520   0.1000   4.3283 -1166.144
 24   9    352.5    127.5   0.4307   4.3065   0.1000   4.3800 -1167.018
 24  10    353.0    127.0   0.4255   4.2548   0.1000   4.3156 -1163.107
 24  11    353.0    127.0   0.4255   4.2548   0.1000   4.3156 -1163.107
 24  12    354.8    125.2   0.4322   4.3216   0.1000   4.3403 -1175.000
 24  13    354.4    125.6   0.4107   4.1074   0.1000   4.1334 -1160.204
 24  14    354.3    125.7   0.3778   3.7779   0.1000   3.8047 -1152.210
 24  15    354.5    125.5   0.3896   3.8958   0.1000   3.9188 -1154.330
 24  16    354.4    125.6   0.3918   3.9175   0.1000   3.9436 -1155.266
 24  17    354.4    125.6   0.3918   3.9175   0.1000   3.9436 -1155.266
 24  18    352.7    127.3   0.3501   3.5013   0.1000   3.5584 -1143.517
 24  19    354.8    125.2   0.4118   4.1184   0.1000   4.1366 -1156.167
 24  20    354.7    125.3   0.2677   2.6774   0.1000   2.6906 -1112.743
 24  21    354.7    125.3   0.2183   2.1827   0.1000   2.1927 -1101.133
 24  22    353.7    126.3   0.0966   0.9659   0.1000   0.9761  -992.377
 24  23    353.4    126.6   0.0959   0.9585   0.1000   0.9700  -992.451
 25   1    358.6    121.4   0.5083   5.0828   0.1000   4.9950 -1178.341
 25   2    356.2    123.8   0.4754   4.7540   0.1000   4.7368 -1179.208
 25   3    353.5    126.5   0.4669   4.6687   0.1000   4.7217 -1182.138
 25   4    354.3    125.7   0.4876   4.8763   0.1000   4.9119 -1179.767
 25   5    353.6    126.4   0.4276   4.2757   0.1000   4.3236 -1161.651
 25   6    353.6    126.4   0.4276   4.2757   0.1000   4.3236 -1161.651
 25   7    354.0    126.0   0.4590   4.5897   0.1000   4.6286 -1169.683
 25   8    354.0    126.0   0.4590   4.5897   0.1000   4.6286 -1169.683
 25   9    354.2    125.8   0.4227   4.2269   0.1000   4.2587 -1160.629
 25  10    354.7    125.3   0.4179   4.1787   0.1000   4.1993 -1155.391
 25  11    354.7    125.3   0.4179   4.1787   0.1000   4.1993 -1155.391
 25  12    356.5    123.5   0.4332   4.3316   0.1000   4.3096 -1166.315
 25  13    356.1    123.9   0.4419   4.4186   0.1000   4.4045 -1166.266
 25  14    356.0    124.0   0.4206   4.2062   0.1000   4.1956 -1161.400
 25  15    356.2    123.8   0.4293   4.2932   0.1000   4.2773 -1163.006
 25  16    356.1    123.9   0.4316   4.3159   0.1000   4.3033 -1163.943
 25  17    356.1    123.9   0.4316   4.3159   0.1000   4.3033 -1163.943
 25  18    354.3    125.7   0.3730   3.7304   0.1000   3.7569 -1147.452
 25  19    356.4    123.6   0.4227   4.2273   0.1000   4.2068 -1157.292
 25  20    356.4    123.6   0.2507   2.5071   0.1000   2.4953 -1096.046
 25  21    356.5    123.5   0.2670   2.6704   0.1000   2.6563 -1119.643
 25  22    355.3    124.7   0.1165   1.1650   0.1000   1.1665  -998.658
 25  23    355.1    124.9   0.1137   1.1374   0.1000   1.1404  -997.511
 25  24    353.7    126.3   0.0576   0.5763   0.1000   0.5823  -907.338
 26   1    360.1    119.9   0.5985   5.9854   0.1000   5.8333 -1191.509
 26   2    357.7    122.3   0.5054   5.0537   0.1000   4.9922 -1184.728
 26   3    355.0    125.0   0.4722   4.7219   0.1000   4.7375 -1183.480
 26   4    355.8    124.2   0.4311   4.3108   0.1000   4.3061 -1163.991
 26   5    355.0    125.0   0.4520   4.5196   0.1000   4.5330 -1169.121
 26   6    355.0    125.0   0.4520   4.5196   0.1000   4.5330 -1169.121
 26   7    355.6    124.4   0.4740   4.7404   0.1000   4.7395 -1173.479
 26   8    355.6    124.4   0.4740   4.7404   0.1000   4.7395 -1173.479
 26   9    355.7    124.3   0.4693   4.6926   0.1000   4.6892 -1172.373
 26  10    356.1    123.9   0.4712   4.7121   0.1000   4.6980 -1170.545
 26  11    356.1    123.9   0.4712   4.7121   0.1000   4.6980 -1170.545
 26  12    357.8    122.2   0.4860   4.8596   0.1000   4.7979 -1183.310
 26  13    357.6    122.4   0.5311   5.3112   0.1000   5.2489 -1187.547
 26  14    357.5    122.5   0.5100   5.1004   0.1000   5.0446 -1182.812
 26  15    357.7    122.3   0.5179   5.1791   0.1000   5.1161 -1184.476
 26  16    357.6    122.4   0.5242   5.2422   0.1000   5.1828 -1185.861
 26  17    357.6    122.4   0.5242   5.2422   0.1000   5.1828 -1185.861
 26  18    355.9    124.1   0.4621   4.6208   0.1000   4.6119 -1167.410
 26  19    357.9    122.1   0.4730   4.7302   0.1000   4.6687 -1166.699
 26  20    357.8    122.2   0.2807   2.8066   0.1000   2.7714 -1111.982
 26  21    358.0    122.0   0.2109   2.1092   0.1000   2.0797 -1087.121
 26  22    356.9    123.1   0.1966   1.9657   0.1000   1.9505 -1077.122
 26  23    356.7    123.3   0.2018   2.0179   0.1000   2.0047 -1078.266
 26  24    355.2    124.8   0.2382   2.3823   0.1000   2.3875 -1094.616
 26  25    356.9    123.1   0.2799   2.7994   0.1000   2.7776 -1108.746
 27   1    360.1    119.9   0.5985   5.9854   0.1000   5.8333 -1191.509
 27   2    357.7    122.3   0.5054   5.0537   0.1000   4.9922 -1184.728
 27   3    355.0    125.0   0.4722   4.7219   0.1000   4.7375 -1183.480
 27   4    355.8    124.2   0.4311   4.3108   0.1000   4.3061 -1163.991
 27   5    355.0    125.0   0.4520   4.5196   0.1000   4.5330 -1169.121
 27   6    355.0    125.0   0.4520   4.5196   0.1000   4.5330 -1169.121
 27   7    355.6    124.4   0.4740   4.7404   0.1000   4.7395 -1173.479
 27   8    355.6    124.4   0.4740   4.7404   0.1000   4.7395 -1173.479
 27   9    355.7    124.3   0.4693   4.6926   0.1000   4.6892 -1172.373
 27  10    356.1    123.9   0.4712   4.7121   0.1000   4.6980 -1170.545
 27  11    356.1    123.9   0.4712   4.7121   0.1000   4.6980 -1170.545
 27  12    357.8    122.2   0.4860   4.8596   0.1000   4.7979 -1183.310
 27  13    357.6    122.4   0.5311   5.3112   0.1000   5.2489 -1187.547
 27  14    357.5    122.5   0.5100   5.1004   0.1000   5.0446 -1182.812
 27  15    357.7    122.3   0.5179   5.1791   0.1000   5.1161 -1184.476
 27  16    357.6    122.4   0.5242   5.2422   0.1000   5.1828 -1185.861
 27  17    357.6    122.4   0.5242   5.2422   0.1000   5.1828 -1185.861
 27  18    355.9    124.1   0.4621   4.6208   0.1000   4.6119 -1167.410
 27  19    357.9    122.1   0.4730   4.7302   0.1000   4.6687 -1166.699
 27  20    357.8    122.2   0.2807   2.8066   0.1000   2.7714 -1111.982
 27  21    358.0    122.0   0.2109   2.1092   0.1000   2.0797 -1087.121
 27  22    356.9    123.1   0.1966   1.9657   0.1000   1.9505 -1077.122
 27  23    356.7    123.3   0.2018   2.0179   0.1000   2.0047 -1078.266
 27  24    355.2    124.8   0.2382   2.3823   0.1000   2.3875 -1094.616
 27  25    356.9    123.1   0.2799   2.7994   0.1000   2.7776 -1108.746
 27  26    358.5    121.5   0.0000   0.0000   0.1000   0.0000  -645.140
 28   1    358.9    121.1   0.5003   5.0029   0.1000   4.9075 -1177.847
 28   2    356.6    123.4   0.4884   4.8838   0.1000   4.8557 -1184.290
 28   3    353.9    126.1   0.4653   4.6526   0.1000   4.6955 -1181.944
 28   4    354.7    125.3   0.4209   4.2095   0.1000   4.2309 -1164.994
 28   5    354.0    126.0   0.4083   4.0830   0.1000   4.1191 -1160.894
 28   6    354.0    126.0   0.4083   4.0830   0.1000   4.1191 -1160.894
 28   7    354.5    125.5   0.4448   4.4482   0.1000   4.4750 -1170.937
 28   8    354.5    125.5   0.4448   4.4482   0.1000   4.4750 -1170.937
 28   9    354.6    125.4   0.4415   4.4146   0.1000   4.4384 -1169.330
 28  10    355.1    124.9   0.4243   4.2435   0.1000   4.2553 -1162.145
 28  11    355.1    124.9   0.4243   4.2435   0.1000   4.2553 -1162.145
 28  12    356.8    123.2   0.4428   4.4278   0.1000   4.3973 -1178.060
 28  13    356.5    123.5   0.4710   4.7097   0.1000   4.6841 -1179.480
 28  14    356.4    123.6   0.4491   4.4906   0.1000   4.4699 -1174.055
 28  15    356.6    123.4   0.4558   4.5576   0.1000   4.5311 -1176.426
 28  16    356.5    123.5   0.4499   4.4989   0.1000   4.4762 -1175.268
 28  17    356.5    123.5   0.4499   4.4989   0.1000   4.4762 -1175.268
 28  18    354.8    125.2   0.4457   4.4569   0.1000   4.4754 -1172.392
 28  19    356.8    123.2   0.4767   4.7674   0.1000   4.7334 -1174.808
 28  20    356.7    123.3   0.2202   2.2025   0.1000   2.1883 -1087.132
 28  21    356.8    123.2   0.2258   2.2580   0.1000   2.2416 -1095.319
 28  22    355.8    124.2   0.2420   2.4205   0.1000   2.4167 -1099.933
 28  23    355.6    124.4   0.2448   2.4482   0.1000   2.4476 -1100.286
 28  24    354.1    125.9   0.2549   2.5493   0.1000   2.5700 -1107.018
 28  25    355.8    124.2   0.2011   2.0107   0.1000   2.0075 -1081.541
 28  26    357.3    122.7   0.2341   2.3414   0.1000   2.3187 -1090.010
 28  27    357.3    122.7   0.2341   2.3414   0.1000   2.3187 -1090.010
 29   1    357.9    122.1   0.5503   5.5028   0.1000   5.4311 -1193.598
 29   2    355.5    124.5   0.5230   5.2300   0.1000   5.2325 -1190.389
 29   3    352.8    127.2   0.4739   4.7387   0.1000   4.8128 -1180.993
 29   4    353.5    126.5   0.4960   4.9599   0.1000   5.0167 -1181.918
 29   5    352.8    127.2   0.4447   4.4469   0.1000   4.5149 -1170.765
 29   6    352.8    127.2   0.4447   4.4469   0.1000   4.5149 -1170.765
 29   7    353.4    126.6   0.4824   4.8245   0.1000   4.8842 -1178.640
 29   8    353.4    126.6   0.4824   4.8245   0.1000   4.8842 -1178.640
 29   9    353.5    126.5   0.4567   4.5670   0.1000   4.6206 -1172.986
 29  10    353.9    126.1   0.4417   4.4168   0.1000   4.4575 -1167.139
 29  11    353.9    126.1   0.4417   4.4168   0.1000   4.4575 -1167.139
 29  12    355.7    124.3   0.4931   4.9309   0.1000   4.9280 -1186.548
 29  13    355.4    124.6   0.4746   4.7458   0.1000   4.7497 -1180.756
 29  14    355.3    124.7   0.4474   4.4737   0.1000   4.4810 -1173.929
 29  15    355.5    124.5   0.4643   4.6427   0.1000   4.6447 -1178.043
 29  16    355.3    124.7   0.4575   4.5753   0.1000   4.5808 -1176.752
 29  17    355.3    124.7   0.4575   4.5753   0.1000   4.5808 -1176.752
 29  18    353.7    126.3   0.4650   4.6504   0.1000   4.6996 -1177.114
 29  19    355.7    124.3   0.4742   4.7418   0.1000   4.7380 -1177.167
 29  20    355.6    124.4   0.2515   2.5148   0.1000   2.5144 -1103.152
 29  21    355.8    124.2   0.2238   2.2380   0.1000   2.2355 -1095.403
 29  22    354.7    125.3   0.2704   2.7040   0.1000   2.7170 -1105.532
 29  23    354.5    125.5   0.2786   2.7862   0.1000   2.8033 -1108.533
 29  24    353.0    127.0   0.3029   3.0285   0.1000   3.0726 -1126.407
 29  25    354.7    125.3   0.2440   2.4398   0.1000   2.4514 -1101.727
 29  26    356.2    123.8   0.2893   2.8928   0.1000   2.8824 -1117.277
 29  27    356.2    123.8   0.2893   2.8928   0.1000   2.8824 -1117.277
 29  28    355.0    125.0   0.0816   0.8159   0.1000   0.8182  -967.816
 30   1    357.9    122.1   0.5503   5.5028   0.1000   5.4311 -1193.598
 30   2    355.5    124.5   0.5230   5.2300   0.1000   5.2325 -1190.389
 30   3    352.8    127.2   0.4739   4.7387   0.1000   4.8128 -1180.993
 30   4    353.5    126.5   0.4960   4.9599   0.1000   5.0167 -1181.918
 30   5    352.8    127.2   0.4447   4.4469   0.1000   4.5149 -1170.765
 30   6    352.8    127.2   0.4447   4.4469   0.1000   4.5149 -1170.765
 30   7    353.4    126.6   0.4824   4.8245   0.1000   4.8842 -1178.640
 30   8    353.4    126.6   0.4824   4.8245   0.1000   4.8842 -1178.640
 30   9    353.5    126.5   0.4567   4.5670   0.1000   4.6206 -1172.986
 30  10    353.9    126.1   0.4417   4.4168   0.1000   4.4575 -1167.139
 30  11    353.9    126.1   0.4417   4.4168   0.1000   4.4575 -1167.139
 30  12    355.7    124.3   0.4931   4.9309   0.1000   4.9280 -1186.548
 30  13    355.4    124.6   0.4746   4.7458   0.1000   4.7497 -1180.756
 30  14    355.3    124.7   0.4474   4.4737   0.1000   4.4810 -1173.929
 30  15    355.5    124.5   0.4643   4.6427   0.1000   4.6447 -1178.043
 30  16    355.3    124.7   0.4575   4.5753   0.1000   4.5808 -1176.752
 30  17    355.3    124.7   0.4575   4.5753   0.1000   4.5808 -1176.752
 30  18    353.7    126.3   0.4650   4.6504   0.1000   4.6996 -1177.114
 30  19    355.7    124.3   0.4742   4.7418   0.1000   4.7380 -1177.167
 30  20    355.6    124.4   0.2515   2.5148   0.1000   2.5144 -1103.152
 30  21    355.8    124.2   0.2238   2.2380   0.1000   2.2355 -1095.403
 30  22    354.7    125.3   0.2704   2.7040   0.1000   2.7170 -1105.532
 30  23    354.5    125.5   0.2786   2.7862   0.1000   2.8033 -1108.533
 30  24    353.0    127.0   0.3029   3.0285   0.1000   3.0726 -1126.407
 30  25    354.7    125.3   0.2440   2.4398   0.1000   2.4514 -1101.727
 30  26    356.2    123.8   0.2893   2.8928   0.1000   2.8824 -1117.277
 30  27    356.2    123.8   0.2893   2.8928   0.1000   2.8824 -1117.277
 30  28    355.0    125.0   0.0816   0.8159   0.1000   0.8182  -967.816
 30  29    353.9    126.1   0.0000   0.0000   0.1000   0.0000  -650.986
 31   1    359.5    120.5   0.5820   5.8201   0.1000   5.6909 -1192.548
 31   2    357.1    122.9   0.4778   4.7777   0.1000   4.7354 -1176.949
 31   3    354.4    125.6   0.5067   5.0673   0.1000   5.1000 -1187.906
 31   4    355.2    124.8   0.5181   5.1806   0.1000   5.1917 -1186.286
 31   5    354.5    125.5   0.4883   4.8828   0.1000   4.9127 -1179.312
 31   6    354.5    125.5   0.4883   4.8828   0.1000   4.9127 -1179.312
 31   7    355.0    125.0   0.5174   5.1739   0.1000   5.1900 -1185.201
 31   8    355.0    125.0   0.5174   5.1739   0.1000   5.1900 -1185.201
 31   9    355.1    124.9   0.4887   4.8870   0.1000   4.8991 -1179.511
 31  10    355.5    124.5   0.5016   5.0161   0.1000   5.0167 -1179.304
 31  11    355.5    124.5   0.5016   5.0161   0.1000   5.0167 -1179.304
 31  12    357.3    122.7   0.4967   4.9669   0.1000   4.9189 -1182.004
 31  13    357.1    122.9   0.4678   4.6782   0.1000   4.6386 -1174.885
 31  14    356.9    123.1   0.4400   4.3996   0.1000   4.3659 -1167.603
 31  15    357.1    122.9   0.4493   4.4933   0.1000   4.4534 -1170.532
 31  16    357.0    123.0   0.4551   4.5515   0.1000   4.5147 -1172.024
 31  17    357.0    123.0   0.4551   4.5515   0.1000   4.5147 -1172.024
 31  18    355.3    124.7   0.4106   4.1064   0.1000   4.1121 -1156.369
 31  19    357.3    122.7   0.4203   4.2029   0.1000   4.1614 -1158.640
 31  20    357.2    122.8   0.2845   2.8445   0.1000   2.8178 -1123.544
 31  21    357.4    122.6   0.2750   2.7502   0.1000   2.7210 -1110.971
 31  22    356.3    123.7   0.2200   2.1999   0.1000   2.1902 -1087.562
 31  23    356.1    123.9   0.2252   2.2519   0.1000   2.2449 -1090.185
 31  24    354.6    125.4   0.2701   2.7012   0.1000   2.7156 -1116.958
 31  25    356.3    123.7   0.2242   2.2417   0.1000   2.2317 -1095.796
 31  26    357.9    122.1   0.3025   3.0252   0.1000   2.9855 -1121.023
 31  27    357.9    122.1   0.3025   3.0252   0.1000   2.9855 -1121.023
 31  28    356.7    123.3   0.1116   1.1162   0.1000   1.1090 -1019.519
 31  29    355.6    124.4   0.1123   1.1227   0.1000   1.1224 -1019.514
 31  30    355.6    124.4   0.1123   1.1227   0.1000   1.1224 -1019.514
 32   1    358.9    121.1   0.5193   5.1930   0.1000   5.0952 -1183.394
 32   2    356.6    123.4   0.5014   5.0144   0.1000   4.9863 -1183.030
 32   3    353.8    126.2   0.5039   5.0386   0.1000   5.0877 -1190.370
 32   4    354.6    125.4   0.4996   4.9965   0.1000   5.0235 -1185.064
 32   5    353.9    126.1   0.4561   4.5613   0.1000   4.6038 -1174.172
 32   6    353.9    126.1   0.4561   4.5613   0.1000   4.6038 -1174.172
 32   7    354.4    125.6   0.4937   4.9374   0.1000   4.9683 -1182.736
 32   8    354.4    125.6   0.4937   4.9374   0.1000   4.9683 -1182.736
 32   9    354.5    125.5   0.4751   4.7514   0.1000   4.7789 -1179.731
 32  10    355.0    125.0   0.4732   4.7324   0.1000   4.7484 -1176.180
 32  11    355.0    125.0   0.4732   4.7324   0.1000   4.7484 -1176.180
 32  12    356.7    123.3   0.4475   4.4746   0.1000   4.4466 -1172.570
 32  13    356.5    123.5   0.4478   4.4777   0.1000   4.4543 -1174.789
 32  14    356.3    123.7   0.4204   4.2041   0.1000   4.1857 -1167.298
 32  15    356.6    123.4   0.4217   4.2165   0.1000   4.1929 -1167.545
 32  16    356.4    123.6   0.4274   4.2743   0.1000   4.2538 -1169.122
 32  17    356.4    123.6   0.4274   4.2743   0.1000   4.2538 -1169.122
 32  18    354.8    125.2   0.3974   3.9739   0.1000   3.9910 -1157.757
 32  19    356.7    123.3   0.4053   4.0533   0.1000   4.0262 -1157.876
 32  20    356.6    123.4   0.2775   2.7746   0.1000   2.7581 -1116.668
 32  21    356.8    123.2   0.2424   2.4242   0.1000   2.4066 -1103.345
 32  22    355.8    124.2   0.2412   2.4116   0.1000   2.4081 -1099.150
 32  23    355.6    124.4   0.2483   2.4833   0.1000   2.4829 -1101.725
 32  24    354.0    126.0   0.2489   2.4892   0.1000   2.5106 -1111.697
 32  25    355.8    124.2   0.2414   2.4140   0.1000   2.4104 -1098.520
 32  26    357.3    122.7   0.2671   2.6711   0.1000   2.6450 -1108.593
 32  27    357.3    122.7   0.2671   2.6711   0.1000   2.6450 -1108.593
 32  28    356.1    123.9   0.0894   0.8939   0.1000   0.8913  -982.696
 32  29    355.0    125.0   0.1084   1.0845   0.1000   1.0879 -1015.380
 32  30    355.0    125.0   0.1084   1.0845   0.1000   1.0879 -1015.380
 32  31    356.7    123.3   0.0693   0.6931   0.1000   0.6887  -945.060
 33   1    357.7    122.3   0.5156   5.1562   0.1000   5.0929 -1185.805
 33   2    355.3    124.7   0.4117   4.1169   0.1000   4.1223 -1165.104
 33   3    352.7    127.3   0.5227   5.2269   0.1000   5.3108 -1199.525
 33   4    353.4    126.6   0.4448   4.4483   0.1000   4.5021 -1177.023
 33   5    352.8    127.2   0.4619   4.6192   0.1000   4.6920 -1179.428
 33   6    352.8    127.2   0.4619   4.6192   0.1000   4.6920 -1179.428
 33   7    353.2    126.8   0.4517   4.5168   0.1000   4.5760 -1177.073
 33   8    353.2    126.8   0.4517   4.5168   0.1000   4.5760 -1177.073
 33   9    353.4    126.6   0.4614   4.6136   0.1000   4.6704 -1179.136
 33  10    353.9    126.1   0.4514   4.5142   0.1000   4.5571 -1174.481
 33  11    353.9    126.1   0.4514   4.5142   0.1000   4.5571 -1174.481
 33  12    355.6    124.4   0.4727   4.7272   0.1000   4.7258 -1184.121
 33  13    355.3    124.7   0.4921   4.9208   0.1000   4.9286 -1180.368
 33  14    355.1    124.9   0.4545   4.5452   0.1000   4.5562 -1171.971
 33  15    355.3    124.7   0.4468   4.4677   0.1000   4.4731 -1171.427
 33  16    355.2    124.8   0.4523   4.5234   0.1000   4.5322 -1172.854
 33  17    355.2    124.8   0.4523   4.5234   0.1000   4.5322 -1172.854
 33  18    353.5    126.5   0.4206   4.2056   0.1000   4.2533 -1162.494
 33  19    355.6    124.4   0.4149   4.1490   0.1000   4.1476 -1157.397
 33  20    355.5    124.5   0.2607   2.6070   0.1000   2.6078 -1104.663
 33  21    355.6    124.4   0.1663   1.6635   0.1000   1.6634 -1066.031
 33  22    354.5    125.5   0.2343   2.3431   0.1000   2.3564 -1090.211
 33  23    354.3    125.7   0.2323   2.3226   0.1000   2.3390 -1090.203
 33  24    352.9    127.1   0.2401   2.4013   0.1000   2.4374 -1107.460
 33  25    354.6    125.4   0.2411   2.4106   0.1000   2.4240 -1101.325
 33  26    356.0    124.0   0.2324   2.3235   0.1000   2.3179 -1092.146
 33  27    356.0    124.0   0.2324   2.3235   0.1000   2.3179 -1092.146
 33  28    354.9    125.1   0.1592   1.5920   0.1000   1.5976 -1043.734
 33  29    353.8    126.2   0.1733   1.7331   0.1000   1.7503 -1063.901
 33  30    353.8    126.2   0.1733   1.7331   0.1000   1.7503 -1063.901
 33  31    355.4    124.6   0.1811   1.8113   0.1000   1.8126 -1068.958
 33  32    354.8    125.2   0.1819   1.8195   0.1000   1.8269 -1071.054
 34   1    357.7    122.3   0.5156   5.1562   0.1000   5.0929 -1185.805
 34   2    355.3    124.7   0.4117   4.1169   0.1000   4.1223 -1165.104
 34   3    352.7    127.3   0.5227   5.2269   0.1000   5.3108 -1199.525
 34   4    353.4    126.6   0.4448   4.4483   0.1000   4.5021 -1177.023
 34   5    352.8    127.2   0.4619   4.6192   0.1000   4.6920 -1179.428
 34   6    352.8    127.2   0.4619   4.6192   0.1000   4.6920 -1179.428
 34   7    353.2    126.8   0.4517   4.5168   0.1000   4.5760 -1177.073
 34   8    353.2    126.8   0.4517   4.5168   0.1000   4.5760 -1177.073
 34   9    353.4    126.6   0.4614   4.6136   0.1000   4.6704 -1179.136
 34  10    353.9    126.1   0.4514   4.5142   0.1000   4.5571 -1174.481
 34  11    353.9    126.1   0.4514   4.5142   0.1000   4.5571 -1174.481
 34  12    355.6    124.4   0.4727   4.7272   0.1000   4.7258 -1184.121
 34  13    355.3    124.7   0.4921   4.9208   0.1000   4.9286 -1180.368
 34  14    355.1    124.9   0.4545   4.5452   0.1000   4.5562 -1171.971
 34  15    355.3    124.7   0.4468   4.4677   0.1000   4.4731 -1171.427
 34  16    355.2    124.8   0.4523   4.5234   0.1000   4.5322 -1172.854
 34  17    355.2    124.8   0.4523   4.5234   0.1000   4.5322 -1172.854
 34  18    353.5    126.5   0.4206   4.2056   0.1000   4.2533 -1162.494
 34  19    355.6    124.4   0.4149   4.1490   0.1000   4.1476 -1157.397
 34  20    355.5    124.5   0.2607   2.6070   0.1000   2.6078 -1104.663
 34  21    355.6    124.4   0.1663   1.6635   0.1000   1.6634 -1066.031
 34  22    354.5    125.5   0.2343   2.3431   0.1000   2.3564 -1090.211
 34  23    354.3    125.7   0.2323   2.3226   0.1000   2.3390 -1090.203
 34  24    352.9    127.1   0.2401   2.4013   0.1000   2.4374 -1107.460
 34  25    354.6    125.4   0.2411   2.4106   0.1000   2.4240 -1101.325
 34  26    356.0    124.0   0.2324   2.3235   0.1000   2.3179 -1092.146
 34  27    356.0    124.0   0.2324   2.3235   0.1000   2.3179 -1092.146
 34  28    354.9    125.1   0.1592   1.5920   0.1000   1.5976 -1043.734
 34  29    353.8    126.2   0.1733   1.7331   0.1000   1.7503 -1063.901
 34  30    353.8    126.2   0.1733   1.7331   0.1000   1.7503 -1063.901
 34  31    355.4    124.6   0.1811   1.8113   0.1000   1.8126 -1068.958
 34  32    354.8    125.2   0.1819   1.8195   0.1000   1.8269 -1071.054
 34  33    353.7    126.3   0.0000   0.0000   0.1000   0.0000  -651.173
 35   1    360.0    120.0   0.5940   5.9396   0.1000   5.7906 -1197.763
 35   2    357.7    122.3   0.4003   4.0032   0.1000   3.9549 -1160.670
 35   3    355.0    125.0   0.4657   4.6572   0.1000   4.6711 -1181.757
 35   4    355.8    124.2   0.4198   4.1975   0.1000   4.1922 -1168.790
 35   5    355.1    124.9   0.4548   4.5476   0.1000   4.5589 -1176.935
 35   6    355.1    124.9   0.4548   4.5476   0.1000   4.5589 -1176.935
 35   7    355.6    124.4   0.4442   4.4424   0.1000   4.4403 -1175.459
 35   8    355.6    124.4   0.4442   4.4424   0.1000   4.4403 -1175.459
 35   9    355.7    124.3   0.4810   4.8097   0.1000   4.8053 -1182.792
 35  10    356.2    123.8   0.4432   4.4325   0.1000   4.4173 -1171.795
 35  11    356.2    123.8   0.4432   4.4325   0.1000   4.4173 -1171.795
 35  12    357.8    122.2   0.4795   4.7954   0.1000   4.7337 -1174.104
 35  13    357.6    122.4   0.4497   4.4969   0.1000   4.4441 -1163.622
 35  14    357.5    122.5   0.4342   4.3422   0.1000   4.2950 -1161.770
 35  15    357.7    122.3   0.4255   4.2549   0.1000   4.2035 -1160.052
 35  16    357.6    122.4   0.4309   4.3090   0.1000   4.2602 -1161.531
 35  17    357.6    122.4   0.4309   4.3090   0.1000   4.2602 -1161.531
 35  18    356.0    124.0   0.4328   4.3282   0.1000   4.3173 -1160.491
 35  19    357.9    122.1   0.4083   4.0833   0.1000   4.0288 -1151.059
 35  20    357.8    122.2   0.2287   2.2867   0.1000   2.2583 -1088.892
 35  21    358.0    122.0   0.2331   2.3314   0.1000   2.2998 -1092.099
 35  22    357.0    123.0   0.2533   2.5326   0.1000   2.5119 -1106.486
 35  23    356.8    123.2   0.2605   2.6053   0.1000   2.5874 -1109.399
 35  24    355.2    124.8   0.2745   2.7446   0.1000   2.7494 -1119.794
 35  25    357.0    123.0   0.2906   2.9064   0.1000   2.8825 -1119.069
 35  26    358.4    121.6   0.2501   2.5007   0.1000   2.4608 -1102.025
 35  27    358.4    121.6   0.2501   2.5007   0.1000   2.4608 -1102.025
 35  28    357.2    122.8   0.1671   1.6709   0.1000   1.6552 -1059.889
 35  29    356.1    123.9   0.2008   2.0082   0.1000   2.0015 -1071.129
 35  30    356.1    123.9   0.2008   2.0082   0.1000   2.0015 -1071.129
 35  31    357.8    122.2   0.2063   2.0627   0.1000   2.0364 -1078.636
 35  32    357.2    122.8   0.2055   2.0553   0.1000   2.0367 -1066.797
 35  33    356.0    124.0   0.0981   0.9811   0.1000   0.9785  -993.566
 35  34    356.0    124.0   0.0981   0.9811   0.1000   0.9785  -993.566
 36   1    360.0    120.0   0.5679   5.6788   0.1000   5.5365 -1188.930
 36   2    357.7    122.3   0.4143   4.1432   0.1000   4.0941 -1159.718
 36   3    354.9    125.1   0.4424   4.4239   0.1000   4.4406 -1174.392
 36   4    355.7    124.3   0.4555   4.5554   0.1000   4.5523 -1171.716
 36   5    354.9    125.1   0.4643   4.6429   0.1000   4.6587 -1172.107
 36   6    354.9    125.1   0.4643   4.6429   0.1000   4.6587 -1172.107
 36   7    355.5    124.5   0.4539   4.5392   0.1000   4.5401 -1170.348
 36   8    355.5    124.5   0.4539   4.5392   0.1000   4.5401 -1170.348
 36   9    355.6    124.4   0.4403   4.4033   0.1000   4.4020 -1167.549
 36  10    356.0    124.0   0.4545   4.5451   0.1000   4.5338 -1168.693
 36  11    356.0    124.0   0.4545   4.5451   0.1000   4.5338 -1168.693
 36  12    357.7    122.3   0.4630   4.6299   0.1000   4.5733 -1174.841
 36  13    357.6    122.4   0.4625   4.6248   0.1000   4.5723 -1165.304
 36  14    357.4    122.6   0.4479   4.4787   0.1000   4.4313 -1161.333
 36  15    357.7    122.3   0.4444   4.4439   0.1000   4.3914 -1161.411
 36  16    357.5    122.5   0.4498   4.4984   0.1000   4.4491 -1162.950
 36  17    357.5    122.5   0.4498   4.4984   0.1000   4.4491 -1162.950
 36  18    355.8    124.2   0.4070   4.0697   0.1000   4.0634 -1148.741
 36  19    357.8    122.2   0.4584   4.5835   0.1000   4.5260 -1161.224
 36  20    357.7    122.3   0.2070   2.0704   0.1000   2.0453 -1082.559
 36  21    358.0    122.0   0.2189   2.1888   0.1000   2.1588 -1088.460
 36  22    356.9    123.1   0.1931   1.9313   0.1000   1.9170 -1062.916
 36  23    356.7    123.3   0.2009   2.0091   0.1000   1.9967 -1066.298
 36  24    355.1    124.9   0.2153   2.1531   0.1000   2.1587 -1084.243
 36  25    356.9    123.1   0.2397   2.3973   0.1000   2.3796 -1088.987
 36  26    358.5    121.5   0.2203   2.2034   0.1000   2.1675 -1085.407
 36  27    358.5    121.5   0.2203   2.2034   0.1000   2.1675 -1085.407
 36  28    357.2    122.8   0.2014   2.0143   0.1000   1.9956 -1068.173
 36  29    356.1    123.9   0.2351   2.3512   0.1000   2.3437 -1083.752
 36  30    356.1    123.9   0.2351   2.3512   0.1000   2.3437 -1083.752
 36  31    357.8    122.2   0.1736   1.7364   0.1000   1.7141 -1052.788
 36  32    357.2    122.8   0.2260   2.2600   0.1000   2.2387 -1079.555
 36  33    355.9    124.1   0.1035   1.0355   0.1000   1.0334  -997.636
 36  34    355.9    124.1   0.1035   1.0355   0.1000   1.0334  -997.636
 36  35    358.3    121.7   0.0768   0.7678   0.1000   0.7558  -950.019
 37   1    358.7    121.3   0.5763   5.7634   0.1000   5.6619 -1194.745
 37   2    356.3    123.7   0.3976   3.9756   0.1000   3.9593 -1160.166
 37   3    353.6    126.4   0.4658   4.6577   0.1000   4.7080 -1182.309
 37   4    354.4    125.6   0.4332   4.3317   0.1000   4.3610 -1166.830
 37   5    353.7    126.3   0.4567   4.5665   0.1000   4.6147 -1175.903
 37   6    353.7    126.3   0.4567   4.5665   0.1000   4.6147 -1175.903
 37   7    354.2    125.8   0.4593   4.5932   0.1000   4.6291 -1176.950
 37   8    354.2    125.8   0.4593   4.5932   0.1000   4.6291 -1176.950
 37   9    354.3    125.7   0.4535   4.5353   0.1000   4.5670 -1176.455
 37  10    354.8    125.2   0.4770   4.7703   0.1000   4.7910 -1179.073
 37  11    354.8    125.2   0.4770   4.7703   0.1000   4.7910 -1179.073
 37  12    356.5    123.5   0.4723   4.7226   0.1000   4.6966 -1178.075
 37  13    356.2    123.8   0.4697   4.6974   0.1000   4.6798 -1171.048
 37  14    356.1    123.9   0.4717   4.7170   0.1000   4.7030 -1172.888
 37  15    356.3    123.7   0.4653   4.6528   0.1000   4.6335 -1171.846
 37  16    356.2    123.8   0.4678   4.6782   0.1000   4.6622 -1172.739
 37  17    356.2    123.8   0.4678   4.6782   0.1000   4.6622 -1172.739
 37  18    354.5    125.5   0.4423   4.4231   0.1000   4.4505 -1163.896
 37  19    356.5    123.5   0.4369   4.3693   0.1000   4.3453 -1157.523
 37  20    356.4    123.6   0.2335   2.3354   0.1000   2.3236 -1091.272
 37  21    356.6    123.4   0.2323   2.3228   0.1000   2.3097 -1096.853
 37  22    355.5    124.5   0.2100   2.0998   0.1000   2.1008 -1078.443
 37  23    355.2    124.8   0.2142   2.1417   0.1000   2.1456 -1081.327
 37  24    353.8    126.2   0.2411   2.4108   0.1000   2.4345 -1105.161
 37  25    355.5    124.5   0.2724   2.7238   0.1000   2.7248 -1110.178
 37  26    357.0    123.0   0.2714   2.7143   0.1000   2.6925 -1115.388
 37  27    357.0    123.0   0.2714   2.7143   0.1000   2.6925 -1115.388
 37  28    355.9    124.1   0.1661   1.6613   0.1000   1.6582 -1056.592
 37  29    354.8    125.2   0.1944   1.9443   0.1000   1.9529 -1069.801
 37  30    354.8    125.2   0.1944   1.9443   0.1000   1.9529 -1069.801
 37  31    356.4    123.6   0.2024   2.0239   0.1000   2.0141 -1073.728
 37  32    355.8    124.2   0.2086   2.0860   0.1000   2.0827 -1077.976
 37  33    354.7    125.3   0.0924   0.9240   0.1000   0.9287  -985.555
 37  34    354.7    125.3   0.0924   0.9240   0.1000   0.9287  -985.555
 37  35    357.0    123.0   0.0749   0.7487   0.1000   0.7426  -948.703
 37  36    356.9    123.1   0.0538   0.5385   0.1000   0.5344  -912.916
 38   1    358.9    121.1   0.5793   5.7934   0.1000   5.6846 -1198.139
 38   2    356.5    123.5   0.3856   3.8561   0.1000   3.8353 -1155.515
 38   3    353.9    126.1   0.4971   4.9712   0.1000   5.0187 -1189.151
 38   4    354.6    125.4   0.4620   4.6203   0.1000   4.6456 -1174.405
 38   5    353.9    126.1   0.4944   4.9440   0.1000   4.9897 -1184.984
 38   6    353.9    126.1   0.4944   4.9440   0.1000   4.9897 -1184.984
 38   7    354.4    125.6   0.5050   5.0504   0.1000   5.0830 -1187.118
 38   8    354.4    125.6   0.5050   5.0504   0.1000   5.0830 -1187.118
 38   9    354.5    125.5   0.4650   4.6501   0.1000   4.6768 -1179.075
 38  10    355.0    125.0   0.4958   4.9583   0.1000   4.9737 -1183.467
 38  11    355.0    125.0   0.4958   4.9583   0.1000   4.9737 -1183.467
 38  12    356.7    123.3   0.4484   4.4841   0.1000   4.4543 -1173.184
 38  13    356.5    123.5   0.4613   4.6131   0.1000   4.5899 -1169.348
 38  14    356.3    123.7   0.4483   4.4835   0.1000   4.4645 -1167.661
 38  15    356.5    123.5   0.4518   4.5179   0.1000   4.4934 -1168.363
 38  16    356.4    123.6   0.4575   4.5748   0.1000   4.5534 -1169.807
 38  17    356.4    123.6   0.4575   4.5748   0.1000   4.5534 -1169.807
 38  18    354.7    125.3   0.4161   4.1606   0.1000   4.1802 -1156.428
 38  19    356.8    123.2   0.4259   4.2590   0.1000   4.2302 -1155.506
 38  20    356.7    123.3   0.2412   2.4120   0.1000   2.3971 -1097.078
 38  21    356.8    123.2   0.1946   1.9462   0.1000   1.9329 -1081.369
 38  22    355.7    124.3   0.2005   2.0053   0.1000   2.0033 -1076.472
 38  23    355.5    124.5   0.2086   2.0858   0.1000   2.0865 -1079.894
 38  24    354.0    126.0   0.2177   2.1773   0.1000   2.1958 -1092.150
 38  25    355.8    124.2   0.2488   2.4884   0.1000   2.4857 -1102.589
 38  26    357.2    122.8   0.2367   2.3672   0.1000   2.3452 -1097.907
 38  27    357.2    122.8   0.2367   2.3672   0.1000   2.3452 -1097.907
 38  28    356.1    123.9   0.1666   1.6663   0.1000   1.6611 -1058.425
 38  29    355.0    125.0   0.1865   1.8652   0.1000   1.8712 -1073.380
 38  30    355.0    125.0   0.1865   1.8652   0.1000   1.8712 -1073.380
 38  31    356.6    123.4   0.1649   1.6489   0.1000   1.6389 -1054.803
 38  32    356.0    124.0   0.1645   1.6445   0.1000   1.6401 -1049.561
 38  33    354.9    125.1   0.0806   0.8055   0.1000   0.8087  -975.131
 38  34    354.9    125.1   0.0806   0.8055   0.1000   0.8087  -975.131
 38  35    357.2    122.8   0.0839   0.8388   0.1000   0.8311  -953.650
 38  36    357.1    122.9   0.0513   0.5130   0.1000   0.5085  -899.853
 38  37    355.8    124.2   0.0456   0.4555   0.1000   0.4549  -893.998

