Supplemental results for CODEML (seqf: /gpfs/scratch/cltucker/EBH381-Group-Project/SIV_aligned_GAG.fas  treef: )


pairwise comparison (Goldman & Yang 1994)
seq seq        N       S       dN       dS     dN/dS   Paras.
  2   1    570.7    230.3   0.2061   1.0305   0.2000   1.3294 -1759.181
  3   1    571.0    230.0   0.2428   1.2138   0.2000   1.5650 -1800.933
  3   2    571.2    229.8   0.1913   0.9565   0.2000   1.2325 -1743.112
  4   1    570.3    230.7   0.2364   1.1821   0.2000   1.5265 -1792.574
  4   2    570.5    230.5   0.1684   0.8421   0.2000   1.0868 -1718.265
  4   3    570.8    230.2   0.1120   0.5601   0.2000   0.7224 -1603.010
  5   1    571.6    229.4   0.2227   1.1135   0.2000   1.4333 -1779.264
  5   2    571.9    229.1   0.1903   0.9513   0.2000   1.2238 -1748.329
  5   3    572.2    228.8   0.1237   0.6183   0.2000   0.7949 -1630.799
  5   4    571.5    229.5   0.1054   0.5268   0.2000   0.6783 -1582.524
  6   1    571.6    229.4   0.2227   1.1135   0.2000   1.4333 -1779.264
  6   2    571.9    229.1   0.1903   0.9513   0.2000   1.2238 -1748.329
  6   3    572.2    228.8   0.1237   0.6183   0.2000   0.7949 -1630.799
  6   4    571.5    229.5   0.1054   0.5268   0.2000   0.6783 -1582.524
  6   5    572.9    228.1   0.0000   0.0000   0.2000   0.0000 -1069.542
  7   1    571.8    229.2   0.1943   0.9713   0.2000   1.2498 -1750.764
  7   2    572.0    229.0   0.1830   0.9148   0.2000   1.1764 -1740.676
  7   3    572.3    228.7   0.1097   0.5484   0.2000   0.7047 -1605.446
  7   4    571.6    229.4   0.1033   0.5164   0.2000   0.6648 -1579.506
  7   5    573.1    227.9   0.0237   0.1187   0.2000   0.1523 -1272.845
  7   6    573.1    227.9   0.0237   0.1187   0.2000   0.1523 -1272.845
  8   1    571.8    229.2   0.1943   0.9713   0.2000   1.2498 -1750.764
  8   2    572.0    229.0   0.1830   0.9148   0.2000   1.1764 -1740.676
  8   3    572.3    228.7   0.1097   0.5484   0.2000   0.7047 -1605.446
  8   4    571.6    229.4   0.1033   0.5164   0.2000   0.6648 -1579.506
  8   5    573.1    227.9   0.0237   0.1187   0.2000   0.1523 -1272.845
  8   6    573.1    227.9   0.0237   0.1187   0.2000   0.1523 -1272.845
  8   7    573.2    227.8   0.0000   0.0000   0.2000   0.0000 -1069.482
  9   1    571.7    229.3   0.2393   1.1967   0.2000   1.5404 -1790.907
  9   2    571.9    229.1   0.1923   0.9617   0.2000   1.2372 -1746.979
  9   3    572.2    228.8   0.1010   0.5051   0.2000   0.6494 -1578.269
  9   4    571.5    229.5   0.0996   0.4978   0.2000   0.6410 -1574.168
  9   5    572.9    228.1   0.0647   0.3235   0.2000   0.4152 -1455.828
  9   6    572.9    228.1   0.0647   0.3235   0.2000   0.4152 -1455.828
  9   7    573.0    228.0   0.0658   0.3290   0.2000   0.4221 -1456.221
  9   8    573.0    228.0   0.0658   0.3290   0.2000   0.4221 -1456.221
 10   1    571.2    229.8   0.2362   1.1810   0.2000   1.5218 -1788.682
 10   2    571.4    229.6   0.1748   0.8742   0.2000   1.1258 -1731.489
 10   3    571.7    229.3   0.0957   0.4784   0.2000   0.6158 -1556.019
 10   4    571.0    230.0   0.0877   0.4384   0.2000   0.5652 -1543.795
 10   5    572.4    228.6   0.0531   0.2655   0.2000   0.3411 -1408.154
 10   6    572.4    228.6   0.0531   0.2655   0.2000   0.3411 -1408.154
 10   7    572.6    228.4   0.0517   0.2586   0.2000   0.3321 -1400.009
 10   8    572.6    228.4   0.0517   0.2586   0.2000   0.3321 -1400.009
 10   9    572.4    228.6   0.0498   0.2492   0.2000   0.3202 -1396.636
 11   1    571.1    229.9   0.2307   1.1536   0.2000   1.4866 -1785.580
 11   2    571.4    229.6   0.1726   0.8628   0.2000   1.1112 -1728.230
 11   3    571.7    229.3   0.0958   0.4788   0.2000   0.6163 -1555.375
 11   4    571.0    230.0   0.0858   0.4291   0.2000   0.5532 -1540.541
 11   5    572.4    228.6   0.0548   0.2741   0.2000   0.3522 -1413.398
 11   6    572.4    228.6   0.0548   0.2741   0.2000   0.3522 -1413.398
 11   7    572.5    228.5   0.0518   0.2588   0.2000   0.3325 -1399.235
 11   8    572.5    228.5   0.0518   0.2588   0.2000   0.3325 -1399.235
 11   9    572.4    228.6   0.0499   0.2495   0.2000   0.3206 -1395.326
 11  10    571.9    229.1   0.0023   0.0116   0.2000   0.0149 -1094.610
 12   1    570.5    230.5   0.3424   1.7122   0.2000   2.2097 -1860.402
 12   2    570.8    230.2   0.3050   1.5248   0.2000   1.9666 -1835.105
 12   3    571.0    230.0   0.3761   1.8807   0.2000   2.4242 -1898.799
 12   4    570.4    230.6   0.3380   1.6900   0.2000   2.1819 -1872.623
 12   5    571.7    229.3   0.3714   1.8572   0.2000   2.3902 -1891.086
 12   6    571.7    229.3   0.3714   1.8572   0.2000   2.3902 -1891.086
 12   7    571.9    229.1   0.3935   1.9677   0.2000   2.5315 -1904.657
 12   8    571.9    229.1   0.3935   1.9677   0.2000   2.5315 -1904.657
 12   9    571.7    229.3   0.3754   1.8769   0.2000   2.4154 -1890.806
 12  10    571.2    229.8   0.3435   1.7173   0.2000   2.2126 -1875.040
 12  11    571.2    229.8   0.3495   1.7477   0.2000   2.2519 -1877.786
 13   1    570.0    231.0   0.3292   1.6458   0.2000   2.1267 -1851.397
 13   2    570.2    230.8   0.3495   1.7475   0.2000   2.2568 -1867.795
 13   3    570.5    230.5   0.3550   1.7751   0.2000   2.2910 -1885.330
 13   4    569.8    231.2   0.3577   1.7883   0.2000   2.3118 -1882.828
 13   5    571.2    229.8   0.3671   1.8356   0.2000   2.3654 -1885.941
 13   6    571.2    229.8   0.3671   1.8356   0.2000   2.3654 -1885.941
 13   7    571.3    229.7   0.3660   1.8300   0.2000   2.3573 -1884.175
 13   8    571.3    229.7   0.3660   1.8300   0.2000   2.3573 -1884.175
 13   9    571.2    229.8   0.3391   1.6957   0.2000   2.1851 -1874.139
 13  10    570.7    230.3   0.3267   1.6333   0.2000   2.1070 -1862.442
 13  11    570.7    230.3   0.3328   1.6639   0.2000   2.1467 -1865.697
 13  12    570.0    231.0   0.1448   0.7238   0.2000   0.9351 -1677.861
 14   1    569.7    231.3   0.3254   1.6270   0.2000   2.1035 -1847.755
 14   2    570.0    231.0   0.3454   1.7271   0.2000   2.2317 -1862.808
 14   3    570.3    230.7   0.3473   1.7364   0.2000   2.2422 -1879.780
 14   4    569.6    231.4   0.3522   1.7612   0.2000   2.2780 -1878.920
 14   5    571.0    230.0   0.3598   1.7992   0.2000   2.3195 -1883.643
 14   6    571.0    230.0   0.3598   1.7992   0.2000   2.3195 -1883.643
 14   7    571.1    229.9   0.3524   1.7618   0.2000   2.2705 -1879.945
 14   8    571.1    229.9   0.3524   1.7618   0.2000   2.2705 -1879.945
 14   9    571.0    230.0   0.3238   1.6191   0.2000   2.0873 -1867.211
 14  10    570.5    230.5   0.3168   1.5839   0.2000   2.0442 -1857.247
 14  11    570.5    230.5   0.3227   1.6133   0.2000   2.0824 -1860.518
 14  12    569.8    231.2   0.1616   0.8079   0.2000   1.0443 -1701.011
 14  13    569.3    231.7   0.0139   0.0697   0.2000   0.0902 -1206.443
 15   1    569.8    231.2   0.3303   1.6514   0.2000   2.1348 -1853.567
 15   2    570.0    231.0   0.3398   1.6988   0.2000   2.1948 -1860.987
 15   3    570.3    230.7   0.3545   1.7726   0.2000   2.2887 -1883.899
 15   4    569.6    231.4   0.3585   1.7926   0.2000   2.3183 -1883.860
 15   5    571.0    230.0   0.3636   1.8179   0.2000   2.3434 -1886.432
 15   6    571.0    230.0   0.3636   1.8179   0.2000   2.3434 -1886.432
 15   7    571.2    229.8   0.3652   1.8261   0.2000   2.3531 -1886.004
 15   8    571.2    229.8   0.3652   1.8261   0.2000   2.3531 -1886.004
 15   9    571.0    230.0   0.3424   1.7122   0.2000   2.2071 -1876.903
 15  10    570.5    230.5   0.3323   1.6616   0.2000   2.1443 -1866.714
 15  11    570.5    230.5   0.3385   1.6923   0.2000   2.1841 -1869.889
 15  12    569.9    231.1   0.1626   0.8129   0.2000   1.0507 -1704.192
 15  13    569.3    231.7   0.0146   0.0730   0.2000   0.0945 -1208.788
 15  14    569.1    231.9   0.0090   0.0448   0.2000   0.0580 -1166.477
 16   1    569.8    231.2   0.3244   1.6222   0.2000   2.0969 -1848.515
 16   2    570.1    230.9   0.3336   1.6679   0.2000   2.1547 -1856.101
 16   3    570.4    230.6   0.3538   1.7688   0.2000   2.2836 -1881.989
 16   4    569.7    231.3   0.3519   1.7594   0.2000   2.2751 -1879.168
 16   5    571.1    229.9   0.3629   1.8143   0.2000   2.3385 -1884.458
 16   6    571.1    229.9   0.3629   1.8143   0.2000   2.3385 -1884.458
 16   7    571.2    229.8   0.3645   1.8227   0.2000   2.3485 -1884.040
 16   8    571.2    229.8   0.3645   1.8227   0.2000   2.3485 -1884.040
 16   9    571.1    229.9   0.3360   1.6799   0.2000   2.1653 -1871.947
 16  10    570.6    230.4   0.3261   1.6306   0.2000   2.1041 -1861.674
 16  11    570.5    230.5   0.3322   1.6608   0.2000   2.1432 -1864.897
 16  12    569.9    231.1   0.1592   0.7959   0.2000   1.0285 -1697.740
 16  13    569.4    231.6   0.0133   0.0667   0.2000   0.0862 -1197.196
 16  14    569.1    231.9   0.0077   0.0387   0.2000   0.0501 -1153.889
 16  15    569.2    231.8   0.0012   0.0058   0.2000   0.0075 -1090.006
 17   1    569.8    231.2   0.3244   1.6222   0.2000   2.0969 -1848.515
 17   2    570.1    230.9   0.3336   1.6679   0.2000   2.1547 -1856.101
 17   3    570.4    230.6   0.3538   1.7688   0.2000   2.2836 -1881.989
 17   4    569.7    231.3   0.3519   1.7594   0.2000   2.2751 -1879.168
 17   5    571.1    229.9   0.3629   1.8143   0.2000   2.3385 -1884.458
 17   6    571.1    229.9   0.3629   1.8143   0.2000   2.3385 -1884.458
 17   7    571.2    229.8   0.3645   1.8227   0.2000   2.3485 -1884.040
 17   8    571.2    229.8   0.3645   1.8227   0.2000   2.3485 -1884.040
 17   9    571.1    229.9   0.3360   1.6799   0.2000   2.1653 -1871.947
 17  10    570.6    230.4   0.3261   1.6306   0.2000   2.1041 -1861.674
 17  11    570.5    230.5   0.3322   1.6608   0.2000   2.1432 -1864.897
 17  12    569.9    231.1   0.1592   0.7959   0.2000   1.0285 -1697.740
 17  13    569.4    231.6   0.0133   0.0667   0.2000   0.0862 -1197.196
 17  14    569.1    231.9   0.0077   0.0387   0.2000   0.0501 -1153.889
 17  15    569.2    231.8   0.0012   0.0058   0.2000   0.0075 -1090.006
 17  16    569.2    231.8   0.0000   0.0000   0.2000   0.0000 -1071.450
 18   1    570.4    230.6   0.2991   1.4957   0.2000   1.9307 -1843.470
 18   2    570.7    230.3   0.3464   1.7322   0.2000   2.2347 -1865.858
 18   3    570.9    230.1   0.3868   1.9338   0.2000   2.4933 -1908.088
 18   4    570.3    230.7   0.3832   1.9160   0.2000   2.4742 -1904.702
 18   5    571.6    229.4   0.3501   1.7504   0.2000   2.2532 -1895.525
 18   6    571.6    229.4   0.3501   1.7504   0.2000   2.2532 -1895.525
 18   7    571.8    229.2   0.3628   1.8138   0.2000   2.3340 -1903.221
 18   8    571.8    229.2   0.3628   1.8138   0.2000   2.3340 -1903.221
 18   9    571.6    229.4   0.3664   1.8318   0.2000   2.3580 -1899.332
 18  10    571.2    229.8   0.3462   1.7310   0.2000   2.2306 -1890.968
 18  11    571.1    229.9   0.3479   1.7393   0.2000   2.2414 -1891.818
 18  12    570.5    230.5   0.1430   0.7152   0.2000   0.9230 -1671.496
 18  13    570.0    231.0   0.1169   0.5846   0.2000   0.7555 -1628.033
 18  14    569.7    231.3   0.1258   0.6289   0.2000   0.8131 -1634.554
 18  15    569.8    231.2   0.1217   0.6085   0.2000   0.7867 -1632.287
 18  16    569.8    231.2   0.1191   0.5956   0.2000   0.7699 -1625.049
 18  17    569.8    231.2   0.1191   0.5956   0.2000   0.7699 -1625.049
 19   1    569.5    231.5   0.2968   1.4840   0.2000   1.9198 -1837.985
 19   2    569.7    231.3   0.2939   1.4695   0.2000   1.8999 -1836.600
 19   3    570.0    231.0   0.3343   1.6713   0.2000   2.1597 -1884.845
 19   4    569.3    231.7   0.3615   1.8074   0.2000   2.3391 -1889.621
 19   5    570.7    230.3   0.3675   1.8375   0.2000   2.3707 -1896.255
 19   6    570.7    230.3   0.3675   1.8375   0.2000   2.3707 -1896.255
 19   7    570.8    230.2   0.3619   1.8093   0.2000   2.3334 -1897.909
 19   8    570.8    230.2   0.3619   1.8093   0.2000   2.3334 -1897.909
 19   9    570.7    230.3   0.3461   1.7304   0.2000   2.2323 -1887.320
 19  10    570.2    230.8   0.3581   1.7903   0.2000   2.3122 -1891.916
 19  11    570.2    230.8   0.3597   1.7984   0.2000   2.3229 -1892.733
 19  12    569.6    231.4   0.1434   0.7171   0.2000   0.9276 -1674.053
 19  13    569.0    232.0   0.1279   0.6394   0.2000   0.8281 -1647.758
 19  14    568.8    232.2   0.1303   0.6514   0.2000   0.8442 -1644.337
 19  15    568.8    232.2   0.1309   0.6547   0.2000   0.8484 -1648.850
 19  16    568.9    232.1   0.1282   0.6410   0.2000   0.8305 -1641.711
 19  17    568.9    232.1   0.1282   0.6410   0.2000   0.8305 -1641.711
 19  18    569.5    231.5   0.0667   0.3334   0.2000   0.4313 -1481.008
 20   1    570.0    231.0   0.3178   1.5888   0.2000   2.0531 -1849.415
 20   2    570.2    230.8   0.3226   1.6131   0.2000   2.0834 -1861.144
 20   3    570.5    230.5   0.3827   1.9137   0.2000   2.4701 -1912.383
 20   4    569.8    231.2   0.3746   1.8730   0.2000   2.4213 -1892.159
 20   5    571.2    229.8   0.3318   1.6591   0.2000   2.1380 -1882.707
 20   6    571.2    229.8   0.3318   1.6591   0.2000   2.1380 -1882.707
 20   7    571.3    229.7   0.3297   1.6486   0.2000   2.1237 -1881.704
 20   8    571.3    229.7   0.3297   1.6486   0.2000   2.1237 -1881.704
 20   9    571.2    229.8   0.3653   1.8267   0.2000   2.3538 -1888.454
 20  10    570.7    230.3   0.3584   1.7918   0.2000   2.3114 -1889.260
 20  11    570.7    230.3   0.3656   1.8278   0.2000   2.3581 -1892.008
 20  12    570.1    230.9   0.2423   1.2115   0.2000   1.5652 -1784.272
 20  13    569.5    231.5   0.2371   1.1855   0.2000   1.5336 -1791.492
 20  14    569.3    231.7   0.2337   1.1683   0.2000   1.5121 -1790.302
 20  15    569.3    231.7   0.2383   1.1917   0.2000   1.5423 -1793.722
 20  16    569.4    231.6   0.2381   1.1904   0.2000   1.5404 -1791.625
 20  17    569.4    231.6   0.2381   1.1904   0.2000   1.5404 -1791.625
 20  18    569.9    231.1   0.2098   1.0491   0.2000   1.3558 -1774.596
 20  19    569.0    232.0   0.2101   1.0505   0.2000   1.3606 -1773.830
 21   1    570.3    230.7   0.2885   1.4426   0.2000   1.8625 -1831.332
 21   2    570.6    230.4   0.3279   1.6394   0.2000   2.1155 -1855.218
 21   3    570.9    230.1   0.3541   1.7703   0.2000   2.2828 -1879.628
 21   4    570.2    230.8   0.3454   1.7268   0.2000   2.2304 -1883.038
 21   5    571.6    229.4   0.3615   1.8074   0.2000   2.3269 -1886.495
 21   6    571.6    229.4   0.3615   1.8074   0.2000   2.3269 -1886.495
 21   7    571.7    229.3   0.3760   1.8800   0.2000   2.4194 -1895.702
 21   8    571.7    229.3   0.3760   1.8800   0.2000   2.4194 -1895.702
 21   9    571.6    229.4   0.3814   1.9071   0.2000   2.4552 -1889.823
 21  10    571.1    229.9   0.3569   1.7846   0.2000   2.3002 -1884.160
 21  11    571.0    230.0   0.3559   1.7794   0.2000   2.2937 -1883.467
 21  12    570.4    230.6   0.2068   1.0338   0.2000   1.3345 -1754.850
 21  13    569.9    231.1   0.2321   1.1605   0.2000   1.5000 -1786.718
 21  14    569.6    231.4   0.2391   1.1956   0.2000   1.5461 -1793.548
 21  15    569.7    231.3   0.2437   1.2187   0.2000   1.5759 -1797.456
 21  16    569.7    231.3   0.2435   1.2174   0.2000   1.5740 -1795.403
 21  17    569.7    231.3   0.2435   1.2174   0.2000   1.5740 -1795.403
 21  18    570.3    230.7   0.2387   1.1937   0.2000   1.5413 -1787.394
 21  19    569.4    231.6   0.2442   1.2212   0.2000   1.5804 -1793.394
 21  20    569.9    231.1   0.1757   0.8784   0.2000   1.1354 -1725.022
 22   1    569.9    231.1   0.3350   1.6749   0.2000   2.1648 -1851.633
 22   2    570.1    230.9   0.3127   1.5634   0.2000   2.0196 -1842.470
 22   3    570.4    230.6   0.3635   1.8173   0.2000   2.3461 -1878.772
 22   4    569.7    231.3   0.3468   1.7339   0.2000   2.2419 -1869.265
 22   5    571.1    229.9   0.3779   1.8895   0.2000   2.4353 -1891.910
 22   6    571.1    229.9   0.3779   1.8895   0.2000   2.4353 -1891.910
 22   7    571.3    229.7   0.3414   1.7071   0.2000   2.1994 -1878.531
 22   8    571.3    229.7   0.3414   1.7071   0.2000   2.1994 -1878.531
 22   9    571.1    229.9   0.3651   1.8254   0.2000   2.3526 -1882.759
 22  10    570.6    230.4   0.3613   1.8065   0.2000   2.3309 -1880.489
 22  11    570.6    230.4   0.3559   1.7796   0.2000   2.2964 -1878.966
 22  12    570.0    231.0   0.2062   1.0311   0.2000   1.3324 -1755.133
 22  13    569.4    231.6   0.2150   1.0751   0.2000   1.3912 -1769.149
 22  14    569.2    231.8   0.2141   1.0705   0.2000   1.3858 -1763.692
 22  15    569.2    231.8   0.2209   1.1047   0.2000   1.4300 -1769.716
 22  16    569.3    231.7   0.2166   1.0829   0.2000   1.4016 -1763.948
 22  17    569.3    231.7   0.2166   1.0829   0.2000   1.4016 -1763.948
 22  18    569.9    231.1   0.2027   1.0133   0.2000   1.3098 -1754.261
 22  19    568.9    232.1   0.1996   0.9982   0.2000   1.2931 -1753.892
 22  20    569.4    231.6   0.2214   1.1069   0.2000   1.4323 -1777.027
 22  21    569.8    231.2   0.1566   0.7829   0.2000   1.0121 -1703.246
 23   1    569.8    231.2   0.3465   1.7325   0.2000   2.2395 -1855.622
 23   2    570.1    230.9   0.3088   1.5442   0.2000   1.9949 -1838.895
 23   3    570.3    230.7   0.3427   1.7136   0.2000   2.2124 -1871.259
 23   4    569.7    231.3   0.3499   1.7493   0.2000   2.2622 -1869.369
 23   5    571.0    230.0   0.3809   1.9046   0.2000   2.4551 -1893.668
 23   6    571.0    230.0   0.3809   1.9046   0.2000   2.4551 -1893.668
 23   7    571.2    229.8   0.3552   1.7762   0.2000   2.2887 -1884.402
 23   8    571.2    229.8   0.3552   1.7762   0.2000   2.2887 -1884.402
 23   9    571.0    230.0   0.3540   1.7698   0.2000   2.2813 -1880.360
 23  10    570.6    230.4   0.3577   1.7884   0.2000   2.3078 -1880.045
 23  11    570.5    230.5   0.3523   1.7613   0.2000   2.2731 -1878.504
 23  12    569.9    231.1   0.1975   0.9875   0.2000   1.2763 -1747.657
 23  13    569.3    231.7   0.2113   1.0565   0.2000   1.3672 -1769.875
 23  14    569.1    231.9   0.2147   1.0737   0.2000   1.3902 -1767.230
 23  15    569.2    231.8   0.2231   1.1157   0.2000   1.4444 -1773.621
 23  16    569.2    231.8   0.2187   1.0935   0.2000   1.4156 -1767.873
 23  17    569.2    231.8   0.2187   1.0935   0.2000   1.4156 -1767.873
 23  18    569.8    231.2   0.2028   1.0141   0.2000   1.3109 -1755.361
 23  19    568.8    232.2   0.1997   0.9986   0.2000   1.2937 -1754.766
 23  20    569.3    231.7   0.2213   1.1063   0.2000   1.4317 -1776.622
 23  21    569.7    231.3   0.1633   0.8166   0.2000   1.0558 -1708.313
 23  22    569.3    231.7   0.0070   0.0351   0.2000   0.0454 -1145.731
 24   1    569.4    231.6   0.2868   1.4338   0.2000   1.8551 -1839.030
 24   2    569.7    231.3   0.3486   1.7428   0.2000   2.2535 -1882.639
 24   3    569.9    231.1   0.3531   1.7654   0.2000   2.2814 -1886.395
 24   4    569.3    231.7   0.3653   1.8266   0.2000   2.3642 -1882.088
 24   5    570.6    230.4   0.3495   1.7474   0.2000   2.2546 -1881.049
 24   6    570.6    230.4   0.3495   1.7474   0.2000   2.2546 -1881.049
 24   7    570.8    230.2   0.3582   1.7912   0.2000   2.3103 -1886.200
 24   8    570.8    230.2   0.3582   1.7912   0.2000   2.3103 -1886.200
 24   9    570.7    230.3   0.3525   1.7627   0.2000   2.2741 -1875.244
 24  10    570.2    230.8   0.3592   1.7961   0.2000   2.3197 -1878.931
 24  11    570.2    230.8   0.3575   1.7877   0.2000   2.3091 -1878.031
 24  12    569.6    231.4   0.2433   1.2164   0.2000   1.5733 -1799.666
 24  13    569.0    232.0   0.2422   1.2108   0.2000   1.5682 -1806.690
 24  14    568.7    232.3   0.2314   1.1568   0.2000   1.4991 -1801.649
 24  15    568.8    232.2   0.2441   1.2204   0.2000   1.5814 -1808.933
 24  16    568.8    232.2   0.2393   1.1963   0.2000   1.5500 -1803.455
 24  17    568.8    232.2   0.2393   1.1963   0.2000   1.5500 -1803.455
 24  18    569.4    231.6   0.2171   1.0857   0.2000   1.4049 -1787.744
 24  19    568.5    232.5   0.2254   1.1271   0.2000   1.4615 -1791.654
 24  20    568.9    232.1   0.1945   0.9726   0.2000   1.2599 -1763.743
 24  21    569.3    231.7   0.2152   1.0759   0.2000   1.3924 -1774.610
 24  22    568.9    232.1   0.1565   0.7823   0.2000   1.0135 -1688.886
 24  23    568.8    232.2   0.1612   0.8061   0.2000   1.0445 -1696.523
 25   1    568.6    232.4   0.2984   1.4920   0.2000   1.9340 -1839.510
 25   2    568.9    232.1   0.3282   1.6411   0.2000   2.1260 -1868.579
 25   3    569.1    231.9   0.3291   1.6455   0.2000   2.1304 -1874.957
 25   4    568.5    232.5   0.3346   1.6728   0.2000   2.1692 -1869.271
 25   5    569.8    231.2   0.3348   1.6738   0.2000   2.1637 -1868.114
 25   6    569.8    231.2   0.3348   1.6738   0.2000   2.1637 -1868.114
 25   7    570.0    231.0   0.3292   1.6459   0.2000   2.1268 -1872.521
 25   8    570.0    231.0   0.3292   1.6459   0.2000   2.1268 -1872.521
 25   9    569.9    231.1   0.3227   1.6135   0.2000   2.0855 -1864.414
 25  10    569.4    231.6   0.3067   1.5334   0.2000   1.9841 -1860.554
 25  11    569.3    231.7   0.3008   1.5042   0.2000   1.9465 -1857.348
 25  12    568.8    232.2   0.2705   1.3527   0.2000   1.7529 -1815.903
 25  13    568.2    232.8   0.2694   1.3470   0.2000   1.7479 -1832.766
 25  14    567.9    233.1   0.2597   1.2983   0.2000   1.6856 -1823.496
 25  15    568.0    233.0   0.2631   1.3153   0.2000   1.7076 -1825.973
 25  16    568.0    233.0   0.2629   1.3143   0.2000   1.7061 -1824.034
 25  17    568.0    233.0   0.2629   1.3143   0.2000   1.7061 -1824.034
 25  18    568.6    232.4   0.2702   1.3510   0.2000   1.7514 -1826.222
 25  19    567.6    233.4   0.2561   1.2804   0.2000   1.6635 -1815.262
 25  20    568.1    232.9   0.2406   1.2032   0.2000   1.5614 -1796.399
 25  21    568.5    232.5   0.1890   0.9448   0.2000   1.2250 -1742.920
 25  22    568.0    233.0   0.1356   0.6782   0.2000   0.8804 -1662.265
 25  23    568.0    233.0   0.1431   0.7156   0.2000   0.9290 -1675.323
 25  24    567.6    233.4   0.1066   0.5330   0.2000   0.6926 -1596.200
 26   1    571.0    230.0   0.2945   1.4723   0.2000   1.8982 -1833.137
 26   2    571.2    229.8   0.2893   1.4463   0.2000   1.8636 -1831.183
 26   3    571.5    229.5   0.3548   1.7742   0.2000   2.2847 -1891.039
 26   4    570.8    230.2   0.2963   1.4817   0.2000   1.9110 -1850.742
 26   5    572.2    228.8   0.3238   1.6188   0.2000   2.0811 -1864.544
 26   6    572.2    228.8   0.3238   1.6188   0.2000   2.0811 -1864.544
 26   7    572.3    228.7   0.3028   1.5142   0.2000   1.9460 -1853.994
 26   8    572.3    228.7   0.3028   1.5142   0.2000   1.9460 -1853.994
 26   9    572.2    228.8   0.3387   1.6936   0.2000   2.1773 -1869.751
 26  10    571.7    229.3   0.3058   1.5290   0.2000   1.9678 -1852.040
 26  11    571.7    229.3   0.3005   1.5025   0.2000   1.9339 -1850.348
 26  12    571.1    229.9   0.1982   0.9909   0.2000   1.2773 -1765.195
 26  13    570.5    230.5   0.2451   1.2257   0.2000   1.5820 -1799.480
 26  14    570.3    230.7   0.2491   1.2456   0.2000   1.6085 -1799.179
 26  15    570.3    230.7   0.2438   1.2192   0.2000   1.5742 -1797.545
 26  16    570.4    230.6   0.2390   1.1950   0.2000   1.5427 -1791.929
 26  17    570.4    230.6   0.2390   1.1950   0.2000   1.5427 -1791.929
 26  18    570.9    230.1   0.2354   1.1771   0.2000   1.5177 -1785.450
 26  19    570.0    231.0   0.2223   1.1117   0.2000   1.4365 -1781.519
 26  20    570.5    230.5   0.1795   0.8975   0.2000   1.1585 -1718.823
 26  21    570.9    230.1   0.1753   0.8767   0.2000   1.1306 -1712.646
 26  22    570.4    230.6   0.1974   0.9870   0.2000   1.2742 -1739.483
 26  23    570.3    230.7   0.2112   1.0558   0.2000   1.3632 -1752.623
 26  24    569.9    231.1   0.2093   1.0464   0.2000   1.3523 -1764.178
 26  25    569.1    231.9   0.2102   1.0508   0.2000   1.3605 -1760.936
 27   1    571.0    230.0   0.2945   1.4723   0.2000   1.8982 -1833.137
 27   2    571.2    229.8   0.2893   1.4463   0.2000   1.8636 -1831.183
 27   3    571.5    229.5   0.3548   1.7742   0.2000   2.2847 -1891.039
 27   4    570.8    230.2   0.2963   1.4817   0.2000   1.9110 -1850.742
 27   5    572.2    228.8   0.3238   1.6188   0.2000   2.0811 -1864.544
 27   6    572.2    228.8   0.3238   1.6188   0.2000   2.0811 -1864.544
 27   7    572.3    228.7   0.3028   1.5142   0.2000   1.9460 -1853.994
 27   8    572.3    228.7   0.3028   1.5142   0.2000   1.9460 -1853.994
 27   9    572.2    228.8   0.3387   1.6936   0.2000   2.1773 -1869.751
 27  10    571.7    229.3   0.3058   1.5290   0.2000   1.9678 -1852.040
 27  11    571.7    229.3   0.3005   1.5025   0.2000   1.9339 -1850.348
 27  12    571.1    229.9   0.1982   0.9909   0.2000   1.2773 -1765.195
 27  13    570.5    230.5   0.2451   1.2257   0.2000   1.5820 -1799.480
 27  14    570.3    230.7   0.2491   1.2456   0.2000   1.6085 -1799.179
 27  15    570.3    230.7   0.2438   1.2192   0.2000   1.5742 -1797.545
 27  16    570.4    230.6   0.2390   1.1950   0.2000   1.5427 -1791.929
 27  17    570.4    230.6   0.2390   1.1950   0.2000   1.5427 -1791.929
 27  18    570.9    230.1   0.2354   1.1771   0.2000   1.5177 -1785.450
 27  19    570.0    231.0   0.2223   1.1117   0.2000   1.4365 -1781.519
 27  20    570.5    230.5   0.1795   0.8975   0.2000   1.1585 -1718.823
 27  21    570.9    230.1   0.1753   0.8767   0.2000   1.1306 -1712.646
 27  22    570.4    230.6   0.1974   0.9870   0.2000   1.2742 -1739.483
 27  23    570.3    230.7   0.2112   1.0558   0.2000   1.3632 -1752.623
 27  24    569.9    231.1   0.2093   1.0464   0.2000   1.3523 -1764.178
 27  25    569.1    231.9   0.2102   1.0508   0.2000   1.3605 -1760.936
 27  26    571.5    229.5   0.0000   0.0000   0.2000   0.0000 -1069.894
 28   1    570.9    230.1   0.2761   1.3807   0.2000   1.7804 -1819.711
 28   2    571.1    229.9   0.2706   1.3532   0.2000   1.7441 -1811.180
 28   3    571.4    229.6   0.3248   1.6242   0.2000   2.0921 -1856.596
 28   4    570.7    230.3   0.3136   1.5678   0.2000   2.0225 -1838.624
 28   5    572.0    229.0   0.3240   1.6202   0.2000   2.0838 -1856.367
 28   6    572.0    229.0   0.3240   1.6202   0.2000   2.0838 -1856.367
 28   7    572.2    228.8   0.3018   1.5090   0.2000   1.9400 -1843.115
 28   8    572.2    228.8   0.3018   1.5090   0.2000   1.9400 -1843.115
 28   9    572.0    229.0   0.3431   1.7154   0.2000   2.2060 -1859.356
 28  10    571.6    229.4   0.3130   1.5649   0.2000   2.0146 -1846.958
 28  11    571.5    229.5   0.3137   1.5686   0.2000   2.0195 -1848.366
 28  12    571.0    230.0   0.2399   1.1996   0.2000   1.5465 -1786.550
 28  13    570.4    230.6   0.2393   1.1964   0.2000   1.5445 -1793.746
 28  14    570.2    230.8   0.2448   1.2242   0.2000   1.5812 -1795.479
 28  15    570.2    230.8   0.2494   1.2469   0.2000   1.6103 -1799.511
 28  16    570.3    230.7   0.2491   1.2454   0.2000   1.6083 -1797.413
 28  17    570.3    230.7   0.2491   1.2454   0.2000   1.6083 -1797.413
 28  18    570.8    230.2   0.2577   1.2883   0.2000   1.6614 -1793.438
 28  19    569.9    231.1   0.2424   1.2122   0.2000   1.5667 -1789.780
 28  20    570.4    230.6   0.2311   1.1553   0.2000   1.4916 -1793.397
 28  21    570.7    230.3   0.1839   0.9195   0.2000   1.1861 -1726.995
 28  22    570.3    230.7   0.2114   1.0572   0.2000   1.3651 -1763.151
 28  23    570.2    230.8   0.2074   1.0372   0.2000   1.3394 -1763.657
 28  24    569.8    231.2   0.2289   1.1447   0.2000   1.4797 -1783.429
 28  25    569.0    232.0   0.1978   0.9891   0.2000   1.2810 -1746.745
 28  26    571.4    229.6   0.1842   0.9208   0.2000   1.1861 -1726.245
 28  27    571.4    229.6   0.1842   0.9208   0.2000   1.1861 -1726.245
 29   1    571.1    229.9   0.2775   1.3877   0.2000   1.7885 -1818.427
 29   2    571.4    229.6   0.2907   1.4535   0.2000   1.8721 -1830.319
 29   3    571.6    229.4   0.3075   1.5373   0.2000   1.9791 -1855.564
 29   4    571.0    230.0   0.3018   1.5089   0.2000   1.9454 -1839.194
 29   5    572.2    228.8   0.2928   1.4640   0.2000   1.8822 -1839.104
 29   6    572.2    228.8   0.2928   1.4640   0.2000   1.8822 -1839.104
 29   7    572.3    228.7   0.3114   1.5570   0.2000   2.0010 -1853.525
 29   8    572.3    228.7   0.3114   1.5570   0.2000   2.0010 -1853.525
 29   9    572.3    228.7   0.3083   1.5416   0.2000   1.9815 -1841.258
 29  10    571.8    229.2   0.2838   1.4191   0.2000   1.8259 -1828.240
 29  11    571.8    229.2   0.2856   1.4279   0.2000   1.8375 -1829.774
 29  12    571.3    229.7   0.2283   1.1415   0.2000   1.4707 -1767.518
 29  13    570.7    230.3   0.2226   1.1132   0.2000   1.4361 -1772.652
 29  14    570.4    230.6   0.2360   1.1802   0.2000   1.5236 -1788.178
 29  15    570.4    230.6   0.2301   1.1506   0.2000   1.4852 -1783.938
 29  16    570.5    230.5   0.2255   1.1275   0.2000   1.4552 -1778.101
 29  17    570.5    230.5   0.2255   1.1275   0.2000   1.4552 -1778.101
 29  18    571.1    229.9   0.2235   1.1174   0.2000   1.4403 -1776.498
 29  19    570.2    230.8   0.2219   1.1095   0.2000   1.4331 -1786.084
 29  20    570.6    230.4   0.2412   1.2062   0.2000   1.5565 -1797.250
 29  21    571.0    230.0   0.1823   0.9117   0.2000   1.1754 -1723.303
 29  22    570.5    230.5   0.2179   1.0896   0.2000   1.4062 -1771.848
 29  23    570.5    230.5   0.2146   1.0730   0.2000   1.3849 -1769.691
 29  24    570.1    230.9   0.2174   1.0868   0.2000   1.4041 -1779.781
 29  25    569.3    231.7   0.1918   0.9589   0.2000   1.2411 -1751.369
 29  26    571.6    229.4   0.1798   0.8988   0.2000   1.1571 -1709.546
 29  27    571.6    229.4   0.1798   0.8988   0.2000   1.1571 -1709.546
 29  28    571.5    229.5   0.1143   0.5714   0.2000   0.7357 -1600.674
 30   1    571.1    229.9   0.2775   1.3877   0.2000   1.7885 -1818.427
 30   2    571.4    229.6   0.2907   1.4535   0.2000   1.8721 -1830.319
 30   3    571.6    229.4   0.3075   1.5373   0.2000   1.9791 -1855.564
 30   4    571.0    230.0   0.3018   1.5089   0.2000   1.9454 -1839.194
 30   5    572.2    228.8   0.2928   1.4640   0.2000   1.8822 -1839.104
 30   6    572.2    228.8   0.2928   1.4640   0.2000   1.8822 -1839.104
 30   7    572.3    228.7   0.3114   1.5570   0.2000   2.0010 -1853.525
 30   8    572.3    228.7   0.3114   1.5570   0.2000   2.0010 -1853.525
 30   9    572.3    228.7   0.3083   1.5416   0.2000   1.9815 -1841.258
 30  10    571.8    229.2   0.2838   1.4191   0.2000   1.8259 -1828.240
 30  11    571.8    229.2   0.2856   1.4279   0.2000   1.8375 -1829.774
 30  12    571.3    229.7   0.2283   1.1415   0.2000   1.4707 -1767.518
 30  13    570.7    230.3   0.2226   1.1132   0.2000   1.4361 -1772.652
 30  14    570.4    230.6   0.2360   1.1802   0.2000   1.5236 -1788.178
 30  15    570.4    230.6   0.2301   1.1506   0.2000   1.4852 -1783.938
 30  16    570.5    230.5   0.2255   1.1275   0.2000   1.4552 -1778.101
 30  17    570.5    230.5   0.2255   1.1275   0.2000   1.4552 -1778.101
 30  18    571.1    229.9   0.2235   1.1174   0.2000   1.4403 -1776.498
 30  19    570.2    230.8   0.2219   1.1095   0.2000   1.4331 -1786.084
 30  20    570.6    230.4   0.2412   1.2062   0.2000   1.5565 -1797.250
 30  21    571.0    230.0   0.1823   0.9117   0.2000   1.1754 -1723.303
 30  22    570.5    230.5   0.2179   1.0896   0.2000   1.4062 -1771.848
 30  23    570.5    230.5   0.2146   1.0730   0.2000   1.3849 -1769.691
 30  24    570.1    230.9   0.2174   1.0868   0.2000   1.4041 -1779.781
 30  25    569.3    231.7   0.1918   0.9589   0.2000   1.2411 -1751.369
 30  26    571.6    229.4   0.1798   0.8988   0.2000   1.1571 -1709.546
 30  27    571.6    229.4   0.1798   0.8988   0.2000   1.1571 -1709.546
 30  28    571.5    229.5   0.1143   0.5714   0.2000   0.7357 -1600.674
 30  29    571.9    229.1   0.0000   0.0000   0.2000   0.0000 -1062.111
 31   1    570.4    230.6   0.3011   1.5055   0.2000   1.9436 -1839.448
 31   2    570.6    230.4   0.2909   1.4545   0.2000   1.8766 -1822.621
 31   3    570.9    230.1   0.3408   1.7040   0.2000   2.1974 -1868.525
 31   4    570.2    230.8   0.3361   1.6806   0.2000   2.1704 -1858.825
 31   5    571.5    229.5   0.3282   1.6409   0.2000   2.1130 -1861.931
 31   6    571.5    229.5   0.3282   1.6409   0.2000   2.1130 -1861.931
 31   7    571.6    229.4   0.3070   1.5348   0.2000   1.9756 -1853.646
 31   8    571.6    229.4   0.3070   1.5348   0.2000   1.9756 -1853.646
 31   9    571.5    229.5   0.3032   1.5159   0.2000   1.9517 -1839.972
 31  10    571.1    229.9   0.3311   1.6555   0.2000   2.1338 -1854.490
 31  11    571.0    230.0   0.3262   1.6312   0.2000   2.1027 -1853.757
 31  12    570.5    230.5   0.2660   1.3300   0.2000   1.7166 -1810.062
 31  13    569.9    231.1   0.2645   1.3227   0.2000   1.7095 -1806.249
 31  14    569.6    231.4   0.2738   1.3689   0.2000   1.7703 -1817.783
 31  15    569.7    231.3   0.2699   1.3497   0.2000   1.7452 -1814.374
 31  16    569.8    231.2   0.2695   1.3476   0.2000   1.7422 -1812.195
 31  17    569.8    231.2   0.2695   1.3476   0.2000   1.7422 -1812.195
 31  18    570.4    230.6   0.2259   1.1295   0.2000   1.4583 -1782.016
 31  19    569.4    231.6   0.2168   1.0842   0.2000   1.4028 -1770.622
 31  20    569.9    231.1   0.2277   1.1383   0.2000   1.4712 -1786.615
 31  21    570.2    230.8   0.2049   1.0244   0.2000   1.3229 -1741.706
 31  22    569.8    231.2   0.2369   1.1845   0.2000   1.5312 -1793.849
 31  23    569.7    231.3   0.2415   1.2075   0.2000   1.5612 -1799.619
 31  24    569.4    231.6   0.2415   1.2076   0.2000   1.5627 -1802.321
 31  25    568.6    232.4   0.2262   1.1308   0.2000   1.4659 -1790.679
 31  26    570.9    230.1   0.2064   1.0318   0.2000   1.3304 -1748.352
 31  27    570.9    230.1   0.2064   1.0318   0.2000   1.3304 -1748.352
 31  28    570.8    230.2   0.1362   0.6808   0.2000   0.8781 -1642.289
 31  29    571.2    229.8   0.1378   0.6891   0.2000   0.8880 -1650.059
 31  30    571.2    229.8   0.1378   0.6891   0.2000   0.8880 -1650.059
 32   1    570.7    230.3   0.2769   1.3843   0.2000   1.7860 -1808.959
 32   2    570.9    230.1   0.2873   1.4365   0.2000   1.8522 -1825.801
 32   3    571.2    229.8   0.3506   1.7528   0.2000   2.2587 -1872.088
 32   4    570.5    230.5   0.3118   1.5591   0.2000   2.0123 -1840.131
 32   5    571.8    229.2   0.3316   1.6581   0.2000   2.1335 -1859.494
 32   6    571.8    229.2   0.3316   1.6581   0.2000   2.1335 -1859.494
 32   7    572.0    229.0   0.3293   1.6464   0.2000   2.1177 -1857.397
 32   8    572.0    229.0   0.3293   1.6464   0.2000   2.1177 -1857.397
 32   9    571.8    229.2   0.3193   1.5964   0.2000   2.0539 -1849.270
 32  10    571.4    229.6   0.3147   1.5736   0.2000   2.0269 -1841.569
 32  11    571.3    229.7   0.3099   1.5496   0.2000   1.9961 -1840.710
 32  12    570.8    230.2   0.2574   1.2872   0.2000   1.6604 -1795.811
 32  13    570.2    230.8   0.2490   1.2449   0.2000   1.6079 -1798.350
 32  14    569.9    231.1   0.2481   1.2406   0.2000   1.6032 -1799.552
 32  15    570.0    231.0   0.2374   1.1870   0.2000   1.5338 -1792.259
 32  16    570.0    231.0   0.2326   1.1630   0.2000   1.5026 -1786.481
 32  17    570.0    231.0   0.2326   1.1630   0.2000   1.5026 -1786.481
 32  18    570.7    230.3   0.2293   1.1464   0.2000   1.4791 -1776.428
 32  19    569.7    231.3   0.2344   1.1719   0.2000   1.5152 -1785.094
 32  20    570.2    230.8   0.2214   1.1068   0.2000   1.4295 -1785.535
 32  21    570.5    230.5   0.1724   0.8622   0.2000   1.1127 -1711.695
 32  22    570.1    230.9   0.2043   1.0213   0.2000   1.3194 -1767.558
 32  23    570.0    231.0   0.2151   1.0754   0.2000   1.3895 -1777.226
 32  24    569.7    231.3   0.2293   1.1464   0.2000   1.4824 -1787.805
 32  25    568.9    232.1   0.2180   1.0899   0.2000   1.4120 -1780.227
 32  26    571.2    229.8   0.1471   0.7354   0.2000   0.9477 -1675.631
 32  27    571.2    229.8   0.1471   0.7354   0.2000   0.9477 -1675.631
 32  28    571.1    229.9   0.1199   0.5995   0.2000   0.7726 -1604.807
 32  29    571.4    229.6   0.1238   0.6189   0.2000   0.7970 -1611.047
 32  30    571.4    229.6   0.1238   0.6189   0.2000   0.7970 -1611.047
 32  31    570.6    230.4   0.0994   0.4968   0.2000   0.6410 -1553.013
 33   1    572.1    228.9   0.3008   1.5039   0.2000   1.9340 -1835.609
 33   2    572.3    228.7   0.3147   1.5737   0.2000   2.0226 -1836.656
 33   3    572.6    228.4   0.3435   1.7176   0.2000   2.2059 -1875.237
 33   4    571.9    229.1   0.3285   1.6424   0.2000   2.1129 -1858.346
 33   5    573.3    227.7   0.3347   1.6734   0.2000   2.1455 -1866.625
 33   6    573.3    227.7   0.3347   1.6734   0.2000   2.1455 -1866.625
 33   7    573.5    227.5   0.3276   1.6382   0.2000   2.0997 -1865.268
 33   8    573.5    227.5   0.3276   1.6382   0.2000   2.0997 -1865.268
 33   9    573.3    227.7   0.3355   1.6775   0.2000   2.1510 -1870.440
 33  10    572.8    228.2   0.3301   1.6503   0.2000   2.1185 -1866.387
 33  11    572.8    228.2   0.3254   1.6271   0.2000   2.0889 -1864.967
 33  12    572.1    228.9   0.2130   1.0650   0.2000   1.3694 -1763.117
 33  13    571.6    229.4   0.2279   1.1394   0.2000   1.4669 -1787.540
 33  14    571.4    229.6   0.2270   1.1348   0.2000   1.4615 -1785.079
 33  15    571.4    229.6   0.2295   1.1475   0.2000   1.4778 -1788.061
 33  16    571.5    229.5   0.2251   1.1253   0.2000   1.4490 -1782.259
 33  17    571.5    229.5   0.2251   1.1253   0.2000   1.4490 -1782.259
 33  18    572.1    228.9   0.2054   1.0268   0.2000   1.3204 -1757.849
 33  19    571.1    229.9   0.1974   0.9871   0.2000   1.2722 -1747.157
 33  20    571.6    229.4   0.2113   1.0566   0.2000   1.3602 -1758.669
 33  21    572.0    229.0   0.1788   0.8941   0.2000   1.1500 -1714.500
 33  22    571.5    229.5   0.1752   0.8758   0.2000   1.1277 -1706.344
 33  23    571.5    229.5   0.1818   0.9089   0.2000   1.1705 -1711.488
 33  24    571.1    229.9   0.1979   0.9894   0.2000   1.2753 -1760.008
 33  25    570.3    230.7   0.1901   0.9505   0.2000   1.2273 -1752.753
 33  26    572.6    228.4   0.1623   0.8114   0.2000   1.0422 -1689.495
 33  27    572.6    228.4   0.1623   0.8114   0.2000   1.0422 -1689.495
 33  28    572.4    228.6   0.1849   0.9247   0.2000   1.1881 -1718.248
 33  29    572.6    228.4   0.1619   0.8094   0.2000   1.0396 -1682.831
 33  30    572.6    228.4   0.1619   0.8094   0.2000   1.0396 -1682.831
 33  31    571.9    229.1   0.1813   0.9067   0.2000   1.1665 -1720.343
 33  32    572.2    228.8   0.1529   0.7647   0.2000   0.9830 -1673.993
 34   1    572.1    228.9   0.3008   1.5039   0.2000   1.9340 -1835.609
 34   2    572.3    228.7   0.3147   1.5737   0.2000   2.0226 -1836.656
 34   3    572.6    228.4   0.3435   1.7176   0.2000   2.2059 -1875.237
 34   4    571.9    229.1   0.3285   1.6424   0.2000   2.1129 -1858.346
 34   5    573.3    227.7   0.3347   1.6734   0.2000   2.1455 -1866.625
 34   6    573.3    227.7   0.3347   1.6734   0.2000   2.1455 -1866.625
 34   7    573.5    227.5   0.3276   1.6382   0.2000   2.0997 -1865.268
 34   8    573.5    227.5   0.3276   1.6382   0.2000   2.0997 -1865.268
 34   9    573.3    227.7   0.3355   1.6775   0.2000   2.1510 -1870.440
 34  10    572.8    228.2   0.3301   1.6503   0.2000   2.1185 -1866.387
 34  11    572.8    228.2   0.3254   1.6271   0.2000   2.0889 -1864.967
 34  12    572.1    228.9   0.2130   1.0650   0.2000   1.3694 -1763.117
 34  13    571.6    229.4   0.2279   1.1394   0.2000   1.4669 -1787.540
 34  14    571.4    229.6   0.2270   1.1348   0.2000   1.4615 -1785.079
 34  15    571.4    229.6   0.2295   1.1475   0.2000   1.4778 -1788.061
 34  16    571.5    229.5   0.2251   1.1253   0.2000   1.4490 -1782.259
 34  17    571.5    229.5   0.2251   1.1253   0.2000   1.4490 -1782.259
 34  18    572.1    228.9   0.2054   1.0268   0.2000   1.3204 -1757.849
 34  19    571.1    229.9   0.1974   0.9871   0.2000   1.2722 -1747.157
 34  20    571.6    229.4   0.2113   1.0566   0.2000   1.3602 -1758.669
 34  21    572.0    229.0   0.1788   0.8941   0.2000   1.1500 -1714.500
 34  22    571.5    229.5   0.1752   0.8758   0.2000   1.1277 -1706.344
 34  23    571.5    229.5   0.1818   0.9089   0.2000   1.1705 -1711.488
 34  24    571.1    229.9   0.1979   0.9894   0.2000   1.2753 -1760.008
 34  25    570.3    230.7   0.1901   0.9505   0.2000   1.2273 -1752.753
 34  26    572.6    228.4   0.1623   0.8114   0.2000   1.0422 -1689.495
 34  27    572.6    228.4   0.1623   0.8114   0.2000   1.0422 -1689.495
 34  28    572.4    228.6   0.1849   0.9247   0.2000   1.1881 -1718.248
 34  29    572.6    228.4   0.1619   0.8094   0.2000   1.0396 -1682.831
 34  30    572.6    228.4   0.1619   0.8094   0.2000   1.0396 -1682.831
 34  31    571.9    229.1   0.1813   0.9067   0.2000   1.1665 -1720.343
 34  32    572.2    228.8   0.1529   0.7647   0.2000   0.9830 -1673.993
 34  33    573.7    227.3   0.0000   0.0000   0.2000   0.0000 -1065.968
 35   1    569.2    231.8   0.2850   1.4252   0.2000   1.8449 -1831.460
 35   2    569.5    231.5   0.2890   1.4450   0.2000   1.8694 -1837.910
 35   3    569.7    231.3   0.3383   1.6916   0.2000   2.1872 -1878.898
 35   4    569.1    231.9   0.3171   1.5854   0.2000   2.0530 -1865.082
 35   5    570.4    230.6   0.3140   1.5699   0.2000   2.0267 -1864.540
 35   6    570.4    230.6   0.3140   1.5699   0.2000   2.0267 -1864.540
 35   7    570.5    230.5   0.2960   1.4802   0.2000   1.9103 -1846.485
 35   8    570.5    230.5   0.2960   1.4802   0.2000   1.9103 -1846.485
 35   9    570.4    230.6   0.3184   1.5919   0.2000   2.0549 -1867.571
 35  10    570.0    231.0   0.2837   1.4187   0.2000   1.8334 -1844.165
 35  11    569.9    231.1   0.2888   1.4440   0.2000   1.8662 -1847.023
 35  12    569.3    231.7   0.2221   1.1107   0.2000   1.4374 -1781.127
 35  13    568.7    232.3   0.1965   0.9825   0.2000   1.2732 -1757.196
 35  14    568.5    232.5   0.1965   0.9825   0.2000   1.2739 -1755.561
 35  15    568.5    232.5   0.2015   1.0073   0.2000   1.3060 -1761.504
 35  16    568.6    232.4   0.1974   0.9870   0.2000   1.2795 -1755.501
 35  17    568.6    232.4   0.1974   0.9870   0.2000   1.2795 -1755.501
 35  18    569.2    231.8   0.1883   0.9415   0.2000   1.2188 -1759.417
 35  19    568.2    232.8   0.2154   1.0770   0.2000   1.3974 -1777.953
 35  20    568.7    232.3   0.1864   0.9318   0.2000   1.2076 -1756.666
 35  21    569.1    231.9   0.1677   0.8386   0.2000   1.0858 -1728.665
 35  22    568.6    232.4   0.1680   0.8398   0.2000   1.0886 -1731.209
 35  23    568.6    232.4   0.1673   0.8367   0.2000   1.0847 -1728.817
 35  24    568.2    232.8   0.1745   0.8726   0.2000   1.1322 -1747.084
 35  25    567.4    233.6   0.1977   0.9884   0.2000   1.2849 -1777.300
 35  26    569.7    231.3   0.1766   0.8831   0.2000   1.1418 -1741.165
 35  27    569.7    231.3   0.1766   0.8831   0.2000   1.1418 -1741.165
 35  28    569.6    231.4   0.1895   0.9477   0.2000   1.2256 -1749.139
 35  29    569.9    231.1   0.2171   1.0857   0.2000   1.4031 -1787.524
 35  30    569.9    231.1   0.2171   1.0857   0.2000   1.4031 -1787.524
 35  31    569.2    231.8   0.2065   1.0325   0.2000   1.3366 -1769.010
 35  32    569.5    231.5   0.2026   1.0128   0.2000   1.3103 -1767.206
 35  33    570.8    230.2   0.1798   0.8990   0.2000   1.1595 -1727.818
 35  34    570.8    230.2   0.1798   0.8990   0.2000   1.1595 -1727.818
 36   1    570.0    231.0   0.2969   1.4843   0.2000   1.9179 -1835.176
 36   2    570.3    230.7   0.2935   1.4675   0.2000   1.8950 -1838.913
 36   3    570.5    230.5   0.3724   1.8621   0.2000   2.4031 -1889.746
 36   4    569.8    231.2   0.3436   1.7181   0.2000   2.2209 -1867.531
 36   5    571.2    229.8   0.3601   1.8003   0.2000   2.3196 -1879.685
 36   6    571.2    229.8   0.3601   1.8003   0.2000   2.3196 -1879.685
 36   7    571.4    229.6   0.3507   1.7536   0.2000   2.2586 -1879.941
 36   8    571.4    229.6   0.3507   1.7536   0.2000   2.2586 -1879.941
 36   9    571.2    229.8   0.3388   1.6941   0.2000   2.1828 -1868.915
 36  10    570.7    230.3   0.3644   1.8218   0.2000   2.3500 -1878.722
 36  11    570.7    230.3   0.3597   1.7986   0.2000   2.3204 -1877.362
 36  12    570.1    230.9   0.2171   1.0855   0.2000   1.4025 -1759.820
 36  13    569.5    231.5   0.2313   1.1567   0.2000   1.4963 -1783.149
 36  14    569.3    231.7   0.2402   1.2009   0.2000   1.5543 -1791.288
 36  15    569.3    231.7   0.2402   1.2012   0.2000   1.5545 -1792.221
 36  16    569.4    231.6   0.2355   1.1776   0.2000   1.5238 -1786.585
 36  17    569.4    231.6   0.2355   1.1776   0.2000   1.5238 -1786.585
 36  18    570.0    231.0   0.2161   1.0807   0.2000   1.3963 -1781.347
 36  19    569.0    232.0   0.2079   1.0394   0.2000   1.3461 -1761.210
 36  20    569.5    231.5   0.1845   0.9224   0.2000   1.1932 -1738.723
 36  21    569.9    231.1   0.1696   0.8481   0.2000   1.0961 -1707.331
 36  22    569.4    231.6   0.2064   1.0319   0.2000   1.3350 -1764.831
 36  23    569.4    231.6   0.2135   1.0677   0.2000   1.3816 -1773.162
 36  24    569.0    232.0   0.2024   1.0120   0.2000   1.3105 -1757.486
 36  25    568.2    232.8   0.2154   1.0772   0.2000   1.3977 -1775.030
 36  26    570.5    230.5   0.1820   0.9100   0.2000   1.1744 -1723.920
 36  27    570.5    230.5   0.1820   0.9100   0.2000   1.1744 -1723.920
 36  28    570.4    230.6   0.2002   1.0012   0.2000   1.2923 -1746.286
 36  29    570.7    230.3   0.2188   1.0940   0.2000   1.4113 -1759.025
 36  30    570.7    230.3   0.2188   1.0940   0.2000   1.4113 -1759.025
 36  31    569.9    231.1   0.1903   0.9517   0.2000   1.2300 -1733.051
 36  32    570.2    230.8   0.1818   0.9091   0.2000   1.1741 -1727.459
 36  33    571.6    229.4   0.1735   0.8676   0.2000   1.1168 -1724.065
 36  34    571.6    229.4   0.1735   0.8676   0.2000   1.1168 -1724.065
 36  35    568.8    232.2   0.1365   0.6827   0.2000   0.8846 -1672.261
 37   1    569.0    232.0   0.3031   1.5157   0.2000   1.9632 -1839.447
 37   2    569.2    231.8   0.3200   1.6000   0.2000   2.0712 -1857.275
 37   3    569.5    231.5   0.3652   1.8260   0.2000   2.3623 -1892.514
 37   4    568.8    232.2   0.3243   1.6217   0.2000   2.1014 -1862.360
 37   5    570.2    230.8   0.3386   1.6931   0.2000   2.1870 -1876.854
 37   6    570.2    230.8   0.3386   1.6931   0.2000   2.1870 -1876.854
 37   7    570.3    230.7   0.3313   1.6563   0.2000   2.1386 -1876.610
 37   8    570.3    230.7   0.3313   1.6563   0.2000   2.1386 -1876.610
 37   9    570.2    230.8   0.3116   1.5578   0.2000   2.0121 -1861.074
 37  10    569.7    231.3   0.3282   1.6412   0.2000   2.1222 -1868.162
 37  11    569.6    231.4   0.3289   1.6443   0.2000   2.1264 -1868.715
 37  12    569.0    232.0   0.2035   1.0174   0.2000   1.3176 -1751.462
 37  13    568.5    232.5   0.2011   1.0055   0.2000   1.3039 -1763.067
 37  14    568.2    232.8   0.2046   1.0229   0.2000   1.3272 -1770.281
 37  15    568.3    232.7   0.2038   1.0188   0.2000   1.3217 -1771.404
 37  16    568.3    232.7   0.1996   0.9980   0.2000   1.2945 -1765.475
 37  17    568.3    232.7   0.1996   0.9980   0.2000   1.2945 -1765.475
 37  18    568.9    232.1   0.2105   1.0524   0.2000   1.3631 -1786.605
 37  19    568.0    233.0   0.2017   1.0087   0.2000   1.3095 -1769.513
 37  20    568.5    232.5   0.2081   1.0407   0.2000   1.3496 -1756.408
 37  21    568.8    232.2   0.1559   0.7793   0.2000   1.0097 -1698.792
 37  22    568.4    232.6   0.1654   0.8270   0.2000   1.0726 -1728.930
 37  23    568.3    232.7   0.1715   0.8573   0.2000   1.1120 -1739.154
 37  24    568.0    233.0   0.2085   1.0424   0.2000   1.3534 -1770.209
 37  25    567.1    233.9   0.1900   0.9499   0.2000   1.2356 -1751.435
 37  26    569.5    231.5   0.1635   0.8175   0.2000   1.0575 -1704.813
 37  27    569.5    231.5   0.1635   0.8175   0.2000   1.0575 -1704.813
 37  28    569.4    231.6   0.2086   1.0432   0.2000   1.3499 -1764.515
 37  29    569.7    231.3   0.1901   0.9504   0.2000   1.2290 -1751.077
 37  30    569.7    231.3   0.1901   0.9504   0.2000   1.2290 -1751.077
 37  31    568.9    232.1   0.2096   1.0482   0.2000   1.3579 -1761.046
 37  32    569.2    231.8   0.1845   0.9225   0.2000   1.1943 -1734.436
 37  33    570.6    230.4   0.1863   0.9313   0.2000   1.2017 -1739.196
 37  34    570.6    230.4   0.1863   0.9313   0.2000   1.2017 -1739.196
 37  35    567.7    233.3   0.1343   0.6714   0.2000   0.8722 -1656.971
 37  36    568.5    232.5   0.0799   0.3997   0.2000   0.5183 -1508.307
 38   1    569.0    232.0   0.2598   1.2989   0.2000   1.6823 -1812.432
 38   2    569.2    231.8   0.3327   1.6634   0.2000   2.1531 -1870.772
 38   3    569.5    231.5   0.3635   1.8173   0.2000   2.3508 -1886.365
 38   4    568.8    232.2   0.3348   1.6742   0.2000   2.1692 -1869.451
 38   5    570.2    230.8   0.3307   1.6536   0.2000   2.1356 -1870.459
 38   6    570.2    230.8   0.3307   1.6536   0.2000   2.1356 -1870.459
 38   7    570.4    230.6   0.3302   1.6512   0.2000   2.1317 -1871.238
 38   8    570.4    230.6   0.3302   1.6512   0.2000   2.1317 -1871.238
 38   9    570.2    230.8   0.3263   1.6316   0.2000   2.1071 -1867.257
 38  10    569.7    231.3   0.3189   1.5944   0.2000   2.0614 -1858.744
 38  11    569.7    231.3   0.3137   1.5685   0.2000   2.0281 -1856.983
 38  12    569.1    231.9   0.2276   1.1379   0.2000   1.4735 -1773.734
 38  13    568.5    232.5   0.2344   1.1721   0.2000   1.5197 -1800.231
 38  14    568.3    232.7   0.2352   1.1758   0.2000   1.5254 -1800.633
 38  15    568.3    232.7   0.2326   1.1630   0.2000   1.5086 -1800.627
 38  16    568.4    232.6   0.2279   1.1397   0.2000   1.4781 -1795.010
 38  17    568.4    232.6   0.2279   1.1397   0.2000   1.4781 -1795.010
 38  18    569.0    232.0   0.2074   1.0372   0.2000   1.3433 -1783.169
 38  19    568.0    233.0   0.1980   0.9899   0.2000   1.2851 -1764.339
 38  20    568.5    232.5   0.2075   1.0377   0.2000   1.3455 -1761.476
 38  21    568.9    232.1   0.1732   0.8659   0.2000   1.1218 -1715.648
 38  22    568.4    232.6   0.1850   0.9248   0.2000   1.1994 -1745.412
 38  23    568.4    232.6   0.1869   0.9343   0.2000   1.2118 -1747.315
 38  24    568.0    233.0   0.2050   1.0252   0.2000   1.3309 -1770.227
 38  25    567.2    233.8   0.1929   0.9646   0.2000   1.2547 -1759.531
 38  26    569.5    231.5   0.1654   0.8272   0.2000   1.0700 -1712.839
 38  27    569.5    231.5   0.1654   0.8272   0.2000   1.0700 -1712.839
 38  28    569.4    231.6   0.1971   0.9856   0.2000   1.2753 -1752.182
 38  29    569.7    231.3   0.2189   1.0945   0.2000   1.4153 -1784.028
 38  30    569.7    231.3   0.2189   1.0945   0.2000   1.4153 -1784.028
 38  31    568.9    232.1   0.1900   0.9498   0.2000   1.2303 -1746.017
 38  32    569.2    231.8   0.1914   0.9569   0.2000   1.2388 -1744.473
 38  33    570.6    230.4   0.1774   0.8869   0.2000   1.1442 -1733.410
 38  34    570.6    230.4   0.1774   0.8869   0.2000   1.1442 -1733.410
 38  35    567.7    233.3   0.1277   0.6383   0.2000   0.8290 -1649.164
 38  36    568.5    232.5   0.0732   0.3658   0.2000   0.4743 -1499.604
 38  37    567.5    233.5   0.0561   0.2803   0.2000   0.3643 -1425.497

