Supplemental results for CODEML (seqf: /gpfs/scratch/cltucker/EBH381-Group-Project/SIV_aligned_NEF.fas  treef: )


pairwise comparison (Goldman & Yang 1994)
seq seq        N       S       dN       dS     dN/dS   Paras.
  2   1    359.4    120.6   0.7522   0.3761   2.0000   1.9731 -1177.506
  3   1    356.7    123.3   0.6083   0.3041   2.0000   1.5905 -1147.502
  3   2    354.3    125.7   0.5735   0.2868   2.0000   1.4953 -1144.293
  4   1    357.5    122.5   0.6015   0.3007   2.0000   1.5741 -1140.474
  4   2    355.0    125.0   0.5650   0.2825   2.0000   1.4743 -1139.925
  4   3    352.4    127.6   0.2661   0.1330   2.0000   0.6921  -988.460
  5   1    356.8    123.2   0.5970   0.2985   2.0000   1.5612 -1141.164
  5   2    354.4    125.6   0.6275   0.3138   2.0000   1.6362 -1154.315
  5   3    351.7    128.3   0.2476   0.1238   2.0000   0.6434  -976.043
  5   4    352.4    127.6   0.2157   0.1078   2.0000   0.5611  -941.752
  6   1    356.8    123.2   0.5970   0.2985   2.0000   1.5612 -1141.164
  6   2    354.4    125.6   0.6275   0.3138   2.0000   1.6362 -1154.315
  6   3    351.7    128.3   0.2476   0.1238   2.0000   0.6434  -976.043
  6   4    352.4    127.6   0.2157   0.1078   2.0000   0.5611  -941.752
  6   5    351.8    128.2   0.0000   0.0000   2.0000   0.0000  -652.070
  7   1    357.3    122.7   0.6122   0.3061   2.0000   1.6020 -1146.253
  7   2    354.9    125.1   0.5724   0.2862   2.0000   1.4935 -1138.953
  7   3    352.2    127.8   0.2461   0.1230   2.0000   0.6400  -975.341
  7   4    352.9    127.1   0.2125   0.1062   2.0000   0.5530  -942.688
  7   5    352.2    127.8   0.0686   0.0343   2.0000   0.1783  -780.580
  7   6    352.2    127.8   0.0686   0.0343   2.0000   0.1783  -780.580
  8   1    357.3    122.7   0.6122   0.3061   2.0000   1.6020 -1146.253
  8   2    354.9    125.1   0.5724   0.2862   2.0000   1.4935 -1138.953
  8   3    352.2    127.8   0.2461   0.1230   2.0000   0.6400  -975.341
  8   4    352.9    127.1   0.2125   0.1062   2.0000   0.5530  -942.688
  8   5    352.2    127.8   0.0686   0.0343   2.0000   0.1783  -780.580
  8   6    352.2    127.8   0.0686   0.0343   2.0000   0.1783  -780.580
  8   7    352.7    127.3   0.0000   0.0000   2.0000   0.0000  -650.549
  9   1    357.4    122.6   0.6018   0.3009   2.0000   1.5749 -1141.178
  9   2    355.0    125.0   0.5986   0.2993   2.0000   1.5619 -1146.683
  9   3    352.3    127.7   0.2169   0.1085   2.0000   0.5643  -947.459
  9   4    353.1    126.9   0.2492   0.1246   2.0000   0.6486  -971.753
  9   5    352.4    127.6   0.1330   0.0665   2.0000   0.3459  -862.341
  9   6    352.4    127.6   0.1330   0.0665   2.0000   0.3459  -862.341
  9   7    352.9    127.1   0.1208   0.0604   2.0000   0.3145  -849.295
  9   8    352.9    127.1   0.1208   0.0604   2.0000   0.3145  -849.295
 10   1    357.9    122.1   0.6079   0.3040   2.0000   1.5918 -1143.681
 10   2    355.4    124.6   0.6355   0.3177   2.0000   1.6591 -1156.233
 10   3    352.8    127.2   0.2554   0.1277   2.0000   0.6648  -978.584
 10   4    353.5    126.5   0.2378   0.1189   2.0000   0.6193  -958.699
 10   5    352.9    127.1   0.1121   0.0560   2.0000   0.2917  -837.849
 10   6    352.9    127.1   0.1121   0.0560   2.0000   0.2917  -837.849
 10   7    353.3    126.7   0.1173   0.0587   2.0000   0.3055  -845.664
 10   8    353.3    126.7   0.1173   0.0587   2.0000   0.3055  -845.664
 10   9    353.5    126.5   0.1092   0.0546   2.0000   0.2845  -836.301
 11   1    357.9    122.1   0.6079   0.3040   2.0000   1.5918 -1143.681
 11   2    355.4    124.6   0.6355   0.3177   2.0000   1.6591 -1156.233
 11   3    352.8    127.2   0.2554   0.1277   2.0000   0.6648  -978.584
 11   4    353.5    126.5   0.2378   0.1189   2.0000   0.6193  -958.699
 11   5    352.9    127.1   0.1121   0.0560   2.0000   0.2917  -837.849
 11   6    352.9    127.1   0.1121   0.0560   2.0000   0.2917  -837.849
 11   7    353.3    126.7   0.1173   0.0587   2.0000   0.3055  -845.664
 11   8    353.3    126.7   0.1173   0.0587   2.0000   0.3055  -845.664
 11   9    353.5    126.5   0.1092   0.0546   2.0000   0.2845  -836.301
 11  10    354.0    126.0   0.0000   0.0000   2.0000   0.0000  -650.432
 12   1    359.5    120.5   0.7110   0.3555   2.0000   1.8654 -1168.121
 12   2    357.2    122.8   0.7223   0.3612   2.0000   1.8897 -1174.143
 12   3    354.6    125.4   0.7053   0.3526   2.0000   1.8395 -1178.290
 12   4    355.3    124.7   0.6904   0.3452   2.0000   1.8021 -1174.093
 12   5    354.7    125.3   0.6843   0.3422   2.0000   1.7849 -1170.692
 12   6    354.7    125.3   0.6843   0.3422   2.0000   1.7849 -1170.692
 12   7    355.1    124.9   0.6700   0.3350   2.0000   1.7487 -1167.167
 12   8    355.1    124.9   0.6700   0.3350   2.0000   1.7487 -1167.167
 12   9    355.3    124.7   0.6434   0.3217   2.0000   1.6794 -1160.168
 12  10    355.8    124.2   0.6615   0.3308   2.0000   1.7277 -1162.219
 12  11    355.8    124.2   0.6615   0.3308   2.0000   1.7277 -1162.219
 13   1    359.3    120.7   0.8351   0.4175   2.0000   2.1902 -1196.103
 13   2    356.9    123.1   0.8234   0.4117   2.0000   2.1536 -1197.950
 13   3    354.3    125.7   0.7657   0.3829   2.0000   1.9963 -1190.368
 13   4    355.0    125.0   0.7377   0.3688   2.0000   1.9248 -1180.858
 13   5    354.3    125.7   0.6912   0.3456   2.0000   1.8020 -1174.462
 13   6    354.3    125.7   0.6912   0.3456   2.0000   1.8020 -1174.462
 13   7    354.8    125.2   0.6988   0.3494   2.0000   1.8229 -1172.419
 13   8    354.8    125.2   0.6988   0.3494   2.0000   1.8229 -1172.419
 13   9    354.9    125.1   0.7703   0.3852   2.0000   2.0100 -1189.867
 13  10    355.4    124.6   0.7585   0.3792   2.0000   1.9801 -1186.607
 13  11    355.4    124.6   0.7585   0.3792   2.0000   1.9801 -1186.607
 13  12    357.1    122.9   0.6015   0.3008   2.0000   1.5737 -1141.107
 14   1    359.2    120.8   0.7685   0.3843   2.0000   2.0153 -1184.353
 14   2    356.8    123.2   0.8159   0.4080   2.0000   2.1336 -1196.888
 14   3    354.1    125.9   0.7559   0.3780   2.0000   1.9703 -1189.022
 14   4    354.8    125.2   0.7429   0.3715   2.0000   1.9383 -1182.837
 14   5    354.2    125.8   0.7054   0.3527   2.0000   1.8389 -1177.871
 14   6    354.2    125.8   0.7054   0.3527   2.0000   1.8389 -1177.871
 14   7    354.7    125.3   0.6924   0.3462   2.0000   1.8060 -1172.082
 14   8    354.7    125.3   0.6924   0.3462   2.0000   1.8060 -1172.082
 14   9    354.8    125.2   0.7578   0.3789   2.0000   1.9768 -1189.522
 14  10    355.2    124.8   0.7328   0.3664   2.0000   1.9127 -1182.689
 14  11    355.2    124.8   0.7328   0.3664   2.0000   1.9127 -1182.689
 14  12    357.0    123.0   0.5870   0.2935   2.0000   1.5353 -1138.254
 14  13    356.7    123.3   0.0366   0.0183   2.0000   0.0958  -728.719
 15   1    359.4    120.6   0.8258   0.4129   2.0000   2.1661 -1193.925
 15   2    357.0    123.0   0.8192   0.4096   2.0000   2.1426 -1198.178
 15   3    354.3    125.7   0.7772   0.3886   2.0000   2.0263 -1193.784
 15   4    355.1    124.9   0.7223   0.3612   2.0000   1.8849 -1179.523
 15   5    354.4    125.6   0.7126   0.3563   2.0000   1.8579 -1179.785
 15   6    354.4    125.6   0.7126   0.3563   2.0000   1.8579 -1179.785
 15   7    354.9    125.1   0.6880   0.3440   2.0000   1.7949 -1171.951
 15   8    354.9    125.1   0.6880   0.3440   2.0000   1.7949 -1171.951
 15   9    355.0    125.0   0.7478   0.3739   2.0000   1.9514 -1187.706
 15  10    355.5    124.5   0.7465   0.3733   2.0000   1.9491 -1185.857
 15  11    355.5    124.5   0.7465   0.3733   2.0000   1.9491 -1185.857
 15  12    357.2    122.8   0.5892   0.2946   2.0000   1.5415 -1139.231
 15  13    356.9    123.1   0.0366   0.0183   2.0000   0.0957  -727.418
 15  14    356.8    123.2   0.0242   0.0121   2.0000   0.0633  -707.290
 16   1    359.2    120.8   0.8191   0.4095   2.0000   2.1481 -1193.664
 16   2    356.9    123.1   0.8246   0.4123   2.0000   2.1564 -1199.164
 16   3    354.2    125.8   0.7825   0.3912   2.0000   2.0397 -1194.720
 16   4    354.9    125.1   0.7273   0.3637   2.0000   1.8976 -1180.549
 16   5    354.2    125.8   0.7068   0.3534   2.0000   1.8426 -1179.223
 16   6    354.2    125.8   0.7068   0.3534   2.0000   1.8426 -1179.223
 16   7    354.7    125.3   0.6929   0.3464   2.0000   1.8074 -1173.083
 16   8    354.7    125.3   0.6929   0.3464   2.0000   1.8074 -1173.083
 16   9    354.9    125.1   0.7530   0.3765   2.0000   1.9646 -1188.713
 16  10    355.3    124.7   0.7406   0.3703   2.0000   1.9333 -1185.342
 16  11    355.3    124.7   0.7406   0.3703   2.0000   1.9333 -1185.342
 16  12    357.1    122.9   0.5937   0.2968   2.0000   1.5530 -1140.351
 16  13    356.8    123.2   0.0341   0.0171   2.0000   0.0892  -723.602
 16  14    356.7    123.3   0.0218   0.0109   2.0000   0.0569  -703.057
 16  15    356.9    123.1   0.0024   0.0012   2.0000   0.0062  -654.912
 17   1    359.2    120.8   0.8191   0.4095   2.0000   2.1481 -1193.664
 17   2    356.9    123.1   0.8246   0.4123   2.0000   2.1564 -1199.164
 17   3    354.2    125.8   0.7825   0.3912   2.0000   2.0397 -1194.720
 17   4    354.9    125.1   0.7273   0.3637   2.0000   1.8976 -1180.549
 17   5    354.2    125.8   0.7068   0.3534   2.0000   1.8426 -1179.223
 17   6    354.2    125.8   0.7068   0.3534   2.0000   1.8426 -1179.223
 17   7    354.7    125.3   0.6929   0.3464   2.0000   1.8074 -1173.083
 17   8    354.7    125.3   0.6929   0.3464   2.0000   1.8074 -1173.083
 17   9    354.9    125.1   0.7530   0.3765   2.0000   1.9646 -1188.713
 17  10    355.3    124.7   0.7406   0.3703   2.0000   1.9333 -1185.342
 17  11    355.3    124.7   0.7406   0.3703   2.0000   1.9333 -1185.342
 17  12    357.1    122.9   0.5937   0.2968   2.0000   1.5530 -1140.351
 17  13    356.8    123.2   0.0341   0.0171   2.0000   0.0892  -723.602
 17  14    356.7    123.3   0.0218   0.0109   2.0000   0.0569  -703.057
 17  15    356.9    123.1   0.0024   0.0012   2.0000   0.0062  -654.912
 17  16    356.7    123.3   0.0000   0.0000   2.0000   0.0000  -647.421
 18   1    357.6    122.4   0.7192   0.3596   2.0000   1.8825 -1169.128
 18   2    355.2    124.8   0.8323   0.4161   2.0000   2.1721 -1202.474
 18   3    352.5    127.5   0.7713   0.3856   2.0000   2.0066 -1192.187
 18   4    353.2    126.8   0.7790   0.3895   2.0000   2.0282 -1190.928
 18   5    352.5    127.5   0.7157   0.3579   2.0000   1.8620 -1179.524
 18   6    352.5    127.5   0.7157   0.3579   2.0000   1.8620 -1179.524
 18   7    353.0    127.0   0.7200   0.3600   2.0000   1.8743 -1177.405
 18   8    353.0    127.0   0.7200   0.3600   2.0000   1.8743 -1177.405
 18   9    353.2    126.8   0.7787   0.3893   2.0000   2.0274 -1193.219
 18  10    353.6    126.4   0.7490   0.3745   2.0000   1.9514 -1185.297
 18  11    353.6    126.4   0.7490   0.3745   2.0000   1.9514 -1185.297
 18  12    355.4    124.6   0.6327   0.3164   2.0000   1.6519 -1155.821
 18  13    355.1    124.9   0.3666   0.1833   2.0000   0.9566 -1049.195
 18  14    355.0    125.0   0.3586   0.1793   2.0000   0.9357 -1045.187
 18  15    355.2    124.8   0.3702   0.1851   2.0000   0.9663 -1052.142
 18  16    355.0    125.0   0.3662   0.1831   2.0000   0.9557 -1051.070
 18  17    355.0    125.0   0.3662   0.1831   2.0000   0.9557 -1051.070
 19   1    359.6    120.4   0.8208   0.4104   2.0000   2.1534 -1185.535
 19   2    357.2    122.8   0.9157   0.4579   2.0000   2.3957 -1212.513
 19   3    354.6    125.4   0.8691   0.4345   2.0000   2.2667 -1208.745
 19   4    355.3    124.7   0.8272   0.4136   2.0000   2.1593 -1199.340
 19   5    354.6    125.4   0.7963   0.3982   2.0000   2.0770 -1196.054
 19   6    354.6    125.4   0.7963   0.3982   2.0000   2.0770 -1196.054
 19   7    355.1    124.9   0.7826   0.3913   2.0000   2.0423 -1191.147
 19   8    355.1    124.9   0.7826   0.3913   2.0000   2.0423 -1191.147
 19   9    355.3    124.7   0.8447   0.4224   2.0000   2.2048 -1202.298
 19  10    355.8    124.2   0.7992   0.3996   2.0000   2.0874 -1192.608
 19  11    355.8    124.2   0.7992   0.3996   2.0000   2.0874 -1192.608
 19  12    357.5    122.5   0.6696   0.3348   2.0000   1.7525 -1160.010
 19  13    357.1    122.9   0.3444   0.1722   2.0000   0.9010 -1032.567
 19  14    357.0    123.0   0.3627   0.1813   2.0000   0.9487 -1041.355
 19  15    357.2    122.8   0.3588   0.1794   2.0000   0.9388 -1040.359
 19  16    357.1    122.9   0.3549   0.1774   2.0000   0.9284 -1039.243
 19  17    357.1    122.9   0.3549   0.1774   2.0000   0.9284 -1039.243
 19  18    355.4    124.6   0.2271   0.1135   2.0000   0.5928  -945.362
 20   1    359.5    120.5   0.7313   0.3657   2.0000   1.9185 -1178.461
 20   2    357.1    122.9   0.8183   0.4092   2.0000   2.1408 -1201.956
 20   3    354.5    125.5   0.6496   0.3248   2.0000   1.6941 -1161.014
 20   4    355.2    124.8   0.6772   0.3386   2.0000   1.7676 -1169.591
 20   5    354.6    125.4   0.6723   0.3362   2.0000   1.7535 -1164.944
 20   6    354.6    125.4   0.6723   0.3362   2.0000   1.7535 -1164.944
 20   7    355.0    125.0   0.6752   0.3376   2.0000   1.7619 -1165.457
 20   8    355.0    125.0   0.6752   0.3376   2.0000   1.7619 -1165.457
 20   9    355.2    124.8   0.6894   0.3447   2.0000   1.7994 -1170.905
 20  10    355.6    124.4   0.6693   0.3346   2.0000   1.7478 -1166.079
 20  11    355.6    124.4   0.6693   0.3346   2.0000   1.7478 -1166.079
 20  12    357.4    122.6   0.6319   0.3160   2.0000   1.6536 -1153.940
 20  13    357.1    122.9   0.6787   0.3393   2.0000   1.7752 -1164.766
 20  14    356.9    123.1   0.6631   0.3315   2.0000   1.7342 -1160.956
 20  15    357.1    122.9   0.6649   0.3324   2.0000   1.7394 -1163.114
 20  16    357.0    123.0   0.6700   0.3350   2.0000   1.7525 -1164.173
 20  17    357.0    123.0   0.6700   0.3350   2.0000   1.7525 -1164.173
 20  18    355.4    124.6   0.5911   0.2955   2.0000   1.5431 -1141.759
 20  19    357.4    122.6   0.7072   0.3536   2.0000   1.8507 -1171.909
 21   1    359.6    120.4   0.7241   0.3621   2.0000   1.9000 -1169.241
 21   2    357.3    122.7   0.6692   0.3346   2.0000   1.7509 -1165.827
 21   3    354.5    125.5   0.6741   0.3370   2.0000   1.7580 -1170.622
 21   4    355.3    124.7   0.7021   0.3511   2.0000   1.8328 -1176.241
 21   5    354.6    125.4   0.7540   0.3770   2.0000   1.9665 -1184.060
 21   6    354.6    125.4   0.7540   0.3770   2.0000   1.9665 -1184.060
 21   7    355.1    124.9   0.7306   0.3653   2.0000   1.9068 -1178.160
 21   8    355.1    124.9   0.7306   0.3653   2.0000   1.9068 -1178.160
 21   9    355.3    124.7   0.7273   0.3637   2.0000   1.8985 -1180.746
 21  10    355.7    124.3   0.7067   0.3533   2.0000   1.8455 -1174.058
 21  11    355.7    124.3   0.7067   0.3533   2.0000   1.8455 -1174.058
 21  12    357.4    122.6   0.7131   0.3566   2.0000   1.8662 -1174.152
 21  13    357.2    122.8   0.7146   0.3573   2.0000   1.8696 -1172.959
 21  14    357.1    122.9   0.7036   0.3518   2.0000   1.8405 -1172.922
 21  15    357.3    122.7   0.6968   0.3484   2.0000   1.8232 -1170.456
 21  16    357.1    122.9   0.7016   0.3508   2.0000   1.8354 -1171.612
 21  17    357.1    122.9   0.7016   0.3508   2.0000   1.8354 -1171.612
 21  18    355.5    124.5   0.6465   0.3232   2.0000   1.6878 -1157.376
 21  19    357.4    122.6   0.7020   0.3510   2.0000   1.8372 -1168.256
 21  20    357.4    122.6   0.5235   0.2618   2.0000   1.3700 -1124.524
 22   1    358.6    121.4   0.8277   0.4138   2.0000   2.1691 -1194.114
 22   2    356.2    123.8   0.7269   0.3634   2.0000   1.8993 -1180.704
 22   3    353.5    126.5   0.7497   0.3749   2.0000   1.9528 -1187.388
 22   4    354.2    125.8   0.6718   0.3359   2.0000   1.7513 -1165.257
 22   5    353.5    126.5   0.6531   0.3265   2.0000   1.7011 -1156.948
 22   6    353.5    126.5   0.6531   0.3265   2.0000   1.7011 -1156.948
 22   7    354.0    126.0   0.6824   0.3412   2.0000   1.7786 -1165.291
 22   8    354.0    126.0   0.6824   0.3412   2.0000   1.7786 -1165.291
 22   9    354.2    125.8   0.7164   0.3582   2.0000   1.8676 -1177.859
 22  10    354.6    125.4   0.6619   0.3309   2.0000   1.7264 -1159.470
 22  11    354.6    125.4   0.6619   0.3309   2.0000   1.7264 -1159.470
 22  12    356.4    123.6   0.7162   0.3581   2.0000   1.8722 -1172.660
 22  13    356.1    123.9   0.6317   0.3158   2.0000   1.6504 -1151.536
 22  14    356.0    124.0   0.5806   0.2903   2.0000   1.5168 -1135.962
 22  15    356.2    123.8   0.6092   0.3046   2.0000   1.5919 -1146.869
 22  16    356.1    123.9   0.6145   0.3073   2.0000   1.6055 -1148.272
 22  17    356.1    123.9   0.6145   0.3073   2.0000   1.6055 -1148.272
 22  18    354.3    125.7   0.5709   0.2855   2.0000   1.4885 -1135.053
 22  19    356.4    123.6   0.6205   0.3102   2.0000   1.6218 -1148.679
 22  20    356.4    123.6   0.4855   0.2428   2.0000   1.2689 -1113.111
 22  21    356.5    123.5   0.4601   0.2300   2.0000   1.2027 -1095.749
 23   1    358.4    121.6   0.8321   0.4161   2.0000   2.1801 -1195.375
 23   2    356.0    124.0   0.7283   0.3642   2.0000   1.9026 -1181.533
 23   3    353.3    126.7   0.7611   0.3806   2.0000   1.9819 -1190.391
 23   4    354.0    126.0   0.6800   0.3400   2.0000   1.7723 -1168.845
 23   5    353.3    126.7   0.6531   0.3265   2.0000   1.7006 -1158.676
 23   6    353.3    126.7   0.6531   0.3265   2.0000   1.7006 -1158.676
 23   7    353.8    126.2   0.6832   0.3416   2.0000   1.7802 -1166.765
 23   8    353.8    126.2   0.6832   0.3416   2.0000   1.7802 -1166.765
 23   9    354.0    126.0   0.7174   0.3587   2.0000   1.8696 -1179.438
 23  10    354.4    125.6   0.6624   0.3312   2.0000   1.7272 -1161.226
 23  11    354.4    125.6   0.6624   0.3312   2.0000   1.7272 -1161.226
 23  12    356.2    123.8   0.7331   0.3666   2.0000   1.9157 -1176.911
 23  13    355.9    124.1   0.6471   0.3236   2.0000   1.6904 -1156.086
 23  14    355.8    124.2   0.6007   0.3003   2.0000   1.5688 -1143.352
 23  15    356.0    124.0   0.6245   0.3123   2.0000   1.6315 -1151.782
 23  16    355.8    124.2   0.6299   0.3149   2.0000   1.6452 -1153.175
 23  17    355.8    124.2   0.6299   0.3149   2.0000   1.6452 -1153.175
 23  18    354.0    126.0   0.5693   0.2846   2.0000   1.4837 -1133.360
 23  19    356.1    123.9   0.6177   0.3088   2.0000   1.6140 -1147.466
 23  20    356.1    123.9   0.4948   0.2474   2.0000   1.2930 -1116.400
 23  21    356.3    123.7   0.4734   0.2367   2.0000   1.2372 -1101.473
 23  22    355.1    124.9   0.0148   0.0074   2.0000   0.0386  -685.262
 24   1    356.9    123.1   0.7848   0.3924   2.0000   2.0527 -1193.215
 24   2    354.5    125.5   0.7353   0.3676   2.0000   1.9175 -1183.921
 24   3    351.9    128.1   0.7051   0.3526   2.0000   1.8330 -1182.846
 24   4    352.6    127.4   0.6832   0.3416   2.0000   1.7775 -1173.532
 24   5    351.9    128.1   0.6607   0.3304   2.0000   1.7177 -1165.127
 24   6    351.9    128.1   0.6607   0.3304   2.0000   1.7177 -1165.127
 24   7    352.4    127.6   0.6462   0.3231   2.0000   1.6809 -1163.033
 24   8    352.4    127.6   0.6462   0.3231   2.0000   1.6809 -1163.033
 24   9    352.5    127.5   0.6912   0.3456   2.0000   1.7984 -1176.541
 24  10    353.0    127.0   0.6711   0.3355   2.0000   1.7469 -1168.023
 24  11    353.0    127.0   0.6711   0.3355   2.0000   1.7469 -1168.023
 24  12    354.8    125.2   0.6932   0.3466   2.0000   1.8083 -1176.358
 24  13    354.4    125.6   0.6684   0.3342   2.0000   1.7428 -1168.929
 24  14    354.3    125.7   0.6192   0.3096   2.0000   1.6142 -1156.085
 24  15    354.5    125.5   0.6430   0.3215   2.0000   1.6768 -1164.756
 24  16    354.4    125.6   0.6485   0.3243   2.0000   1.6910 -1166.138
 24  17    354.4    125.6   0.6485   0.3243   2.0000   1.6910 -1166.138
 24  18    352.7    127.3   0.5821   0.2911   2.0000   1.5148 -1145.271
 24  19    354.8    125.2   0.6718   0.3359   2.0000   1.7526 -1169.506
 24  20    354.7    125.3   0.5161   0.2580   2.0000   1.3461 -1127.545
 24  21    354.7    125.3   0.4398   0.2199   2.0000   1.1473 -1093.691
 24  22    353.7    126.3   0.2858   0.1429   2.0000   0.7445 -1000.740
 24  23    353.4    126.6   0.2852   0.1426   2.0000   0.7429 -1000.187
 25   1    358.6    121.4   0.7831   0.3915   2.0000   2.0522 -1187.675
 25   2    356.2    123.8   0.7339   0.3669   2.0000   1.9177 -1179.508
 25   3    353.5    126.5   0.7480   0.3740   2.0000   1.9485 -1189.278
 25   4    354.3    125.7   0.7508   0.3754   2.0000   1.9574 -1183.686
 25   5    353.6    126.4   0.7025   0.3512   2.0000   1.8299 -1170.330
 25   6    353.6    126.4   0.7025   0.3512   2.0000   1.8299 -1170.330
 25   7    354.0    126.0   0.7069   0.3534   2.0000   1.8424 -1170.441
 25   8    354.0    126.0   0.7069   0.3534   2.0000   1.8424 -1170.441
 25   9    354.2    125.8   0.7064   0.3532   2.0000   1.8416 -1177.095
 25  10    354.7    125.3   0.6698   0.3349   2.0000   1.7471 -1165.657
 25  11    354.7    125.3   0.6698   0.3349   2.0000   1.7471 -1165.657
 25  12    356.5    123.5   0.7106   0.3553   2.0000   1.8575 -1173.180
 25  13    356.1    123.9   0.7149   0.3574   2.0000   1.8678 -1171.203
 25  14    356.0    124.0   0.6943   0.3471   2.0000   1.8139 -1167.263
 25  15    356.2    123.8   0.7027   0.3514   2.0000   1.8363 -1170.951
 25  16    356.1    123.9   0.7086   0.3543   2.0000   1.8514 -1172.264
 25  17    356.1    123.9   0.7086   0.3543   2.0000   1.8514 -1172.264
 25  18    354.3    125.7   0.6351   0.3175   2.0000   1.6557 -1153.552
 25  19    356.4    123.6   0.6926   0.3463   2.0000   1.8103 -1167.832
 25  20    356.4    123.6   0.5084   0.2542   2.0000   1.3289 -1121.794
 25  21    356.5    123.5   0.4880   0.2440   2.0000   1.2756 -1104.005
 25  22    355.3    124.7   0.3258   0.1629   2.0000   0.8503 -1022.760
 25  23    355.1    124.9   0.3214   0.1607   2.0000   0.8387 -1018.980
 25  24    353.7    126.3   0.1905   0.0952   2.0000   0.4962  -926.870
 26   1    360.1    119.9   0.8393   0.4197   2.0000   2.2034 -1192.097
 26   2    357.7    122.3   0.7792   0.3896   2.0000   2.0398 -1186.148
 26   3    355.0    125.0   0.7616   0.3808   2.0000   1.9872 -1191.212
 26   4    355.8    124.2   0.7497   0.3748   2.0000   1.9579 -1188.661
 26   5    355.0    125.0   0.7440   0.3720   2.0000   1.9414 -1181.038
 26   6    355.0    125.0   0.7440   0.3720   2.0000   1.9414 -1181.038
 26   7    355.6    124.4   0.7534   0.3767   2.0000   1.9673 -1182.924
 26   8    355.6    124.4   0.7534   0.3767   2.0000   1.9673 -1182.924
 26   9    355.7    124.3   0.7637   0.3819   2.0000   1.9945 -1187.114
 26  10    356.1    123.9   0.7646   0.3823   2.0000   1.9977 -1187.161
 26  11    356.1    123.9   0.7646   0.3823   2.0000   1.9977 -1187.161
 26  12    357.8    122.2   0.7619   0.3810   2.0000   1.9949 -1184.275
 26  13    357.6    122.4   0.7517   0.3759   2.0000   1.9678 -1178.816
 26  14    357.5    122.5   0.7398   0.3699   2.0000   1.9363 -1179.134
 26  15    357.7    122.3   0.7611   0.3805   2.0000   1.9924 -1181.762
 26  16    357.6    122.4   0.7661   0.3830   2.0000   2.0051 -1182.834
 26  17    357.6    122.4   0.7661   0.3830   2.0000   2.0051 -1182.834
 26  18    355.9    124.1   0.6939   0.3470   2.0000   1.8127 -1166.826
 26  19    357.9    122.1   0.7052   0.3526   2.0000   1.8465 -1164.311
 26  20    357.8    122.2   0.5211   0.2605   2.0000   1.3642 -1127.221
 26  21    358.0    122.0   0.4440   0.2220   2.0000   1.1627 -1090.812
 26  22    356.9    123.1   0.4080   0.2040   2.0000   1.0670 -1070.402
 26  23    356.7    123.3   0.4165   0.2083   2.0000   1.0891 -1075.048
 26  24    355.2    124.8   0.4713   0.2356   2.0000   1.2300 -1108.136
 26  25    356.9    123.1   0.4961   0.2480   2.0000   1.2974 -1108.586
 27   1    360.1    119.9   0.8393   0.4197   2.0000   2.2034 -1192.097
 27   2    357.7    122.3   0.7792   0.3896   2.0000   2.0398 -1186.148
 27   3    355.0    125.0   0.7616   0.3808   2.0000   1.9872 -1191.212
 27   4    355.8    124.2   0.7497   0.3748   2.0000   1.9579 -1188.661
 27   5    355.0    125.0   0.7440   0.3720   2.0000   1.9414 -1181.038
 27   6    355.0    125.0   0.7440   0.3720   2.0000   1.9414 -1181.038
 27   7    355.6    124.4   0.7534   0.3767   2.0000   1.9673 -1182.924
 27   8    355.6    124.4   0.7534   0.3767   2.0000   1.9673 -1182.924
 27   9    355.7    124.3   0.7637   0.3819   2.0000   1.9945 -1187.114
 27  10    356.1    123.9   0.7646   0.3823   2.0000   1.9977 -1187.161
 27  11    356.1    123.9   0.7646   0.3823   2.0000   1.9977 -1187.161
 27  12    357.8    122.2   0.7619   0.3810   2.0000   1.9949 -1184.275
 27  13    357.6    122.4   0.7517   0.3759   2.0000   1.9678 -1178.816
 27  14    357.5    122.5   0.7398   0.3699   2.0000   1.9363 -1179.134
 27  15    357.7    122.3   0.7611   0.3805   2.0000   1.9924 -1181.762
 27  16    357.6    122.4   0.7661   0.3830   2.0000   2.0051 -1182.834
 27  17    357.6    122.4   0.7661   0.3830   2.0000   2.0051 -1182.834
 27  18    355.9    124.1   0.6939   0.3470   2.0000   1.8127 -1166.826
 27  19    357.9    122.1   0.7052   0.3526   2.0000   1.8465 -1164.311
 27  20    357.8    122.2   0.5211   0.2605   2.0000   1.3642 -1127.221
 27  21    358.0    122.0   0.4440   0.2220   2.0000   1.1627 -1090.812
 27  22    356.9    123.1   0.4080   0.2040   2.0000   1.0670 -1070.402
 27  23    356.7    123.3   0.4165   0.2083   2.0000   1.0891 -1075.048
 27  24    355.2    124.8   0.4713   0.2356   2.0000   1.2300 -1108.136
 27  25    356.9    123.1   0.4961   0.2480   2.0000   1.2974 -1108.586
 27  26    358.5    121.5   0.0000   0.0000   2.0000   0.0000  -645.140
 28   1    358.9    121.1   0.7350   0.3675   2.0000   1.9269 -1177.607
 28   2    356.6    123.4   0.7868   0.3934   2.0000   2.0569 -1191.098
 28   3    353.9    126.1   0.7106   0.3553   2.0000   1.8517 -1180.387
 28   4    354.7    125.3   0.6517   0.3258   2.0000   1.6998 -1162.561
 28   5    354.0    126.0   0.6495   0.3248   2.0000   1.6928 -1161.939
 28   6    354.0    126.0   0.6495   0.3248   2.0000   1.6928 -1161.939
 28   7    354.5    125.5   0.6789   0.3395   2.0000   1.7704 -1168.557
 28   8    354.5    125.5   0.6789   0.3395   2.0000   1.7704 -1168.557
 28   9    354.6    125.4   0.6855   0.3428   2.0000   1.7880 -1174.497
 28  10    355.1    124.9   0.6587   0.3293   2.0000   1.7188 -1166.365
 28  11    355.1    124.9   0.6587   0.3293   2.0000   1.7188 -1166.365
 28  12    356.8    123.2   0.6725   0.3362   2.0000   1.7585 -1168.991
 28  13    356.5    123.5   0.7475   0.3738   2.0000   1.9541 -1179.577
 28  14    356.4    123.6   0.7257   0.3629   2.0000   1.8968 -1174.782
 28  15    356.6    123.4   0.7299   0.3650   2.0000   1.9083 -1176.720
 28  16    356.5    123.5   0.7241   0.3620   2.0000   1.8927 -1176.294
 28  17    356.5    123.5   0.7241   0.3620   2.0000   1.8927 -1176.294
 28  18    354.8    125.2   0.7043   0.3521   2.0000   1.8373 -1174.248
 28  19    356.8    123.2   0.7348   0.3674   2.0000   1.9216 -1178.173
 28  20    356.7    123.3   0.4588   0.2294   2.0000   1.1996 -1105.551
 28  21    356.8    123.2   0.4742   0.2371   2.0000   1.2401 -1107.952
 28  22    355.8    124.2   0.4858   0.2429   2.0000   1.2688 -1106.959
 28  23    355.6    124.4   0.4907   0.2454   2.0000   1.2813 -1108.610
 28  24    354.1    125.9   0.5178   0.2589   2.0000   1.3496 -1129.493
 28  25    355.8    124.2   0.4270   0.2135   2.0000   1.1154 -1082.492
 28  26    357.3    122.7   0.4897   0.2448   2.0000   1.2813 -1110.037
 28  27    357.3    122.7   0.4897   0.2448   2.0000   1.2813 -1110.037
 29   1    357.9    122.1   0.7962   0.3981   2.0000   2.0848 -1192.146
 29   2    355.5    124.5   0.7360   0.3680   2.0000   1.9215 -1181.492
 29   3    352.8    127.2   0.7045   0.3523   2.0000   1.8334 -1179.873
 29   4    353.5    126.5   0.7440   0.3720   2.0000   1.9380 -1187.498
 29   5    352.8    127.2   0.6798   0.3399   2.0000   1.7693 -1172.513
 29   6    352.8    127.2   0.6798   0.3399   2.0000   1.7693 -1172.513
 29   7    353.4    126.6   0.7199   0.3600   2.0000   1.8748 -1180.785
 29   8    353.4    126.6   0.7199   0.3600   2.0000   1.8748 -1180.785
 29   9    353.5    126.5   0.7043   0.3522   2.0000   1.8345 -1176.784
 29  10    353.9    126.1   0.6905   0.3452   2.0000   1.7994 -1177.173
 29  11    353.9    126.1   0.6905   0.3452   2.0000   1.7994 -1177.173
 29  12    355.7    124.3   0.7201   0.3600   2.0000   1.8804 -1179.456
 29  13    355.4    124.6   0.7589   0.3795   2.0000   1.9813 -1186.854
 29  14    355.3    124.7   0.7327   0.3664   2.0000   1.9126 -1181.661
 29  15    355.5    124.5   0.7472   0.3736   2.0000   1.9509 -1185.660
 29  16    355.3    124.7   0.7422   0.3711   2.0000   1.9374 -1185.370
 29  17    355.3    124.7   0.7422   0.3711   2.0000   1.9374 -1185.370
 29  18    353.7    126.3   0.6822   0.3411   2.0000   1.7774 -1168.345
 29  19    355.7    124.3   0.7300   0.3650   2.0000   1.9065 -1180.967
 29  20    355.6    124.4   0.4734   0.2367   2.0000   1.2361 -1107.509
 29  21    355.8    124.2   0.4502   0.2251   2.0000   1.1757 -1096.250
 29  22    354.7    125.3   0.4891   0.2446   2.0000   1.2759 -1106.301
 29  23    354.5    125.5   0.5023   0.2511   2.0000   1.3097 -1111.029
 29  24    353.0    127.0   0.5395   0.2698   2.0000   1.4044 -1134.685
 29  25    354.7    125.3   0.4669   0.2334   2.0000   1.2178 -1099.038
 29  26    356.2    123.8   0.5046   0.2523   2.0000   1.3185 -1113.339
 29  27    356.2    123.8   0.5046   0.2523   2.0000   1.3185 -1113.339
 29  28    355.0    125.0   0.2539   0.1270   2.0000   0.6626  -984.196
 30   1    357.9    122.1   0.7962   0.3981   2.0000   2.0848 -1192.146
 30   2    355.5    124.5   0.7360   0.3680   2.0000   1.9215 -1181.492
 30   3    352.8    127.2   0.7045   0.3523   2.0000   1.8334 -1179.873
 30   4    353.5    126.5   0.7440   0.3720   2.0000   1.9380 -1187.498
 30   5    352.8    127.2   0.6798   0.3399   2.0000   1.7693 -1172.513
 30   6    352.8    127.2   0.6798   0.3399   2.0000   1.7693 -1172.513
 30   7    353.4    126.6   0.7199   0.3600   2.0000   1.8748 -1180.785
 30   8    353.4    126.6   0.7199   0.3600   2.0000   1.8748 -1180.785
 30   9    353.5    126.5   0.7043   0.3522   2.0000   1.8345 -1176.784
 30  10    353.9    126.1   0.6905   0.3452   2.0000   1.7994 -1177.173
 30  11    353.9    126.1   0.6905   0.3452   2.0000   1.7994 -1177.173
 30  12    355.7    124.3   0.7201   0.3600   2.0000   1.8804 -1179.456
 30  13    355.4    124.6   0.7589   0.3795   2.0000   1.9813 -1186.854
 30  14    355.3    124.7   0.7327   0.3664   2.0000   1.9126 -1181.661
 30  15    355.5    124.5   0.7472   0.3736   2.0000   1.9509 -1185.660
 30  16    355.3    124.7   0.7422   0.3711   2.0000   1.9374 -1185.370
 30  17    355.3    124.7   0.7422   0.3711   2.0000   1.9374 -1185.370
 30  18    353.7    126.3   0.6822   0.3411   2.0000   1.7774 -1168.345
 30  19    355.7    124.3   0.7300   0.3650   2.0000   1.9065 -1180.967
 30  20    355.6    124.4   0.4734   0.2367   2.0000   1.2361 -1107.509
 30  21    355.8    124.2   0.4502   0.2251   2.0000   1.1757 -1096.250
 30  22    354.7    125.3   0.4891   0.2446   2.0000   1.2759 -1106.301
 30  23    354.5    125.5   0.5023   0.2511   2.0000   1.3097 -1111.029
 30  24    353.0    127.0   0.5395   0.2698   2.0000   1.4044 -1134.685
 30  25    354.7    125.3   0.4669   0.2334   2.0000   1.2178 -1099.038
 30  26    356.2    123.8   0.5046   0.2523   2.0000   1.3185 -1113.339
 30  27    356.2    123.8   0.5046   0.2523   2.0000   1.3185 -1113.339
 30  28    355.0    125.0   0.2539   0.1270   2.0000   0.6626  -984.196
 30  29    353.9    126.1   0.0000   0.0000   2.0000   0.0000  -650.986
 31   1    359.5    120.5   0.8317   0.4158   2.0000   2.1819 -1192.610
 31   2    357.1    122.9   0.7650   0.3825   2.0000   2.0012 -1190.939
 31   3    354.4    125.6   0.7649   0.3824   2.0000   1.9945 -1192.894
 31   4    355.2    124.8   0.7928   0.3964   2.0000   2.0690 -1197.526
 31   5    354.5    125.5   0.7581   0.3791   2.0000   1.9770 -1187.428
 31   6    354.5    125.5   0.7581   0.3791   2.0000   1.9770 -1187.428
 31   7    355.0    125.0   0.7741   0.3871   2.0000   2.0199 -1191.794
 31   8    355.0    125.0   0.7741   0.3871   2.0000   2.0199 -1191.794
 31   9    355.1    124.9   0.7635   0.3817   2.0000   1.9925 -1192.293
 31  10    355.5    124.5   0.7866   0.3933   2.0000   2.0538 -1197.755
 31  11    355.5    124.5   0.7866   0.3933   2.0000   2.0538 -1197.755
 31  12    357.3    122.7   0.7358   0.3679   2.0000   1.9253 -1180.859
 31  13    357.1    122.9   0.7311   0.3656   2.0000   1.9125 -1177.336
 31  14    356.9    123.1   0.7102   0.3551   2.0000   1.8575 -1172.964
 31  15    357.1    122.9   0.7144   0.3572   2.0000   1.8689 -1175.933
 31  16    357.0    123.0   0.7193   0.3597   2.0000   1.8815 -1177.037
 31  17    357.0    123.0   0.7193   0.3597   2.0000   1.8815 -1177.037
 31  18    355.3    124.7   0.6529   0.3264   2.0000   1.7042 -1164.009
 31  19    357.3    122.7   0.6754   0.3377   2.0000   1.7672 -1166.624
 31  20    357.2    122.8   0.5204   0.2602   2.0000   1.3615 -1120.226
 31  21    357.4    122.6   0.5029   0.2514   2.0000   1.3160 -1117.007
 31  22    356.3    123.7   0.4428   0.2214   2.0000   1.1573 -1091.860
 31  23    356.1    123.9   0.4473   0.2237   2.0000   1.1688 -1093.032
 31  24    354.6    125.4   0.5062   0.2531   2.0000   1.3202 -1124.433
 31  25    356.3    123.7   0.4347   0.2174   2.0000   1.1362 -1087.602
 31  26    357.9    122.1   0.5208   0.2604   2.0000   1.3637 -1118.514
 31  27    357.9    122.1   0.5208   0.2604   2.0000   1.3637 -1118.514
 31  28    356.7    123.3   0.3063   0.1531   2.0000   0.8008 -1018.423
 31  29    355.6    124.4   0.3081   0.1540   2.0000   0.8044 -1016.557
 31  30    355.6    124.4   0.3081   0.1540   2.0000   0.8044 -1016.557
 32   1    358.9    121.1   0.7125   0.3563   2.0000   1.8680 -1170.629
 32   2    356.6    123.4   0.7894   0.3947   2.0000   2.0638 -1194.689
 32   3    353.8    126.2   0.7502   0.3751   2.0000   1.9548 -1192.688
 32   4    354.6    125.4   0.7273   0.3636   2.0000   1.8968 -1182.847
 32   5    353.9    126.1   0.6985   0.3492   2.0000   1.8201 -1174.767
 32   6    353.9    126.1   0.6985   0.3492   2.0000   1.8201 -1174.767
 32   7    354.4    125.6   0.7406   0.3703   2.0000   1.9313 -1184.898
 32   8    354.4    125.6   0.7406   0.3703   2.0000   1.9313 -1184.898
 32   9    354.5    125.5   0.7263   0.3631   2.0000   1.8941 -1184.669
 32  10    355.0    125.0   0.7072   0.3536   2.0000   1.8453 -1179.129
 32  11    355.0    125.0   0.7072   0.3536   2.0000   1.8453 -1179.129
 32  12    356.7    123.3   0.6568   0.3284   2.0000   1.7174 -1165.757
 32  13    356.5    123.5   0.6913   0.3456   2.0000   1.8070 -1170.101
 32  14    356.3    123.7   0.6717   0.3358   2.0000   1.7555 -1165.743
 32  15    356.6    123.4   0.6755   0.3378   2.0000   1.7660 -1168.595
 32  16    356.4    123.6   0.6803   0.3402   2.0000   1.7782 -1169.754
 32  17    356.4    123.6   0.6803   0.3402   2.0000   1.7782 -1169.754
 32  18    354.8    125.2   0.6227   0.3114   2.0000   1.6246 -1151.994
 32  19    356.7    123.3   0.6339   0.3169   2.0000   1.6574 -1155.421
 32  20    356.6    123.4   0.5138   0.2569   2.0000   1.3434 -1118.769
 32  21    356.8    123.2   0.4776   0.2388   2.0000   1.2491 -1102.982
 32  22    355.8    124.2   0.4422   0.2211   2.0000   1.1550 -1087.797
 32  23    355.6    124.4   0.4511   0.2256   2.0000   1.1779 -1090.961
 32  24    354.0    126.0   0.4697   0.2348   2.0000   1.2241 -1109.583
 32  25    355.8    124.2   0.4616   0.2308   2.0000   1.2055 -1096.793
 32  26    357.3    122.7   0.4923   0.2462   2.0000   1.2882 -1109.417
 32  27    357.3    122.7   0.4923   0.2462   2.0000   1.2882 -1109.417
 32  28    356.1    123.9   0.2628   0.1314   2.0000   0.6867  -991.449
 32  29    355.0    125.0   0.2969   0.1485   2.0000   0.7748 -1010.066
 32  30    355.0    125.0   0.2969   0.1485   2.0000   0.7748 -1010.066
 32  31    356.7    123.3   0.2126   0.1063   2.0000   0.5558  -950.645
 33   1    357.7    122.3   0.7229   0.3614   2.0000   1.8924 -1177.401
 33   2    355.3    124.7   0.7016   0.3508   2.0000   1.8314 -1182.666
 33   3    352.7    127.3   0.7582   0.3791   2.0000   1.9729 -1193.999
 33   4    353.4    126.6   0.6763   0.3381   2.0000   1.7613 -1174.693
 33   5    352.8    127.2   0.6979   0.3489   2.0000   1.8162 -1176.420
 33   6    352.8    127.2   0.6979   0.3489   2.0000   1.8162 -1176.420
 33   7    353.2    126.8   0.6804   0.3402   2.0000   1.7717 -1174.039
 33   8    353.2    126.8   0.6804   0.3402   2.0000   1.7717 -1174.039
 33   9    353.4    126.6   0.6982   0.3491   2.0000   1.8184 -1177.456
 33  10    353.9    126.1   0.6787   0.3393   2.0000   1.7685 -1174.760
 33  11    353.9    126.1   0.6787   0.3393   2.0000   1.7685 -1174.760
 33  12    355.6    124.4   0.7131   0.3565   2.0000   1.8620 -1181.691
 33  13    355.3    124.7   0.7542   0.3771   2.0000   1.9687 -1191.380
 33  14    355.1    124.9   0.7272   0.3636   2.0000   1.8979 -1188.449
 33  15    355.3    124.7   0.7117   0.3558   2.0000   1.8578 -1185.759
 33  16    355.2    124.8   0.7168   0.3584   2.0000   1.8709 -1186.800
 33  17    355.2    124.8   0.7168   0.3584   2.0000   1.8709 -1186.800
 33  18    353.5    126.5   0.6743   0.3371   2.0000   1.7563 -1173.759
 33  19    355.6    124.4   0.6726   0.3363   2.0000   1.7562 -1172.647
 33  20    355.5    124.5   0.5120   0.2560   2.0000   1.3368 -1123.136
 33  21    355.6    124.4   0.3895   0.1948   2.0000   1.0171 -1065.133
 33  22    354.5    125.5   0.4739   0.2369   2.0000   1.2359 -1111.934
 33  23    354.3    125.7   0.4680   0.2340   2.0000   1.2202 -1109.204
 33  24    352.9    127.1   0.4708   0.2354   2.0000   1.2255 -1113.864
 33  25    354.6    125.4   0.4649   0.2325   2.0000   1.2125 -1108.558
 33  26    356.0    124.0   0.4664   0.2332   2.0000   1.2185 -1105.325
 33  27    356.0    124.0   0.4664   0.2332   2.0000   1.2185 -1105.325
 33  28    354.9    125.1   0.3923   0.1961   2.0000   1.0235 -1078.475
 33  29    353.8    126.2   0.3987   0.1993   2.0000   1.0387 -1079.062
 33  30    353.8    126.2   0.3987   0.1993   2.0000   1.0387 -1079.062
 33  31    355.4    124.6   0.4057   0.2029   2.0000   1.0592 -1085.900
 33  32    354.8    125.2   0.4093   0.2047   2.0000   1.0679 -1081.530
 34   1    357.7    122.3   0.7229   0.3614   2.0000   1.8924 -1177.401
 34   2    355.3    124.7   0.7016   0.3508   2.0000   1.8314 -1182.666
 34   3    352.7    127.3   0.7582   0.3791   2.0000   1.9729 -1193.999
 34   4    353.4    126.6   0.6763   0.3381   2.0000   1.7613 -1174.693
 34   5    352.8    127.2   0.6979   0.3489   2.0000   1.8162 -1176.420
 34   6    352.8    127.2   0.6979   0.3489   2.0000   1.8162 -1176.420
 34   7    353.2    126.8   0.6804   0.3402   2.0000   1.7717 -1174.039
 34   8    353.2    126.8   0.6804   0.3402   2.0000   1.7717 -1174.039
 34   9    353.4    126.6   0.6982   0.3491   2.0000   1.8184 -1177.456
 34  10    353.9    126.1   0.6787   0.3393   2.0000   1.7685 -1174.760
 34  11    353.9    126.1   0.6787   0.3393   2.0000   1.7685 -1174.760
 34  12    355.6    124.4   0.7131   0.3565   2.0000   1.8620 -1181.691
 34  13    355.3    124.7   0.7542   0.3771   2.0000   1.9687 -1191.380
 34  14    355.1    124.9   0.7272   0.3636   2.0000   1.8979 -1188.449
 34  15    355.3    124.7   0.7117   0.3558   2.0000   1.8578 -1185.759
 34  16    355.2    124.8   0.7168   0.3584   2.0000   1.8709 -1186.800
 34  17    355.2    124.8   0.7168   0.3584   2.0000   1.8709 -1186.800
 34  18    353.5    126.5   0.6743   0.3371   2.0000   1.7563 -1173.759
 34  19    355.6    124.4   0.6726   0.3363   2.0000   1.7562 -1172.647
 34  20    355.5    124.5   0.5120   0.2560   2.0000   1.3368 -1123.136
 34  21    355.6    124.4   0.3895   0.1948   2.0000   1.0171 -1065.133
 34  22    354.5    125.5   0.4739   0.2369   2.0000   1.2359 -1111.934
 34  23    354.3    125.7   0.4680   0.2340   2.0000   1.2202 -1109.204
 34  24    352.9    127.1   0.4708   0.2354   2.0000   1.2255 -1113.864
 34  25    354.6    125.4   0.4649   0.2325   2.0000   1.2125 -1108.558
 34  26    356.0    124.0   0.4664   0.2332   2.0000   1.2185 -1105.325
 34  27    356.0    124.0   0.4664   0.2332   2.0000   1.2185 -1105.325
 34  28    354.9    125.1   0.3923   0.1961   2.0000   1.0235 -1078.475
 34  29    353.8    126.2   0.3987   0.1993   2.0000   1.0387 -1079.062
 34  30    353.8    126.2   0.3987   0.1993   2.0000   1.0387 -1079.062
 34  31    355.4    124.6   0.4057   0.2029   2.0000   1.0592 -1085.900
 34  32    354.8    125.2   0.4093   0.2047   2.0000   1.0679 -1081.530
 34  33    353.7    126.3   0.0000   0.0000   2.0000   0.0000  -651.173
 35   1    360.0    120.0   0.8550   0.4275   2.0000   2.2445 -1197.705
 35   2    357.7    122.3   0.6918   0.3459   2.0000   1.8111 -1173.525
 35   3    355.0    125.0   0.6486   0.3243   2.0000   1.6926 -1161.134
 35   4    355.8    124.2   0.6527   0.3264   2.0000   1.7048 -1163.399
 35   5    355.1    124.9   0.6757   0.3379   2.0000   1.7635 -1165.917
 35   6    355.1    124.9   0.6757   0.3379   2.0000   1.7635 -1165.917
 35   7    355.6    124.4   0.6564   0.3282   2.0000   1.7142 -1160.830
 35   8    355.6    124.4   0.6564   0.3282   2.0000   1.7142 -1160.830
 35   9    355.7    124.3   0.7236   0.3618   2.0000   1.8896 -1179.016
 35  10    356.2    123.8   0.6799   0.3399   2.0000   1.7765 -1169.427
 35  11    356.2    123.8   0.6799   0.3399   2.0000   1.7765 -1169.427
 35  12    357.8    122.2   0.7444   0.3722   2.0000   1.9491 -1176.114
 35  13    357.6    122.4   0.7018   0.3509   2.0000   1.8370 -1173.008
 35  14    357.5    122.5   0.6957   0.3479   2.0000   1.8209 -1171.668
 35  15    357.7    122.3   0.6843   0.3422   2.0000   1.7914 -1172.255
 35  16    357.6    122.4   0.6891   0.3446   2.0000   1.8037 -1173.322
 35  17    357.6    122.4   0.6891   0.3446   2.0000   1.8037 -1173.322
 35  18    356.0    124.0   0.6738   0.3369   2.0000   1.7603 -1166.324
 35  19    357.9    122.1   0.6612   0.3306   2.0000   1.7314 -1162.500
 35  20    357.8    122.2   0.4670   0.2335   2.0000   1.2227 -1096.299
 35  21    358.0    122.0   0.4584   0.2292   2.0000   1.2005 -1092.205
 35  22    357.0    123.0   0.4598   0.2299   2.0000   1.2026 -1091.407
 35  23    356.8    123.2   0.4687   0.2343   2.0000   1.2256 -1094.831
 35  24    355.2    124.8   0.5116   0.2558   2.0000   1.3353 -1120.645
 35  25    357.0    123.0   0.5419   0.2709   2.0000   1.4174 -1125.830
 35  26    358.4    121.6   0.4876   0.2438   2.0000   1.2776 -1102.720
 35  27    358.4    121.6   0.4876   0.2438   2.0000   1.2776 -1102.720
 35  28    357.2    122.8   0.3941   0.1971   2.0000   1.0312 -1071.301
 35  29    356.1    123.9   0.4305   0.2152   2.0000   1.1248 -1087.062
 35  30    356.1    123.9   0.4305   0.2152   2.0000   1.1248 -1087.062
 35  31    357.8    122.2   0.4473   0.2236   2.0000   1.1710 -1091.862
 35  32    357.2    122.8   0.4485   0.2242   2.0000   1.1733 -1101.391
 35  33    356.0    124.0   0.2849   0.1425   2.0000   0.7444 -1002.851
 35  34    356.0    124.0   0.2849   0.1425   2.0000   0.7444 -1002.851
 36   1    360.0    120.0   0.8339   0.4170   2.0000   2.1890 -1193.682
 36   2    357.7    122.3   0.7092   0.3546   2.0000   1.8564 -1174.888
 36   3    354.9    125.1   0.7156   0.3578   2.0000   1.8671 -1179.196
 36   4    355.7    124.3   0.7423   0.3711   2.0000   1.9385 -1186.165
 36   5    354.9    125.1   0.7718   0.3859   2.0000   2.0137 -1187.327
 36   6    354.9    125.1   0.7718   0.3859   2.0000   2.0137 -1187.327
 36   7    355.5    124.5   0.7324   0.3662   2.0000   1.9122 -1178.428
 36   8    355.5    124.5   0.7324   0.3662   2.0000   1.9122 -1178.428
 36   9    355.6    124.4   0.7444   0.3722   2.0000   1.9438 -1183.712
 36  10    356.0    124.0   0.7316   0.3658   2.0000   1.9112 -1180.691
 36  11    356.0    124.0   0.7316   0.3658   2.0000   1.9112 -1180.691
 36  12    357.7    122.3   0.7314   0.3657   2.0000   1.9148 -1179.556
 36  13    357.6    122.4   0.7533   0.3766   2.0000   1.9716 -1183.118
 36  14    357.4    122.6   0.7535   0.3768   2.0000   1.9719 -1185.020
 36  15    357.7    122.3   0.7319   0.3659   2.0000   1.9158 -1180.190
 36  16    357.5    122.5   0.7368   0.3684   2.0000   1.9283 -1181.303
 36  17    357.5    122.5   0.7368   0.3684   2.0000   1.9283 -1181.303
 36  18    355.8    124.2   0.6920   0.3460   2.0000   1.8075 -1175.851
 36  19    357.8    122.2   0.7509   0.3755   2.0000   1.9660 -1183.111
 36  20    357.7    122.3   0.4316   0.2158   2.0000   1.1298 -1087.282
 36  21    358.0    122.0   0.4267   0.2134   2.0000   1.1175 -1076.944
 36  22    356.9    123.1   0.4213   0.2106   2.0000   1.1017 -1084.868
 36  23    356.7    123.3   0.4344   0.2172   2.0000   1.1357 -1090.618
 36  24    355.1    124.9   0.4695   0.2348   2.0000   1.2253 -1107.025
 36  25    356.9    123.1   0.4902   0.2451   2.0000   1.2820 -1113.663
 36  26    358.5    121.5   0.4262   0.2131   2.0000   1.1166 -1082.517
 36  27    358.5    121.5   0.4262   0.2131   2.0000   1.1166 -1082.517
 36  28    357.2    122.8   0.4507   0.2253   2.0000   1.1791 -1098.499
 36  29    356.1    123.9   0.4776   0.2388   2.0000   1.2478 -1108.423
 36  30    356.1    123.9   0.4776   0.2388   2.0000   1.2478 -1108.423
 36  31    357.8    122.2   0.3895   0.1947   2.0000   1.0198 -1071.580
 36  32    357.2    122.8   0.4520   0.2260   2.0000   1.1827 -1099.153
 36  33    355.9    124.1   0.2959   0.1480   2.0000   0.7731 -1008.615
 36  34    355.9    124.1   0.2959   0.1480   2.0000   0.7731 -1008.615
 36  35    358.3    121.7   0.2389   0.1194   2.0000   0.6258  -962.676
 37   1    358.7    121.3   0.8385   0.4192   2.0000   2.1976 -1198.627
 37   2    356.3    123.7   0.6748   0.3374   2.0000   1.7635 -1172.370
 37   3    353.6    126.4   0.7158   0.3579   2.0000   1.8647 -1178.703
 37   4    354.4    125.6   0.7098   0.3549   2.0000   1.8508 -1182.442
 37   5    353.7    126.3   0.7502   0.3751   2.0000   1.9544 -1186.765
 37   6    353.7    126.3   0.7502   0.3751   2.0000   1.9544 -1186.765
 37   7    354.2    125.8   0.7153   0.3577   2.0000   1.8646 -1179.001
 37   8    354.2    125.8   0.7153   0.3577   2.0000   1.8646 -1179.001
 37   9    354.3    125.7   0.7351   0.3676   2.0000   1.9166 -1181.603
 37  10    354.8    125.2   0.7512   0.3756   2.0000   1.9596 -1186.380
 37  11    354.8    125.2   0.7512   0.3756   2.0000   1.9596 -1186.380
 37  12    356.5    123.5   0.7119   0.3560   2.0000   1.8610 -1171.411
 37  13    356.2    123.8   0.7185   0.3593   2.0000   1.8777 -1172.165
 37  14    356.1    123.9   0.7263   0.3631   2.0000   1.8976 -1175.094
 37  15    356.3    123.7   0.7055   0.3528   2.0000   1.8438 -1171.996
 37  16    356.2    123.8   0.7113   0.3556   2.0000   1.8586 -1173.238
 37  17    356.2    123.8   0.7113   0.3556   2.0000   1.8586 -1173.238
 37  18    354.5    125.5   0.7278   0.3639   2.0000   1.8979 -1180.507
 37  19    356.5    123.5   0.7066   0.3533   2.0000   1.8472 -1172.085
 37  20    356.4    123.6   0.4639   0.2320   2.0000   1.2127 -1098.327
 37  21    356.6    123.4   0.4332   0.2166   2.0000   1.1326 -1081.569
 37  22    355.5    124.5   0.4361   0.2180   2.0000   1.1385 -1088.104
 37  23    355.2    124.8   0.4409   0.2204   2.0000   1.1507 -1091.758
 37  24    353.8    126.2   0.4897   0.2449   2.0000   1.2760 -1112.320
 37  25    355.5    124.5   0.5261   0.2631   2.0000   1.3737 -1121.914
 37  26    357.0    123.0   0.4791   0.2396   2.0000   1.2531 -1099.990
 37  27    357.0    123.0   0.4791   0.2396   2.0000   1.2531 -1099.990
 37  28    355.9    124.1   0.3846   0.1923   2.0000   1.0046 -1069.841
 37  29    354.8    125.2   0.4189   0.2094   2.0000   1.0927 -1082.872
 37  30    354.8    125.2   0.4189   0.2094   2.0000   1.0927 -1082.872
 37  31    356.4    123.6   0.4256   0.2128   2.0000   1.1123 -1087.837
 37  32    355.8    124.2   0.4350   0.2175   2.0000   1.1362 -1097.525
 37  33    354.7    125.3   0.2670   0.1335   2.0000   0.6964  -991.161
 37  34    354.7    125.3   0.2670   0.1335   2.0000   0.6964  -991.161
 37  35    357.0    123.0   0.2325   0.1162   2.0000   0.6081  -959.417
 37  36    356.9    123.1   0.1779   0.0890   2.0000   0.4653  -905.814
 38   1    358.9    121.1   0.8315   0.4158   2.0000   2.1799 -1198.575
 38   2    356.5    123.5   0.6410   0.3205   2.0000   1.6755 -1160.073
 38   3    353.9    126.1   0.7349   0.3675   2.0000   1.9150 -1181.717
 38   4    354.6    125.4   0.7208   0.3604   2.0000   1.8800 -1182.258
 38   5    353.9    126.1   0.7595   0.3797   2.0000   1.9791 -1183.865
 38   6    353.9    126.1   0.7595   0.3797   2.0000   1.9791 -1183.865
 38   7    354.4    125.6   0.7568   0.3784   2.0000   1.9735 -1184.115
 38   8    354.4    125.6   0.7568   0.3784   2.0000   1.9735 -1184.115
 38   9    354.5    125.5   0.7233   0.3617   2.0000   1.8863 -1176.780
 38  10    355.0    125.0   0.7314   0.3657   2.0000   1.9085 -1179.089
 38  11    355.0    125.0   0.7314   0.3657   2.0000   1.9085 -1179.089
 38  12    356.7    123.3   0.6659   0.3329   2.0000   1.7411 -1161.045
 38  13    356.5    123.5   0.7204   0.3602   2.0000   1.8831 -1175.272
 38  14    356.3    123.7   0.7235   0.3617   2.0000   1.8908 -1177.856
 38  15    356.5    123.5   0.7254   0.3627   2.0000   1.8963 -1179.062
 38  16    356.4    123.6   0.7304   0.3652   2.0000   1.9090 -1180.084
 38  17    356.4    123.6   0.7304   0.3652   2.0000   1.9090 -1180.084
 38  18    354.7    125.3   0.7230   0.3615   2.0000   1.8859 -1182.827
 38  19    356.8    123.2   0.7130   0.3565   2.0000   1.8644 -1174.356
 38  20    356.7    123.3   0.4746   0.2373   2.0000   1.2408 -1104.428
 38  21    356.8    123.2   0.4135   0.2068   2.0000   1.0814 -1072.385
 38  22    355.7    124.3   0.4332   0.2166   2.0000   1.1313 -1088.529
 38  23    355.5    124.5   0.4462   0.2231   2.0000   1.1650 -1094.245
 38  24    354.0    126.0   0.4776   0.2388   2.0000   1.2449 -1109.522
 38  25    355.8    124.2   0.4946   0.2473   2.0000   1.2919 -1113.713
 38  26    357.2    122.8   0.4497   0.2249   2.0000   1.1767 -1093.173
 38  27    357.2    122.8   0.4497   0.2249   2.0000   1.1767 -1093.173
 38  28    356.1    123.9   0.3906   0.1953   2.0000   1.0206 -1068.605
 38  29    355.0    125.0   0.4093   0.2046   2.0000   1.0680 -1076.833
 38  30    355.0    125.0   0.4093   0.2046   2.0000   1.0680 -1076.833
 38  31    356.6    123.4   0.3807   0.1903   2.0000   0.9952 -1066.323
 38  32    356.0    124.0   0.3837   0.1918   2.0000   1.0024 -1072.654
 38  33    354.9    125.1   0.2402   0.1201   2.0000   0.6268  -966.657
 38  34    354.9    125.1   0.2402   0.1201   2.0000   0.6268  -966.657
 38  35    357.2    122.8   0.2552   0.1276   2.0000   0.6675  -977.481
 38  36    357.1    122.9   0.1682   0.0841   2.0000   0.4399  -898.678
 38  37    355.8    124.2   0.1531   0.0766   2.0000   0.3999  -877.065

