Supplemental results for CODEML (seqf: /gpfs/scratch/cltucker/EBH381-Group-Project/SIV_aligned_NEF.fas  treef: )


pairwise comparison (Goldman & Yang 1994)
seq seq        N       S       dN       dS     dN/dS   Paras.
  2   1    359.4    120.6   0.5154  51.5448   0.0100  40.0198 -1175.335
  3   1    356.7    123.3   0.4186  41.8593   0.0100  33.1804 -1157.002
  3   2    354.3    125.7   0.3731  37.3134   0.0100  30.1402 -1143.723
  4   1    357.5    122.5   0.4002  40.0223   0.0100  31.5431 -1142.965
  4   2    355.0    125.0   0.3455  34.5473   0.0100  27.7472 -1133.362
  4   3    352.4    127.6   0.1643  16.4259   0.0100  13.4635 -1031.240
  5   1    356.8    123.2   0.4016  40.1601   0.0100  31.8180 -1142.774
  5   2    354.4    125.6   0.4246  42.4557   0.0100  34.2805 -1157.177
  5   3    351.7    128.3   0.1425  14.2461   0.0100  11.7343 -1017.776
  5   4    352.4    127.6   0.1654  16.5419   0.0100  13.5536 -1028.052
  6   1    356.8    123.2   0.4016  40.1601   0.0100  31.8180 -1142.774
  6   2    354.4    125.6   0.4246  42.4557   0.0100  34.2805 -1157.177
  6   3    351.7    128.3   0.1425  14.2461   0.0100  11.7343 -1017.776
  6   4    352.4    127.6   0.1654  16.5419   0.0100  13.5536 -1028.052
  6   5    351.8    128.2   0.0000   0.0000   0.0100   0.0000  -652.070
  7   1    357.3    122.7   0.4151  41.5138   0.0100  32.7606 -1145.729
  7   2    354.9    125.1   0.3909  39.0918   0.0100  31.4402 -1146.940
  7   3    352.2    127.8   0.1525  15.2493   0.0100  12.5167 -1023.391
  7   4    352.9    127.1   0.1505  15.0504   0.0100  12.2860 -1017.680
  7   5    352.2    127.8   0.0025   0.2452   0.0100   0.2012  -813.566
  7   6    352.2    127.8   0.0025   0.2452   0.0100   0.2012  -813.566
  8   1    357.3    122.7   0.4151  41.5138   0.0100  32.7606 -1145.729
  8   2    354.9    125.1   0.3909  39.0918   0.0100  31.4402 -1146.940
  8   3    352.2    127.8   0.1525  15.2493   0.0100  12.5167 -1023.391
  8   4    352.9    127.1   0.1505  15.0504   0.0100  12.2860 -1017.680
  8   5    352.2    127.8   0.0025   0.2452   0.0100   0.2012  -813.566
  8   6    352.2    127.8   0.0025   0.2452   0.0100   0.2012  -813.566
  8   7    352.7    127.3   0.0000   0.0000   0.0100   0.0000  -650.549
  9   1    357.4    122.6   0.4137  41.3680   0.0100  32.6172 -1145.961
  9   2    355.0    125.0   0.4047  40.4705   0.0100  32.5171 -1153.357
  9   3    352.3    127.7   0.1495  14.9476   0.0100  12.2550 -1022.083
  9   4    353.1    126.9   0.1818  18.1838   0.0100  14.8276 -1036.718
  9   5    352.4    127.6   0.0055   0.5469   0.0100   0.4482  -918.389
  9   6    352.4    127.6   0.0055   0.5469   0.0100   0.4482  -918.389
  9   7    352.9    127.1   0.0049   0.4919   0.0100   0.4017  -886.683
  9   8    352.9    127.1   0.0049   0.4919   0.0100   0.4017  -886.683
 10   1    357.9    122.1   0.4137  41.3679   0.0100  32.5050 -1144.255
 10   2    355.4    124.6   0.4127  41.2692   0.0100  33.0460 -1151.523
 10   3    352.8    127.2   0.1575  15.7465   0.0100  12.8611 -1023.880
 10   4    353.5    126.5   0.1780  17.8037   0.0100  14.4656 -1035.295
 10   5    352.9    127.1   0.0044   0.4424   0.0100   0.3612  -888.289
 10   6    352.9    127.1   0.0044   0.4424   0.0100   0.3612  -888.289
 10   7    353.3    126.7   0.0047   0.4687   0.0100   0.3814  -869.385
 10   8    353.3    126.7   0.0047   0.4687   0.0100   0.3814  -869.385
 10   9    353.5    126.5   0.0044   0.4402   0.0100   0.3577  -875.866
 11   1    357.9    122.1   0.4137  41.3679   0.0100  32.5050 -1144.255
 11   2    355.4    124.6   0.4127  41.2692   0.0100  33.0460 -1151.523
 11   3    352.8    127.2   0.1575  15.7465   0.0100  12.8611 -1023.880
 11   4    353.5    126.5   0.1780  17.8037   0.0100  14.4656 -1035.295
 11   5    352.9    127.1   0.0044   0.4424   0.0100   0.3612  -888.289
 11   6    352.9    127.1   0.0044   0.4424   0.0100   0.3612  -888.289
 11   7    353.3    126.7   0.0047   0.4687   0.0100   0.3814  -869.385
 11   8    353.3    126.7   0.0047   0.4687   0.0100   0.3814  -869.385
 11   9    353.5    126.5   0.0044   0.4402   0.0100   0.3577  -875.866
 11  10    354.0    126.0   0.0000   0.0000   0.0100   0.0000  -650.432
 12   1    359.5    120.5   0.5554  55.5426   0.0100  43.0643 -1186.044
 12   2    357.2    122.8   0.5282  52.8239   0.0100  41.7289 -1183.768
 12   3    354.6    125.4   0.5185  51.8513   0.0100  41.7853 -1187.402
 12   4    355.3    124.7   0.5123  51.2282   0.0100  41.0642 -1185.068
 12   5    354.7    125.3   0.5284  52.8353   0.0100  42.5586 -1187.046
 12   6    354.7    125.3   0.5284  52.8353   0.0100  42.5586 -1187.046
 12   7    355.1    124.9   0.5124  51.2416   0.0100  41.1306 -1183.802
 12   8    355.1    124.9   0.5124  51.2416   0.0100  41.1306 -1183.802
 12   9    355.3    124.7   0.5053  50.5298   0.0100  40.5157 -1181.696
 12  10    355.8    124.2   0.5414  54.1413   0.0100  43.2422 -1187.111
 12  11    355.8    124.2   0.5414  54.1413   0.0100  43.2422 -1187.111
 13   1    359.3    120.7   0.5601  56.0139   0.0100  43.5115 -1190.889
 13   2    356.9    123.1   0.5574  55.7415   0.0100  44.1228 -1195.097
 13   3    354.3    125.7   0.5578  55.7759   0.0100  45.0706 -1202.282
 13   4    355.0    125.0   0.5497  54.9702   0.0100  44.1706 -1197.762
 13   5    354.3    125.7   0.5110  51.0981   0.0100  41.2753 -1188.801
 13   6    354.3    125.7   0.5110  51.0981   0.0100  41.2753 -1188.801
 13   7    354.8    125.2   0.5387  53.8693   0.0100  43.3466 -1194.294
 13   8    354.8    125.2   0.5387  53.8693   0.0100  43.3466 -1194.294
 13   9    354.9    125.1   0.5442  54.4223   0.0100  43.7457 -1196.923
 13  10    355.4    124.6   0.5326  53.2627   0.0100  42.6647 -1191.372
 13  11    355.4    124.6   0.5326  53.2627   0.0100  42.6647 -1191.372
 13  12    357.1    122.9   0.4479  44.7921   0.0100  35.3961 -1163.055
 14   1    359.2    120.8   0.5220  52.1991   0.0100  40.5936 -1183.499
 14   2    356.8    123.2   0.5500  55.0026   0.0100  43.5849 -1194.698
 14   3    354.1    125.9   0.5447  54.4747   0.0100  44.0675 -1200.467
 14   4    354.8    125.2   0.5431  54.3072   0.0100  43.6848 -1197.299
 14   5    354.2    125.8   0.5029  50.2851   0.0100  40.6618 -1186.274
 14   6    354.2    125.8   0.5029  50.2851   0.0100  40.6618 -1186.274
 14   7    354.7    125.3   0.5190  51.8960   0.0100  41.8022 -1189.681
 14   8    354.7    125.3   0.5190  51.8960   0.0100  41.8022 -1189.681
 14   9    354.8    125.2   0.5122  51.2200   0.0100  41.2167 -1189.808
 14  10    355.2    124.8   0.5014  50.1385   0.0100  40.2062 -1184.226
 14  11    355.2    124.8   0.5014  50.1385   0.0100  40.2062 -1184.226
 14  12    357.0    123.0   0.4264  42.6401   0.0100  33.7341 -1157.624
 14  13    356.7    123.3   0.0013   0.1280   0.0100   0.1015  -747.602
 15   1    359.4    120.6   0.5550  55.4997   0.0100  43.0886 -1189.808
 15   2    357.0    123.0   0.5511  55.1139   0.0100  43.6003 -1194.891
 15   3    354.3    125.7   0.5576  55.7615   0.0100  45.0354 -1203.396
 15   4    355.1    124.9   0.5393  53.9264   0.0100  43.3074 -1197.017
 15   5    354.4    125.6   0.5166  51.6631   0.0100  41.7087 -1189.746
 15   6    354.4    125.6   0.5166  51.6631   0.0100  41.7087 -1189.746
 15   7    354.9    125.1   0.5210  52.0972   0.0100  41.8957 -1190.593
 15   8    354.9    125.1   0.5210  52.0972   0.0100  41.8957 -1190.593
 15   9    355.0    125.0   0.5138  51.3785   0.0100  41.2766 -1190.809
 15  10    355.5    124.5   0.5152  51.5223   0.0100  41.2492 -1187.711
 15  11    355.5    124.5   0.5152  51.5223   0.0100  41.2492 -1187.711
 15  12    357.2    122.8   0.4380  43.7989   0.0100  34.5944 -1161.951
 15  13    356.9    123.1   0.0013   0.1275   0.0100   0.1009  -746.347
 15  14    356.8    123.2   0.0008   0.0826   0.0100   0.0655  -720.024
 16   1    359.2    120.8   0.5487  54.8688   0.0100  42.6445 -1188.866
 16   2    356.9    123.1   0.5577  55.7737   0.0100  44.1705 -1196.182
 16   3    354.2    125.8   0.5641  56.4143   0.0100  45.6078 -1204.671
 16   4    354.9    125.1   0.5457  54.5688   0.0100  43.8690 -1198.355
 16   5    354.2    125.8   0.5109  51.0876   0.0100  41.2853 -1188.625
 16   6    354.2    125.8   0.5109  51.0876   0.0100  41.2853 -1188.625
 16   7    354.7    125.3   0.5273  52.7314   0.0100  42.4505 -1192.011
 16   8    354.7    125.3   0.5273  52.7314   0.0100  42.4505 -1192.011
 16   9    354.9    125.1   0.5201  52.0057   0.0100  41.8233 -1192.185
 16  10    355.3    124.7   0.5095  50.9534   0.0100  40.8335 -1186.588
 16  11    355.3    124.7   0.5095  50.9534   0.0100  40.8335 -1186.588
 16  12    357.1    122.9   0.4437  44.3652   0.0100  35.0759 -1163.397
 16  13    356.8    123.2   0.0012   0.1185   0.0100   0.0939  -739.168
 16  14    356.7    123.3   0.0007   0.0741   0.0100   0.0588  -712.409
 16  15    356.9    123.1   0.0001   0.0079   0.0100   0.0063  -658.318
 17   1    359.2    120.8   0.5487  54.8688   0.0100  42.6445 -1188.866
 17   2    356.9    123.1   0.5577  55.7737   0.0100  44.1705 -1196.182
 17   3    354.2    125.8   0.5641  56.4143   0.0100  45.6078 -1204.671
 17   4    354.9    125.1   0.5457  54.5688   0.0100  43.8690 -1198.355
 17   5    354.2    125.8   0.5109  51.0876   0.0100  41.2853 -1188.625
 17   6    354.2    125.8   0.5109  51.0876   0.0100  41.2853 -1188.625
 17   7    354.7    125.3   0.5273  52.7314   0.0100  42.4505 -1192.011
 17   8    354.7    125.3   0.5273  52.7314   0.0100  42.4505 -1192.011
 17   9    354.9    125.1   0.5201  52.0057   0.0100  41.8233 -1192.185
 17  10    355.3    124.7   0.5095  50.9534   0.0100  40.8335 -1186.588
 17  11    355.3    124.7   0.5095  50.9534   0.0100  40.8335 -1186.588
 17  12    357.1    122.9   0.4437  44.3652   0.0100  35.0759 -1163.397
 17  13    356.8    123.2   0.0012   0.1185   0.0100   0.0939  -739.168
 17  14    356.7    123.3   0.0007   0.0741   0.0100   0.0588  -712.409
 17  15    356.9    123.1   0.0001   0.0079   0.0100   0.0063  -658.318
 17  16    356.7    123.3   0.0000   0.0000   0.0100   0.0000  -647.421
 18   1    357.6    122.4   0.5119  51.1899   0.0100  40.2984 -1180.121
 18   2    355.2    124.8   0.5084  50.8416   0.0100  40.7975 -1182.106
 18   3    352.5    127.5   0.5381  53.8142   0.0100  44.0693 -1195.652
 18   4    353.2    126.8   0.5453  54.5284   0.0100  44.4134 -1196.522
 18   5    352.5    127.5   0.5118  51.1754   0.0100  41.9012 -1186.607
 18   6    352.5    127.5   0.5118  51.1754   0.0100  41.9012 -1186.607
 18   7    353.0    127.0   0.5030  50.2954   0.0100  41.0312 -1183.601
 18   8    353.0    127.0   0.5030  50.2954   0.0100  41.0312 -1183.601
 18   9    353.2    126.8   0.5183  51.8290   0.0100  42.2250 -1188.222
 18  10    353.6    126.4   0.5075  50.7518   0.0100  41.2017 -1184.586
 18  11    353.6    126.4   0.5075  50.7518   0.0100  41.2017 -1184.586
 18  12    355.4    124.6   0.4224  42.2394   0.0100  33.8211 -1158.577
 18  13    355.1    124.9   0.2272  22.7161   0.0100  18.2381 -1063.985
 18  14    355.0    125.0   0.2162  21.6161   0.0100  17.3717 -1057.276
 18  15    355.2    124.8   0.2200  21.9964   0.0100  17.6488 -1059.123
 18  16    355.0    125.0   0.2161  21.6092   0.0100  17.3566 -1057.118
 18  17    355.0    125.0   0.2161  21.6092   0.0100  17.3566 -1057.118
 19   1    359.6    120.4   0.5647  56.4695   0.0100  43.7712 -1185.918
 19   2    357.2    122.8   0.5682  56.8197   0.0100  44.8797 -1194.734
 19   3    354.6    125.4   0.5932  59.3223   0.0100  47.8076 -1206.127
 19   4    355.3    124.7   0.5615  56.1517   0.0100  45.0109 -1197.341
 19   5    354.6    125.4   0.5405  54.0454   0.0100  43.5402 -1193.368
 19   6    354.6    125.4   0.5405  54.0454   0.0100  43.5402 -1193.368
 19   7    355.1    124.9   0.5401  54.0125   0.0100  43.3597 -1192.674
 19   8    355.1    124.9   0.5401  54.0125   0.0100  43.3597 -1192.674
 19   9    355.3    124.7   0.5636  56.3638   0.0100  45.1925 -1197.491
 19  10    355.8    124.2   0.5435  54.3465   0.0100  43.4113 -1190.957
 19  11    355.8    124.2   0.5435  54.3465   0.0100  43.4113 -1190.957
 19  12    357.5    122.5   0.4416  44.1559   0.0100  34.7973 -1160.479
 19  13    357.1    122.9   0.2285  22.8546   0.0100  18.0596 -1061.417
 19  14    357.0    123.0   0.2449  24.4886   0.0100  19.3714 -1070.628
 19  15    357.2    122.8   0.2407  24.0736   0.0100  19.0123 -1068.295
 19  16    357.1    122.9   0.2368  23.6764   0.0100  18.7175 -1066.453
 19  17    357.1    122.9   0.2368  23.6764   0.0100  18.7175 -1066.453
 19  18    355.4    124.6   0.1549  15.4918   0.0100  12.4091 -1015.139
 20   1    359.5    120.5   0.5013  50.1316   0.0100  38.8896 -1174.508
 20   2    357.1    122.9   0.5143  51.4304   0.0100  40.6477 -1189.176
 20   3    354.5    125.5   0.4354  43.5446   0.0100  35.1219 -1170.361
 20   4    355.2    124.8   0.4631  46.3101   0.0100  37.1468 -1175.082
 20   5    354.6    125.4   0.4794  47.9436   0.0100  38.6507 -1178.369
 20   6    354.6    125.4   0.4794  47.9436   0.0100  38.6507 -1178.369
 20   7    355.0    125.0   0.4843  48.4256   0.0100  38.8941 -1179.415
 20   8    355.0    125.0   0.4843  48.4256   0.0100  38.8941 -1179.415
 20   9    355.2    124.8   0.4623  46.2337   0.0100  37.0987 -1172.984
 20  10    355.6    124.4   0.4641  46.4052   0.0100  37.0989 -1169.704
 20  11    355.6    124.4   0.4641  46.4052   0.0100  37.0989 -1169.704
 20  12    357.4    122.6   0.4134  41.3396   0.0100  32.6114 -1152.258
 20  13    357.1    122.9   0.4806  48.0579   0.0100  37.9977 -1174.156
 20  14    356.9    123.1   0.4603  46.0280   0.0100  36.4347 -1168.364
 20  15    357.1    122.9   0.4667  46.6675   0.0100  36.8798 -1170.246
 20  16    357.0    123.0   0.4727  47.2677   0.0100  37.3922 -1171.678
 20  17    357.0    123.0   0.4727  47.2677   0.0100  37.3922 -1171.678
 20  18    355.4    124.6   0.4228  42.2758   0.0100  33.8695 -1158.935
 20  19    357.4    122.6   0.5033  50.3346   0.0100  39.6982 -1175.949
 21   1    359.6    120.4   0.5229  52.2862   0.0100  40.5060 -1177.238
 21   2    357.3    122.7   0.4555  45.5540   0.0100  35.9573 -1165.660
 21   3    354.5    125.5   0.4731  47.3055   0.0100  38.1403 -1177.336
 21   4    355.3    124.7   0.4984  49.8433   0.0100  39.9491 -1182.785
 21   5    354.6    125.4   0.5247  52.4742   0.0100  42.2886 -1190.228
 21   6    354.6    125.4   0.5247  52.4742   0.0100  42.2886 -1190.228
 21   7    355.1    124.9   0.5246  52.4636   0.0100  42.1034 -1187.907
 21   8    355.1    124.9   0.5246  52.4636   0.0100  42.1034 -1187.907
 21   9    355.3    124.7   0.5089  50.8927   0.0100  40.8093 -1185.541
 21  10    355.7    124.3   0.5023  50.2283   0.0100  40.1479 -1181.171
 21  11    355.7    124.3   0.5023  50.2283   0.0100  40.1479 -1181.171
 21  12    357.4    122.6   0.4982  49.8188   0.0100  39.2853 -1175.656
 21  13    357.2    122.8   0.4764  47.6421   0.0100  37.6279 -1169.557
 21  14    357.1    122.9   0.4580  45.8040   0.0100  36.2159 -1165.848
 21  15    357.3    122.7   0.4562  45.6186   0.0100  36.0083 -1165.194
 21  16    357.1    122.9   0.4620  46.2015   0.0100  36.5098 -1166.709
 21  17    357.1    122.9   0.4620  46.2015   0.0100  36.5098 -1166.709
 21  18    355.5    124.5   0.4258  42.5788   0.0100  34.0902 -1153.757
 21  19    357.4    122.6   0.4494  44.9435   0.0100  35.4293 -1156.955
 21  20    357.4    122.6   0.3460  34.6040   0.0100  27.2957 -1126.414
 22   1    358.6    121.4   0.5513  55.1290   0.0100  43.0592 -1186.811
 22   2    356.2    123.8   0.4547  45.4734   0.0100  36.2017 -1170.902
 22   3    353.5    126.5   0.4958  49.5848   0.0100  40.2943 -1187.141
 22   4    354.2    125.8   0.4646  46.4596   0.0100  37.5470 -1173.473
 22   5    353.5    126.5   0.4504  45.0385   0.0100  36.5926 -1165.771
 22   6    353.5    126.5   0.4504  45.0385   0.0100  36.5926 -1165.771
 22   7    354.0    126.0   0.4716  47.1596   0.0100  38.1725 -1171.504
 22   8    354.0    126.0   0.4716  47.1596   0.0100  38.1725 -1171.504
 22   9    354.2    125.8   0.4553  45.5286   0.0100  36.8048 -1168.787
 22  10    354.6    125.4   0.4567  45.6681   0.0100  36.7904 -1166.274
 22  11    354.6    125.4   0.4567  45.6681   0.0100  36.7904 -1166.274
 22  12    356.4    123.6   0.4978  49.7773   0.0100  39.5511 -1178.605
 22  13    356.1    123.9   0.4351  43.5142   0.0100  34.6615 -1158.790
 22  14    356.0    124.0   0.4133  41.3261   0.0100  32.9506 -1152.207
 22  15    356.2    123.8   0.4223  42.2326   0.0100  33.6185 -1154.802
 22  16    356.1    123.9   0.4237  42.3686   0.0100  33.7635 -1155.695
 22  17    356.1    123.9   0.4237  42.3686   0.0100  33.7635 -1155.695
 22  18    354.3    125.7   0.3709  37.0851   0.0100  29.9620 -1137.925
 22  19    356.4    123.6   0.4313  43.1253   0.0100  34.2765 -1155.375
 22  20    356.4    123.6   0.3112  31.1246   0.0100  24.7424 -1114.460
 22  21    356.5    123.5   0.3080  30.7975   0.0100  24.4609 -1107.838
 23   1    358.4    121.6   0.5501  55.0054   0.0100  43.0393 -1186.898
 23   2    356.0    124.0   0.4501  45.0119   0.0100  35.8988 -1170.697
 23   3    353.3    126.7   0.5023  50.2262   0.0100  40.8944 -1189.403
 23   4    354.0    126.0   0.4544  45.4377   0.0100  36.7897 -1171.173
 23   5    353.3    126.7   0.4406  44.0590   0.0100  35.8660 -1163.492
 23   6    353.3    126.7   0.4406  44.0590   0.0100  35.8660 -1163.492
 23   7    353.8    126.2   0.4613  46.1276   0.0100  37.4066 -1169.156
 23   8    353.8    126.2   0.4613  46.1276   0.0100  37.4066 -1169.156
 23   9    354.0    126.0   0.4452  44.5246   0.0100  36.0612 -1166.441
 23  10    354.4    125.6   0.4465  44.6480   0.0100  36.0394 -1164.131
 23  11    354.4    125.6   0.4465  44.6480   0.0100  36.0394 -1164.131
 23  12    356.2    123.8   0.5037  50.3654   0.0100  40.0962 -1181.044
 23  13    355.9    124.1   0.4348  43.4780   0.0100  34.6960 -1158.967
 23  14    355.8    124.2   0.4129  41.2875   0.0100  32.9798 -1152.370
 23  15    356.0    124.0   0.4220  42.1952   0.0100  33.6497 -1154.959
 23  16    355.8    124.2   0.4233  42.3300   0.0100  33.7945 -1155.863
 23  17    355.8    124.2   0.4233  42.3300   0.0100  33.7945 -1155.863
 23  18    354.0    126.0   0.3759  37.5886   0.0100  30.4255 -1140.503
 23  19    356.1    123.9   0.4310  43.0972   0.0100  34.3197 -1155.850
 23  20    356.1    123.9   0.3110  31.1042   0.0100  24.7726 -1114.746
 23  21    356.3    123.7   0.3125  31.2476   0.0100  24.8614 -1110.663
 23  22    355.1    124.9   0.0005   0.0478   0.0100   0.0384  -684.706
 24   1    356.9    123.1   0.5331  53.3078   0.0100  42.1921 -1186.745
 24   2    354.5    125.5   0.4927  49.2724   0.0100  39.7439 -1181.625
 24   3    351.9    128.1   0.4963  49.6326   0.0100  40.8437 -1189.961
 24   4    352.6    127.4   0.4641  46.4131   0.0100  37.9917 -1176.020
 24   5    351.9    128.1   0.4498  44.9770   0.0100  37.0004 -1169.806
 24   6    351.9    128.1   0.4498  44.9770   0.0100  37.0004 -1169.806
 24   7    352.4    127.6   0.4510  45.0984   0.0100  36.9695 -1170.061
 24   8    352.4    127.6   0.4510  45.0984   0.0100  36.9695 -1170.061
 24   9    352.5    127.5   0.4424  44.2393   0.0100  36.2216 -1168.163
 24  10    353.0    127.0   0.4419  44.1865   0.0100  36.0437 -1165.038
 24  11    353.0    127.0   0.4419  44.1865   0.0100  36.0437 -1165.038
 24  12    354.8    125.2   0.4659  46.5938   0.0100  37.4968 -1179.300
 24  13    354.4    125.6   0.4285  42.8494   0.0100  34.5775 -1163.661
 24  14    354.3    125.7   0.4056  40.5616   0.0100  32.7662 -1156.290
 24  15    354.5    125.5   0.4107  41.0684   0.0100  33.1219 -1157.729
 24  16    354.4    125.6   0.4120  41.1964   0.0100  33.2587 -1158.588
 24  17    354.4    125.6   0.4120  41.1964   0.0100  33.2587 -1158.588
 24  18    352.7    127.3   0.3843  38.4316   0.0100  31.4355 -1148.169
 24  19    354.8    125.2   0.4234  42.3353   0.0100  34.0741 -1158.104
 24  20    354.7    125.3   0.3148  31.4818   0.0100  25.3554 -1121.568
 24  21    354.7    125.3   0.3083  30.8301   0.0100  24.8193 -1115.916
 24  22    353.7    126.3   0.1665  16.6529   0.0100  13.5163 -1032.190
 24  23    353.4    126.6   0.1662  16.6247   0.0100  13.5193 -1032.476
 25   1    358.6    121.4   0.5229  52.2938   0.0100  40.8413 -1180.836
 25   2    356.2    123.8   0.5099  50.9916   0.0100  40.5909 -1184.296
 25   3    353.5    126.5   0.4897  48.9695   0.0100  39.7871 -1185.574
 25   4    354.3    125.7   0.5100  51.0002   0.0100  41.2107 -1183.223
 25   5    353.6    126.4   0.4449  44.4948   0.0100  36.1443 -1164.197
 25   6    353.6    126.4   0.4449  44.4948   0.0100  36.1443 -1164.197
 25   7    354.0    126.0   0.4790  47.9025   0.0100  38.7685 -1172.853
 25   8    354.0    126.0   0.4790  47.9025   0.0100  38.7685 -1172.853
 25   9    354.2    125.8   0.4286  42.8648   0.0100  34.6461 -1161.429
 25  10    354.7    125.3   0.4262  42.6195   0.0100  34.3275 -1156.787
 25  11    354.7    125.3   0.4262  42.6195   0.0100  34.3275 -1156.787
 25  12    356.5    123.5   0.4742  47.4237   0.0100  37.6742 -1171.941
 25  13    356.1    123.9   0.4649  46.4885   0.0100  37.0265 -1170.861
 25  14    356.0    124.0   0.4465  44.6492   0.0100  35.5963 -1165.888
 25  15    356.2    123.8   0.4513  45.1266   0.0100  35.9185 -1167.068
 25  16    356.1    123.9   0.4527  45.2748   0.0100  36.0753 -1167.931
 25  17    356.1    123.9   0.4527  45.2748   0.0100  36.0753 -1167.931
 25  18    354.3    125.7   0.4120  41.1978   0.0100  33.2797 -1153.184
 25  19    356.4    123.6   0.4472  44.7220   0.0100  35.5394 -1161.668
 25  20    356.4    123.6   0.2991  29.9066   0.0100  23.7709 -1106.348
 25  21    356.5    123.5   0.3549  35.4889   0.0100  28.1858 -1131.944
 25  22    355.3    124.7   0.1718  17.1792   0.0100  13.7681 -1029.408
 25  23    355.1    124.9   0.1716  17.1572   0.0100  13.7759 -1029.530
 25  24    353.7    126.3   0.0094   0.9420   0.0100   0.7644  -961.911
 26   1    360.1    119.9   0.6077  60.7691   0.0100  46.9169 -1192.682
 26   2    357.7    122.3   0.5311  53.1102   0.0100  41.7762 -1187.701
 26   3    355.0    125.0   0.4965  49.6498   0.0100  39.9000 -1186.413
 26   4    355.8    124.2   0.4463  44.6341   0.0100  35.6534 -1166.672
 26   5    355.0    125.0   0.4770  47.6982   0.0100  38.3133 -1172.859
 26   6    355.0    125.0   0.4770  47.6982   0.0100  38.3133 -1172.859
 26   7    355.6    124.4   0.4959  49.5898   0.0100  39.6615 -1176.478
 26   8    355.6    124.4   0.4959  49.5898   0.0100  39.6615 -1176.478
 26   9    355.7    124.3   0.4774  47.7433   0.0100  38.1565 -1173.206
 26  10    356.1    123.9   0.4794  47.9395   0.0100  38.1948 -1171.639
 26  11    356.1    123.9   0.4794  47.9395   0.0100  38.1948 -1171.639
 26  12    357.8    122.2   0.5201  52.0105   0.0100  40.8819 -1186.646
 26  13    357.6    122.4   0.5651  56.5138   0.0100  44.4813 -1191.165
 26  14    357.5    122.5   0.5380  53.8034   0.0100  42.3949 -1185.739
 26  15    357.7    122.3   0.5446  54.4575   0.0100  42.8370 -1187.243
 26  16    357.6    122.4   0.5510  55.0990   0.0100  43.3919 -1188.617
 26  17    357.6    122.4   0.5510  55.0990   0.0100  43.3919 -1188.617
 26  18    355.9    124.1   0.4901  49.0148   0.0100  39.1075 -1170.161
 26  19    357.9    122.1   0.4987  49.8721   0.0100  39.1844 -1169.605
 26  20    357.8    122.2   0.3203  32.0342   0.0100  25.1853 -1118.211
 26  21    358.0    122.0   0.2904  29.0357   0.0100  22.7813 -1102.222
 26  22    356.9    123.1   0.2845  28.4477   0.0100  22.5155 -1093.294
 26  23    356.7    123.3   0.2845  28.4490   0.0100  22.5547 -1093.577
 26  24    355.2    124.8   0.2909  29.0909   0.0100  23.3417 -1105.217
 26  25    356.9    123.1   0.3355  33.5491   0.0100  26.5527 -1117.724
 27   1    360.1    119.9   0.6077  60.7691   0.0100  46.9169 -1192.682
 27   2    357.7    122.3   0.5311  53.1102   0.0100  41.7762 -1187.701
 27   3    355.0    125.0   0.4965  49.6497   0.0100  39.9000 -1186.413
 27   4    355.8    124.2   0.4463  44.6341   0.0100  35.6534 -1166.672
 27   5    355.0    125.0   0.4770  47.6982   0.0100  38.3133 -1172.859
 27   6    355.0    125.0   0.4770  47.6982   0.0100  38.3133 -1172.859
 27   7    355.6    124.4   0.4959  49.5898   0.0100  39.6615 -1176.478
 27   8    355.6    124.4   0.4959  49.5898   0.0100  39.6615 -1176.478
 27   9    355.7    124.3   0.4774  47.7433   0.0100  38.1565 -1173.206
 27  10    356.1    123.9   0.4794  47.9395   0.0100  38.1948 -1171.639
 27  11    356.1    123.9   0.4794  47.9395   0.0100  38.1948 -1171.639
 27  12    357.8    122.2   0.5201  52.0105   0.0100  40.8819 -1186.646
 27  13    357.6    122.4   0.5651  56.5138   0.0100  44.4813 -1191.165
 27  14    357.5    122.5   0.5380  53.8034   0.0100  42.3949 -1185.739
 27  15    357.7    122.3   0.5446  54.4575   0.0100  42.8370 -1187.243
 27  16    357.6    122.4   0.5510  55.0990   0.0100  43.3919 -1188.617
 27  17    357.6    122.4   0.5510  55.0990   0.0100  43.3919 -1188.617
 27  18    355.9    124.1   0.4901  49.0148   0.0100  39.1075 -1170.161
 27  19    357.9    122.1   0.4987  49.8721   0.0100  39.1844 -1169.605
 27  20    357.8    122.2   0.3203  32.0342   0.0100  25.1853 -1118.211
 27  21    358.0    122.0   0.2904  29.0357   0.0100  22.7813 -1102.222
 27  22    356.9    123.1   0.2845  28.4477   0.0100  22.5155 -1093.294
 27  23    356.7    123.3   0.2845  28.4490   0.0100  22.5547 -1093.577
 27  24    355.2    124.8   0.2909  29.0909   0.0100  23.3417 -1105.217
 27  25    356.9    123.1   0.3355  33.5491   0.0100  26.5527 -1117.724
 27  26    358.5    121.5   0.0000   0.0000   0.0100   0.0000  -645.140
 28   1    358.9    121.1   0.5040  50.4047   0.0100  39.2655 -1178.157
 28   2    356.6    123.4   0.5186  51.8632   0.0100  41.1617 -1188.920
 28   3    353.9    126.1   0.4795  47.9546   0.0100  38.8504 -1183.996
 28   4    354.7    125.3   0.4359  43.5898   0.0100  35.1155 -1166.988
 28   5    354.0    126.0   0.4296  42.9611   0.0100  34.7870 -1164.264
 28   6    354.0    126.0   0.4296  42.9611   0.0100  34.7870 -1164.264
 28   7    354.5    125.5   0.4671  46.7104   0.0100  37.6770 -1174.035
 28   8    354.5    125.5   0.4671  46.7104   0.0100  37.6770 -1174.035
 28   9    354.6    125.4   0.4550  45.5033   0.0100  36.6717 -1171.069
 28  10    355.1    124.9   0.4314  43.1397   0.0100  34.6435 -1162.582
 28  11    355.1    124.9   0.4314  43.1397   0.0100  34.6435 -1162.582
 28  12    356.8    123.2   0.4975  49.7485   0.0100  39.4212 -1184.992
 28  13    356.5    123.5   0.5063  50.6328   0.0100  40.2032 -1185.018
 28  14    356.4    123.6   0.4846  48.4619   0.0100  38.5238 -1179.318
 28  15    356.6    123.4   0.4934  49.3415   0.0100  39.1576 -1181.840
 28  16    356.5    123.5   0.4877  48.7742   0.0100  38.7481 -1180.734
 28  17    356.5    123.5   0.4877  48.7742   0.0100  38.7481 -1180.734
 28  18    354.8    125.2   0.4685  46.8531   0.0100  37.6964 -1175.447
 28  19    356.8    123.2   0.4946  49.4604   0.0100  39.1802 -1177.213
 28  20    356.7    123.3   0.2748  27.4839   0.0100  21.7927 -1096.224
 28  21    356.8    123.2   0.2849  28.4901   0.0100  22.5646 -1108.472
 28  22    355.8    124.2   0.3040  30.4032   0.0100  24.2706 -1110.703
 28  23    355.6    124.4   0.3038  30.3794   0.0100  24.2960 -1110.871
 28  24    354.1    125.9   0.3008  30.0830   0.0100  24.3353 -1116.936
 28  25    355.8    124.2   0.2768  27.6807   0.0100  22.0948 -1096.140
 28  26    357.3    122.7   0.2782  27.8218   0.0100  21.9612 -1098.386
 28  27    357.3    122.7   0.2782  27.8218   0.0100  21.9612 -1098.386
 29   1    357.9    122.1   0.5687  56.8735   0.0100  44.6842 -1195.617
 29   2    355.5    124.5   0.5480  54.8043   0.0100  43.8715 -1192.994
 29   3    352.8    127.2   0.4827  48.2703   0.0100  39.4473 -1182.187
 29   4    353.5    126.5   0.4984  49.8408   0.0100  40.5000 -1183.127
 29   5    352.8    127.2   0.4633  46.3340   0.0100  37.8469 -1173.890
 29   6    352.8    127.2   0.4633  46.3340   0.0100  37.8469 -1173.890
 29   7    353.4    126.6   0.4922  49.2165   0.0100  40.0439 -1180.300
 29   8    353.4    126.6   0.4922  49.2165   0.0100  40.0439 -1180.300
 29   9    353.5    126.5   0.4650  46.5006   0.0100  37.8013 -1173.625
 29  10    353.9    126.1   0.4462  44.6222   0.0100  36.1498 -1167.180
 29  11    353.9    126.1   0.4462  44.6222   0.0100  36.1498 -1167.180
 29  12    355.7    124.3   0.5296  52.9605   0.0100  42.3340 -1191.404
 29  13    355.4    124.6   0.5059  50.5939   0.0100  40.5208 -1186.690
 29  14    355.3    124.7   0.4793  47.9277   0.0100  38.4288 -1179.695
 29  15    355.5    124.5   0.4933  49.3263   0.0100  39.4841 -1183.437
 29  16    355.3    124.7   0.4876  48.7614   0.0100  39.0738 -1182.298
 29  17    355.3    124.7   0.4876  48.7614   0.0100  39.0738 -1182.298
 29  18    353.7    126.3   0.4842  48.4189   0.0100  39.2985 -1179.520
 29  19    355.7    124.3   0.4896  48.9607   0.0100  39.1250 -1179.739
 29  20    355.6    124.4   0.3058  30.5767   0.0100  24.4551 -1111.269
 29  21    355.8    124.2   0.2894  28.9399   0.0100  23.1164 -1107.148
 29  22    354.7    125.3   0.3137  31.3663   0.0100  25.2588 -1110.796
 29  23    354.5    125.5   0.3183  31.8252   0.0100  25.6746 -1113.531
 29  24    353.0    127.0   0.3399  33.9854   0.0100  27.7324 -1131.962
 29  25    354.7    125.3   0.3049  30.4941   0.0100  24.5541 -1110.285
 29  26    356.2    123.8   0.3372  33.7216   0.0100  26.8440 -1122.817
 29  27    356.2    123.8   0.3372  33.7216   0.0100  26.8440 -1122.817
 29  28    355.0    125.0   0.1307  13.0694   0.0100  10.4970 -1012.944
 30   1    357.9    122.1   0.5687  56.8735   0.0100  44.6842 -1195.617
 30   2    355.5    124.5   0.5480  54.8043   0.0100  43.8715 -1192.994
 30   3    352.8    127.2   0.4827  48.2703   0.0100  39.4473 -1182.187
 30   4    353.5    126.5   0.4984  49.8408   0.0100  40.5000 -1183.127
 30   5    352.8    127.2   0.4633  46.3340   0.0100  37.8469 -1173.890
 30   6    352.8    127.2   0.4633  46.3340   0.0100  37.8469 -1173.890
 30   7    353.4    126.6   0.4922  49.2165   0.0100  40.0439 -1180.300
 30   8    353.4    126.6   0.4922  49.2165   0.0100  40.0439 -1180.300
 30   9    353.5    126.5   0.4650  46.5006   0.0100  37.8013 -1173.625
 30  10    353.9    126.1   0.4462  44.6222   0.0100  36.1498 -1167.180
 30  11    353.9    126.1   0.4462  44.6222   0.0100  36.1498 -1167.180
 30  12    355.7    124.3   0.5296  52.9605   0.0100  42.3340 -1191.404
 30  13    355.4    124.6   0.5059  50.5939   0.0100  40.5208 -1186.690
 30  14    355.3    124.7   0.4793  47.9277   0.0100  38.4288 -1179.695
 30  15    355.5    124.5   0.4933  49.3263   0.0100  39.4841 -1183.437
 30  16    355.3    124.7   0.4876  48.7614   0.0100  39.0738 -1182.298
 30  17    355.3    124.7   0.4876  48.7614   0.0100  39.0738 -1182.298
 30  18    353.7    126.3   0.4842  48.4189   0.0100  39.2985 -1179.520
 30  19    355.7    124.3   0.4896  48.9607   0.0100  39.1250 -1179.739
 30  20    355.6    124.4   0.3058  30.5767   0.0100  24.4551 -1111.269
 30  21    355.8    124.2   0.2894  28.9399   0.0100  23.1164 -1107.148
 30  22    354.7    125.3   0.3137  31.3663   0.0100  25.2588 -1110.796
 30  23    354.5    125.5   0.3183  31.8252   0.0100  25.6746 -1113.531
 30  24    353.0    127.0   0.3399  33.9854   0.0100  27.7324 -1131.962
 30  25    354.7    125.3   0.3049  30.4941   0.0100  24.5541 -1110.285
 30  26    356.2    123.8   0.3372  33.7216   0.0100  26.8440 -1122.817
 30  27    356.2    123.8   0.3372  33.7216   0.0100  26.8440 -1122.817
 30  28    355.0    125.0   0.1307  13.0694   0.0100  10.4970 -1012.944
 30  29    353.9    126.1   0.0000   0.0000   0.0100   0.0000  -650.986
 31   1    359.5    120.5   0.5952  59.5169   0.0100  46.1598 -1195.022
 31   2    357.1    122.9   0.5026  50.2604   0.0100  39.7178 -1179.953
 31   3    354.4    125.6   0.5183  51.8341   0.0100  41.8352 -1189.490
 31   4    355.2    124.8   0.5292  52.9189   0.0100  42.4607 -1188.221
 31   5    354.5    125.5   0.5057  50.5691   0.0100  40.7962 -1181.700
 31   6    354.5    125.5   0.5057  50.5691   0.0100  40.7962 -1181.700
 31   7    355.0    125.0   0.5330  53.2978   0.0100  42.8204 -1187.348
 31   8    355.0    125.0   0.5330  53.2978   0.0100  42.8204 -1187.348
 31   9    355.1    124.9   0.4973  49.7336   0.0100  39.9229 -1180.488
 31  10    355.5    124.5   0.5000  50.0012   0.0100  40.0075 -1179.295
 31  11    355.5    124.5   0.5000  50.0012   0.0100  40.0075 -1179.295
 31  12    357.3    122.7   0.5287  52.8695   0.0100  41.7339 -1185.788
 31  13    357.1    122.9   0.4977  49.7732   0.0100  39.3555 -1179.386
 31  14    356.9    123.1   0.4709  47.0937   0.0100  37.2777 -1171.946
 31  15    357.1    122.9   0.4789  47.8927   0.0100  37.8462 -1174.692
 31  16    357.0    123.0   0.4850  48.4984   0.0100  38.3679 -1176.162
 31  17    357.0    123.0   0.4850  48.4984   0.0100  38.3679 -1176.162
 31  18    355.3    124.7   0.4246  42.4560   0.0100  34.0300 -1157.451
 31  19    357.3    122.7   0.4404  44.0405   0.0100  34.7545 -1160.797
 31  20    357.2    122.8   0.3680  36.8023   0.0100  29.0610 -1136.097
 31  21    357.4    122.6   0.3340  33.4014   0.0100  26.3316 -1121.524
 31  22    356.3    123.7   0.2818  28.1785   0.0100  22.4063 -1096.340
 31  23    356.1    123.9   0.2859  28.5919   0.0100  22.7748 -1099.029
 31  24    354.6    125.4   0.3263  32.6301   0.0100  26.2963 -1125.381
 31  25    356.3    123.7   0.3060  30.5976   0.0100  24.3285 -1107.899
 31  26    357.9    122.1   0.3605  36.0451   0.0100  28.3153 -1129.082
 31  27    357.9    122.1   0.3605  36.0451   0.0100  28.3153 -1129.082
 31  28    356.7    123.3   0.1923  19.2337   0.0100  15.2502 -1050.781
 31  29    355.6    124.4   0.1925  19.2534   0.0100  15.3964 -1048.594
 31  30    355.6    124.4   0.1925  19.2534   0.0100  15.3964 -1048.594
 32   1    358.9    121.1   0.5422  54.2155   0.0100  42.2487 -1186.227
 32   2    356.6    123.4   0.5156  51.5637   0.0100  40.9331 -1185.032
 32   3    353.8    126.2   0.5190  51.8999   0.0100  42.0769 -1192.341
 32   4    354.6    125.4   0.5129  51.2859   0.0100  41.3339 -1187.346
 32   5    353.9    126.1   0.4799  47.9885   0.0100  38.8831 -1177.121
 32   6    353.9    126.1   0.4799  47.9885   0.0100  38.8831 -1177.121
 32   7    354.4    125.6   0.5100  50.9976   0.0100  41.1490 -1184.634
 32   8    354.4    125.6   0.5100  50.9976   0.0100  41.1490 -1184.634
 32   9    354.5    125.5   0.4917  49.1701   0.0100  39.6487 -1182.235
 32  10    355.0    125.0   0.4805  48.0465   0.0100  38.6162 -1176.851
 32  11    355.0    125.0   0.4805  48.0465   0.0100  38.6162 -1176.851
 32  12    356.7    123.3   0.4896  48.9590   0.0100  38.8300 -1177.988
 32  13    356.5    123.5   0.4824  48.2443   0.0100  38.3182 -1179.753
 32  14    356.3    123.7   0.4568  45.6825   0.0100  36.3262 -1171.988
 32  15    356.6    123.4   0.4535  45.3535   0.0100  36.0032 -1171.903
 32  16    356.4    123.6   0.4594  45.9389   0.0100  36.5083 -1173.452
 32  17    356.4    123.6   0.4594  45.9389   0.0100  36.5083 -1173.452
 32  18    354.8    125.2   0.4267  42.6721   0.0100  34.3405 -1160.496
 32  19    356.7    123.3   0.4265  42.6539   0.0100  33.8096 -1159.992
 32  20    356.6    123.4   0.3500  35.0040   0.0100  27.7737 -1128.124
 32  21    356.8    123.2   0.3142  31.4189   0.0100  24.8844 -1115.699
 32  22    355.8    124.2   0.3038  30.3759   0.0100  24.2521 -1105.118
 32  23    355.6    124.4   0.3080  30.8031   0.0100  24.6361 -1107.674
 32  24    354.0    126.0   0.3122  31.2163   0.0100  25.2671 -1120.038
 32  25    355.8    124.2   0.3084  30.8421   0.0100  24.6233 -1107.401
 32  26    357.3    122.7   0.3288  32.8772   0.0100  25.9491 -1117.054
 32  27    357.3    122.7   0.3288  32.8772   0.0100  25.9491 -1117.054
 32  28    356.1    123.9   0.1507  15.0722   0.0100  12.0082 -1021.899
 32  29    355.0    125.0   0.1934  19.3405   0.0100  15.5390 -1049.847
 32  30    355.0    125.0   0.1934  19.3405   0.0100  15.5390 -1049.847
 32  31    356.7    123.3   0.1222  12.2202   0.0100   9.6899  -995.026
 33   1    357.7    122.3   0.5421  54.2145   0.0100  42.6400 -1188.879
 33   2    355.3    124.7   0.4358  43.5759   0.0100  34.9235 -1168.282
 33   3    352.7    127.3   0.5427  54.2729   0.0100  44.3774 -1202.222
 33   4    353.4    126.6   0.4713  47.1267   0.0100  38.3281 -1180.127
 33   5    352.8    127.2   0.4844  48.4394   0.0100  39.5909 -1182.246
 33   6    352.8    127.2   0.4844  48.4394   0.0100  39.5909 -1182.246
 33   7    353.2    126.8   0.4739  47.3932   0.0100  38.5980 -1179.940
 33   8    353.2    126.8   0.4739  47.3932   0.0100  38.5980 -1179.940
 33   9    353.4    126.6   0.4805  48.0514   0.0100  39.0915 -1181.119
 33  10    353.9    126.1   0.4693  46.9311   0.0100  38.0359 -1176.631
 33  11    353.9    126.1   0.4693  46.9311   0.0100  38.0359 -1176.631
 33  12    355.6    124.4   0.5116  51.1633   0.0100  40.9136 -1188.444
 33  13    355.3    124.7   0.5045  50.4527   0.0100  40.4504 -1182.867
 33  14    355.1    124.9   0.4678  46.7833   0.0100  37.5504 -1174.268
 33  15    355.3    124.7   0.4638  46.3773   0.0100  37.1638 -1174.069
 33  16    355.2    124.8   0.4698  46.9753   0.0100  37.6807 -1175.506
 33  17    355.2    124.8   0.4698  46.9753   0.0100  37.6807 -1175.506
 33  18    353.5    126.5   0.4350  43.4993   0.0100  35.3426 -1164.949
 33  19    355.6    124.4   0.4331  43.3086   0.0100  34.6309 -1160.262
 33  20    355.5    124.5   0.3090  30.9050   0.0100  24.7347 -1113.771
 33  21    355.6    124.4   0.2541  25.4142   0.0100  20.3297 -1087.766
 33  22    354.5    125.5   0.2753  27.5269   0.0100  22.1930 -1094.896
 33  23    354.3    125.7   0.2751  27.5097   0.0100  22.2217 -1095.274
 33  24    352.9    127.1   0.3001  30.0113   0.0100  24.5062 -1116.390
 33  25    354.6    125.4   0.2991  29.9140   0.0100  24.1134 -1110.770
 33  26    356.0    124.0   0.2890  28.8981   0.0100  23.0410 -1103.039
 33  27    356.0    124.0   0.2890  28.8981   0.0100  23.0410 -1103.039
 33  28    354.9    125.1   0.1999  19.9894   0.0100  16.0693 -1058.462
 33  29    353.8    126.2   0.2345  23.4544   0.0100  19.0193 -1078.025
 33  30    353.8    126.2   0.2345  23.4544   0.0100  19.0193 -1078.025
 33  31    355.4    124.6   0.2417  24.1682   0.0100  19.3534 -1082.859
 33  32    354.8    125.2   0.2507  25.0658   0.0100  20.1645 -1087.846
 34   1    357.7    122.3   0.5421  54.2145   0.0100  42.6400 -1188.879
 34   2    355.3    124.7   0.4358  43.5759   0.0100  34.9235 -1168.282
 34   3    352.7    127.3   0.5427  54.2729   0.0100  44.3774 -1202.222
 34   4    353.4    126.6   0.4713  47.1267   0.0100  38.3281 -1180.127
 34   5    352.8    127.2   0.4844  48.4394   0.0100  39.5909 -1182.246
 34   6    352.8    127.2   0.4844  48.4394   0.0100  39.5909 -1182.246
 34   7    353.2    126.8   0.4739  47.3932   0.0100  38.5980 -1179.940
 34   8    353.2    126.8   0.4739  47.3932   0.0100  38.5980 -1179.940
 34   9    353.4    126.6   0.4805  48.0514   0.0100  39.0915 -1181.119
 34  10    353.9    126.1   0.4693  46.9311   0.0100  38.0359 -1176.631
 34  11    353.9    126.1   0.4693  46.9311   0.0100  38.0359 -1176.631
 34  12    355.6    124.4   0.5116  51.1633   0.0100  40.9136 -1188.444
 34  13    355.3    124.7   0.5045  50.4527   0.0100  40.4504 -1182.867
 34  14    355.1    124.9   0.4678  46.7833   0.0100  37.5504 -1174.268
 34  15    355.3    124.7   0.4638  46.3773   0.0100  37.1638 -1174.069
 34  16    355.2    124.8   0.4698  46.9753   0.0100  37.6807 -1175.506
 34  17    355.2    124.8   0.4698  46.9753   0.0100  37.6807 -1175.506
 34  18    353.5    126.5   0.4350  43.4993   0.0100  35.3426 -1164.949
 34  19    355.6    124.4   0.4331  43.3086   0.0100  34.6309 -1160.262
 34  20    355.5    124.5   0.3090  30.9050   0.0100  24.7347 -1113.771
 34  21    355.6    124.4   0.2541  25.4142   0.0100  20.3297 -1087.766
 34  22    354.5    125.5   0.2753  27.5269   0.0100  22.1930 -1094.896
 34  23    354.3    125.7   0.2751  27.5097   0.0100  22.2217 -1095.274
 34  24    352.9    127.1   0.3001  30.0113   0.0100  24.5062 -1116.390
 34  25    354.6    125.4   0.2991  29.9140   0.0100  24.1134 -1110.770
 34  26    356.0    124.0   0.2890  28.8981   0.0100  23.0410 -1103.039
 34  27    356.0    124.0   0.2890  28.8981   0.0100  23.0410 -1103.039
 34  28    354.9    125.1   0.1999  19.9894   0.0100  16.0693 -1058.462
 34  29    353.8    126.2   0.2345  23.4544   0.0100  19.0193 -1078.025
 34  30    353.8    126.2   0.2345  23.4544   0.0100  19.0193 -1078.025
 34  31    355.4    124.6   0.2417  24.1682   0.0100  19.3534 -1082.859
 34  32    354.8    125.2   0.2507  25.0658   0.0100  20.1645 -1087.846
 34  33    353.7    126.3   0.0000   0.0000   0.0100   0.0000  -651.173
 35   1    360.0    120.0   0.6197  61.9675   0.0100  47.8649 -1200.101
 35   2    357.7    122.3   0.4347  43.4698   0.0100  34.1988 -1164.837
 35   3    355.0    125.0   0.5001  50.0147   0.0100  40.1751 -1185.191
 35   4    355.8    124.2   0.4624  46.2400   0.0100  36.9275 -1173.125
 35   5    355.1    124.9   0.4903  49.0272   0.0100  39.3559 -1181.356
 35   6    355.1    124.9   0.4903  49.0272   0.0100  39.3559 -1181.356
 35   7    355.6    124.4   0.4836  48.3562   0.0100  38.6600 -1179.929
 35   8    355.6    124.4   0.4836  48.3562   0.0100  38.6600 -1179.929
 35   9    355.7    124.3   0.5075  50.7463   0.0100  40.5462 -1185.515
 35  10    356.2    123.8   0.4730  47.3048   0.0100  37.6659 -1175.097
 35  11    356.2    123.8   0.4730  47.3048   0.0100  37.6659 -1175.097
 35  12    357.8    122.2   0.5060  50.6039   0.0100  39.7668 -1176.501
 35  13    357.6    122.4   0.4610  46.0973   0.0100  36.2821 -1166.348
 35  14    357.5    122.5   0.4494  44.9430   0.0100  35.4170 -1164.572
 35  15    357.7    122.3   0.4398  43.9819   0.0100  34.6008 -1162.733
 35  16    357.6    122.4   0.4456  44.5638   0.0100  35.0959 -1164.224
 35  17    357.6    122.4   0.4456  44.5638   0.0100  35.0959 -1164.224
 35  18    356.0    124.0   0.4430  44.3032   0.0100  35.3200 -1162.244
 35  19    357.9    122.1   0.4274  42.7360   0.0100  33.5615 -1153.963
 35  20    357.8    122.2   0.2978  29.7809   0.0100  23.4171 -1101.800
 35  21    358.0    122.0   0.3094  30.9430   0.0100  24.2930 -1105.113
 35  22    357.0    123.0   0.3311  33.1140   0.0100  26.1935 -1116.565
 35  23    356.8    123.2   0.3356  33.5608   0.0100  26.5942 -1119.414
 35  24    355.2    124.8   0.3334  33.3372   0.0100  26.7343 -1129.072
 35  25    357.0    123.0   0.3527  35.2663   0.0100  27.8941 -1129.368
 35  26    358.4    121.6   0.3200  31.9980   0.0100  25.0368 -1115.107
 35  27    358.4    121.6   0.3200  31.9980   0.0100  25.0368 -1115.107
 35  28    357.2    122.8   0.2365  23.6518   0.0100  18.6765 -1076.752
 35  29    356.1    123.9   0.2530  25.3034   0.0100  20.1499 -1081.073
 35  30    356.1    123.9   0.2530  25.3034   0.0100  20.1499 -1081.073
 35  31    357.8    122.2   0.2760  27.6036   0.0100  21.6955 -1091.921
 35  32    357.2    122.8   0.2410  24.1042   0.0100  19.0429 -1074.413
 35  33    356.0    124.0   0.1714  17.1382   0.0100  13.6608 -1034.020
 35  34    356.0    124.0   0.1714  17.1382   0.0100  13.6608 -1034.020
 36   1    360.0    120.0   0.5861  58.6135   0.0100  45.2752 -1191.375
 36   2    357.7    122.3   0.4505  45.0513   0.0100  35.4545 -1164.693
 36   3    354.9    125.1   0.4644  46.4407   0.0100  37.3453 -1177.186
 36   4    355.7    124.3   0.4716  47.1617   0.0100  37.6939 -1173.727
 36   5    354.9    125.1   0.4776  47.7623   0.0100  38.3892 -1174.096
 36   6    354.9    125.1   0.4776  47.7623   0.0100  38.3892 -1174.096
 36   7    355.5    124.5   0.4757  47.5652   0.0100  38.0631 -1173.440
 36   8    355.5    124.5   0.4757  47.5652   0.0100  38.0631 -1173.440
 36   9    355.6    124.4   0.4520  45.1984   0.0100  36.1442 -1168.707
 36  10    356.0    124.0   0.4654  46.5364   0.0100  37.1021 -1169.962
 36  11    356.0    124.0   0.4654  46.5364   0.0100  37.1021 -1169.962
 36  12    357.7    122.3   0.4939  49.3937   0.0100  38.8510 -1178.765
 36  13    357.6    122.4   0.4781  47.8056   0.0100  37.6467 -1168.865
 36  14    357.4    122.6   0.4603  46.0318   0.0100  36.2900 -1164.285
 36  15    357.7    122.3   0.4604  46.0361   0.0100  36.2312 -1164.527
 36  16    357.5    122.5   0.4662  46.6222   0.0100  36.7356 -1166.076
 36  17    357.5    122.5   0.4662  46.6222   0.0100  36.7356 -1166.076
 36  18    355.8    124.2   0.4069  40.6938   0.0100  32.4860 -1149.833
 36  19    357.8    122.2   0.4654  46.5422   0.0100  36.5907 -1163.490
 36  20    357.7    122.3   0.2745  27.4470   0.0100  21.5917 -1095.984
 36  21    358.0    122.0   0.3044  30.4440   0.0100  23.8963 -1103.690
 36  22    356.9    123.1   0.2404  24.0397   0.0100  19.0364 -1072.818
 36  23    356.7    123.3   0.2442  24.4245   0.0100  19.3733 -1075.821
 36  24    355.1    124.9   0.2699  26.9876   0.0100  21.6676 -1096.982
 36  25    356.9    123.1   0.2911  29.1080   0.0100  23.0497 -1100.673
 36  26    358.5    121.5   0.2829  28.2918   0.0100  22.1262 -1096.379
 36  27    358.5    121.5   0.2829  28.2918   0.0100  22.1262 -1096.379
 36  28    357.2    122.8   0.2466  24.6626   0.0100  19.4782 -1081.108
 36  29    356.1    123.9   0.2687  26.8746   0.0100  21.4046 -1090.492
 36  30    356.1    123.9   0.2687  26.8746   0.0100  21.4046 -1090.492
 36  31    357.8    122.2   0.2306  23.0595   0.0100  18.1224 -1066.090
 36  32    357.2    122.8   0.2679  26.7858   0.0100  21.1509 -1087.353
 36  33    355.9    124.1   0.1727  17.2678   0.0100  13.7767 -1033.658
 36  34    355.9    124.1   0.1727  17.2678   0.0100  13.7767 -1033.658
 36  35    358.3    121.7   0.1368  13.6849   0.0100  10.7133 -1002.180
 37   1    358.7    121.3   0.5927  59.2653   0.0100  46.2640 -1196.481
 37   2    356.3    123.7   0.4296  42.9553   0.0100  34.1711 -1163.626
 37   3    353.6    126.4   0.4935  49.3510   0.0100  40.0675 -1186.001
 37   4    354.4    125.6   0.4473  44.7324   0.0100  36.1188 -1168.626
 37   5    353.7    126.3   0.4784  47.8374   0.0100  38.8250 -1179.037
 37   6    353.7    126.3   0.4784  47.8374   0.0100  38.8250 -1179.037
 37   7    354.2    125.8   0.4827  48.2711   0.0100  39.0320 -1180.038
 37   8    354.2    125.8   0.4827  48.2711   0.0100  39.0320 -1180.038
 37   9    354.3    125.7   0.4774  47.7381   0.0100  38.5576 -1179.323
 37  10    354.8    125.2   0.4931  49.3119   0.0100  39.6855 -1180.519
 37  11    354.8    125.2   0.4931  49.3119   0.0100  39.6855 -1180.519
 37  12    356.5    123.5   0.5208  52.0784   0.0100  41.3473 -1183.369
 37  13    356.2    123.8   0.4934  49.3396   0.0100  39.2684 -1175.528
 37  14    356.1    123.9   0.4973  49.7272   0.0100  39.6191 -1177.265
 37  15    356.3    123.7   0.4915  49.1477   0.0100  39.0932 -1176.112
 37  16    356.2    123.8   0.4932  49.3240   0.0100  39.2745 -1176.930
 37  17    356.2    123.8   0.4932  49.3240   0.0100  39.2745 -1176.930
 37  18    354.5    125.5   0.4557  45.5651   0.0100  36.7628 -1167.052
 37  19    356.5    123.5   0.4448  44.4761   0.0100  35.3130 -1159.751
 37  20    356.4    123.6   0.2964  29.6440   0.0100  23.5512 -1104.002
 37  21    356.6    123.4   0.3152  31.5240   0.0100  25.0246 -1109.888
 37  22    355.5    124.5   0.2693  26.9333   0.0100  21.5605 -1090.566
 37  23    355.2    124.8   0.2702  27.0156   0.0100  21.6668 -1092.564
 37  24    353.8    126.2   0.3119  31.1894   0.0100  25.2887 -1118.015
 37  25    355.5    124.5   0.3280  32.7966   0.0100  26.2505 -1121.263
 37  26    357.0    123.0   0.3415  34.1475   0.0100  27.0154 -1125.141
 37  27    357.0    123.0   0.3415  34.1475   0.0100  27.0154 -1125.141
 37  28    355.9    124.1   0.2293  22.9342   0.0100  18.2990 -1073.401
 37  29    354.8    125.2   0.2514  25.1442   0.0100  20.2373 -1082.577
 37  30    354.8    125.2   0.2514  25.1442   0.0100  20.2373 -1082.577
 37  31    356.4    123.6   0.2578  25.7803   0.0100  20.4877 -1085.496
 37  32    355.8    124.2   0.2608  26.0786   0.0100  20.8169 -1088.896
 37  33    354.7    125.3   0.1580  15.8019   0.0100  12.7294 -1025.065
 37  34    354.7    125.3   0.1580  15.8019   0.0100  12.7294 -1025.065
 37  35    357.0    123.0   0.1328  13.2847   0.0100  10.5074  -996.809
 37  36    356.9    123.1   0.0085   0.8530   0.0100   0.6752  -980.887
 38   1    358.9    121.1   0.6072  60.7151   0.0100  47.3175 -1200.531
 38   2    356.5    123.5   0.4288  42.8849   0.0100  34.0544 -1160.539
 38   3    353.9    126.1   0.5278  52.7811   0.0100  42.7803 -1192.832
 38   4    354.6    125.4   0.4820  48.2028   0.0100  38.8523 -1177.326
 38   5    353.9    126.1   0.5211  52.1066   0.0100  42.2151 -1188.293
 38   6    353.9    126.1   0.5211  52.1066   0.0100  42.2151 -1188.293
 38   7    354.4    125.6   0.5314  53.1362   0.0100  42.8862 -1190.454
 38   8    354.4    125.6   0.5314  53.1362   0.0100  42.8862 -1190.454
 38   9    354.5    125.5   0.4900  49.0047   0.0100  39.5128 -1181.886
 38  10    355.0    125.0   0.5199  51.9946   0.0100  41.7737 -1186.067
 38  11    355.0    125.0   0.5199  51.9946   0.0100  41.7737 -1186.067
 38  12    356.7    123.3   0.4965  49.6539   0.0100  39.3602 -1178.407
 38  13    356.5    123.5   0.4874  48.7370   0.0100  38.7192 -1174.132
 38  14    356.3    123.7   0.4749  47.4851   0.0100  37.7666 -1172.416
 38  15    356.5    123.5   0.4751  47.5080   0.0100  37.7224 -1172.728
 38  16    356.4    123.6   0.4811  48.1144   0.0100  38.2439 -1174.163
 38  17    356.4    123.6   0.4811  48.1144   0.0100  38.2439 -1174.163
 38  18    354.7    125.3   0.4294  42.9386   0.0100  34.5733 -1159.882
 38  19    356.8    123.2   0.4409  44.0922   0.0100  34.9461 -1159.343
 38  20    356.7    123.3   0.3029  30.2904   0.0100  24.0267 -1108.442
 38  21    356.8    123.2   0.2885  28.8503   0.0100  22.8619 -1099.568
 38  22    355.7    124.3   0.2595  25.9521   0.0100  20.7329 -1086.500
 38  23    355.5    124.5   0.2635  26.3512   0.0100  21.0908 -1089.528
 38  24    354.0    126.0   0.2834  28.3410   0.0100  22.9384 -1105.567
 38  25    355.8    124.2   0.3176  31.7619   0.0100  25.3713 -1114.950
 38  26    357.2    122.8   0.3017  30.1717   0.0100  23.8284 -1108.751
 38  27    357.2    122.8   0.3017  30.1717   0.0100  23.8284 -1108.751
 38  28    356.1    123.9   0.2334  23.3366   0.0100  18.5905 -1077.871
 38  29    355.0    125.0   0.2598  25.9804   0.0100  20.8758 -1088.369
 38  30    355.0    125.0   0.2598  25.9804   0.0100  20.8758 -1088.369
 38  31    356.6    123.4   0.2279  22.7875   0.0100  18.0775 -1069.030
 38  32    356.0    124.0   0.2177  21.7667   0.0100  17.3480 -1065.933
 38  33    354.9    125.1   0.1591  15.9067   0.0100  12.7927 -1026.223
 38  34    354.9    125.1   0.1591  15.9067   0.0100  12.7927 -1026.223
 38  35    357.2    122.8   0.1302  13.0249   0.0100  10.2873  -996.216
 38  36    357.1    122.9   0.0080   0.8035   0.0100   0.6349  -961.368
 38  37    355.8    124.2   0.0068   0.6791   0.0100   0.5421  -964.925

