Supplemental results for CODEML (seqf: /gpfs/scratch/cltucker/EBH381-Group-Project/SIV_aligned_GAG.fas  treef: )


pairwise comparison (Goldman & Yang 1994)
seq seq        N       S       dN       dS     dN/dS   Paras.
  2   1    570.7    230.3   0.3456  34.5621   0.0100  30.5506 -1855.765
  3   1    571.0    230.0   0.4033  40.3319   0.0100  35.6115 -1892.041
  3   2    571.2    229.8   0.3342  33.4158   0.0100  29.4742 -1848.320
  4   1    570.3    230.7   0.3823  38.2298   0.0100  33.8520 -1881.278
  4   2    570.5    230.5   0.2966  29.6598   0.0100  26.2355 -1827.602
  4   3    570.8    230.2   0.2182  21.8190   0.0100  19.2790 -1746.663
  5   1    571.6    229.4   0.3697  36.9655   0.0100  32.5449 -1877.505
  5   2    571.9    229.1   0.3186  31.8621   0.0100  28.0233 -1848.861
  5   3    572.2    228.8   0.2402  24.0161   0.0100  21.0959 -1758.958
  5   4    571.5    229.5   0.2061  20.6055   0.0100  18.1545 -1723.048
  6   1    571.6    229.4   0.3697  36.9655   0.0100  32.5449 -1877.505
  6   2    571.9    229.1   0.3186  31.8621   0.0100  28.0233 -1848.861
  6   3    572.2    228.8   0.2402  24.0161   0.0100  21.0959 -1758.958
  6   4    571.5    229.5   0.2061  20.6055   0.0100  18.1545 -1723.048
  6   5    572.9    228.1   0.0000   0.0000   0.0100   0.0000 -1069.542
  7   1    571.8    229.2   0.3341  33.4139   0.0100  29.3986 -1859.243
  7   2    572.0    229.0   0.3156  31.5568   0.0100  27.7365 -1844.719
  7   3    572.3    228.7   0.2162  21.6195   0.0100  18.9782 -1740.889
  7   4    571.6    229.4   0.2051  20.5064   0.0100  18.0552 -1723.176
  7   5    573.1    227.9   0.0019   0.1883   0.0100   0.1648 -1346.995
  7   6    573.1    227.9   0.0019   0.1883   0.0100   0.1648 -1346.995
  8   1    571.8    229.2   0.3341  33.4139   0.0100  29.3986 -1859.243
  8   2    572.0    229.0   0.3156  31.5568   0.0100  27.7365 -1844.719
  8   3    572.3    228.7   0.2162  21.6195   0.0100  18.9782 -1740.889
  8   4    571.6    229.4   0.2051  20.5064   0.0100  18.0552 -1723.176
  8   5    573.1    227.9   0.0019   0.1883   0.0100   0.1648 -1346.995
  8   6    573.1    227.9   0.0019   0.1883   0.0100   0.1648 -1346.995
  8   7    573.2    227.8   0.0000   0.0000   0.0100   0.0000 -1069.482
  9   1    571.7    229.3   0.3798  37.9820   0.0100  33.4387 -1875.835
  9   2    571.9    229.1   0.3166  31.6568   0.0100  27.8413 -1842.767
  9   3    572.2    228.8   0.2092  20.9182   0.0100  18.3754 -1723.068
  9   4    571.5    229.5   0.2027  20.2655   0.0100  17.8540 -1717.717
  9   5    572.9    228.1   0.0084   0.8428   0.0100   0.7381 -1632.670
  9   6    572.9    228.1   0.0084   0.8428   0.0100   0.7381 -1632.670
  9   7    573.0    228.0   0.0091   0.9085   0.0100   0.7951 -1622.928
  9   8    573.0    228.0   0.0091   0.9085   0.0100   0.7951 -1622.928
 10   1    571.2    229.8   0.3778  37.7808   0.0100  33.3280 -1877.615
 10   2    571.4    229.6   0.3058  30.5799   0.0100  26.9477 -1837.394
 10   3    571.7    229.3   0.1932  19.3180   0.0100  17.0035 -1707.437
 10   4    571.0    230.0   0.1781  17.8078   0.0100  15.7202 -1701.185
 10   5    572.4    228.6   0.0053   0.5345   0.0100   0.4691 -1553.472
 10   6    572.4    228.6   0.0053   0.5345   0.0100   0.4691 -1553.472
 10   7    572.6    228.4   0.0051   0.5117   0.0100   0.4487 -1534.454
 10   8    572.6    228.4   0.0051   0.5117   0.0100   0.4487 -1534.454
 10   9    572.4    228.6   0.0049   0.4879   0.0100   0.4282 -1550.405
 11   1    571.1    229.9   0.3741  37.4062   0.0100  33.0031 -1875.894
 11   2    571.4    229.6   0.2998  29.9842   0.0100  26.4272 -1833.567
 11   3    571.7    229.3   0.1930  19.3001   0.0100  16.9904 -1707.449
 11   4    571.0    230.0   0.1778  17.7780   0.0100  15.6965 -1699.884
 11   5    572.4    228.6   0.0057   0.5652   0.0100   0.4961 -1562.999
 11   6    572.4    228.6   0.0057   0.5652   0.0100   0.4961 -1562.999
 11   7    572.5    228.5   0.0051   0.5125   0.0100   0.4495 -1533.390
 11   8    572.5    228.5   0.0051   0.5125   0.0100   0.4495 -1533.390
 11   9    572.4    228.6   0.0049   0.4891   0.0100   0.4293 -1548.791
 11  10    571.9    229.1   0.0002   0.0170   0.0100   0.0150 -1102.081
 12   1    570.5    230.5   0.4496  44.9610   0.0100  39.7697 -1917.649
 12   2    570.8    230.2   0.3998  39.9807   0.0100  35.3267 -1895.363
 12   3    571.0    230.0   0.5049  50.4895   0.0100  44.5641 -1955.755
 12   4    570.4    230.6   0.4836  48.3554   0.0100  42.8019 -1934.309
 12   5    571.7    229.3   0.5048  50.4844   0.0100  44.4338 -1950.878
 12   6    571.7    229.3   0.5048  50.4844   0.0100  44.4338 -1950.878
 12   7    571.9    229.1   0.5291  52.9103   0.0100  46.5373 -1962.394
 12   8    571.9    229.1   0.5291  52.9103   0.0100  46.5373 -1962.394
 12   9    571.7    229.3   0.4913  49.1259   0.0100  43.2358 -1943.255
 12  10    571.2    229.8   0.4790  47.9029   0.0100  42.2457 -1936.435
 12  11    571.2    229.8   0.4858  48.5818   0.0100  42.8520 -1938.409
 13   1    570.0    231.0   0.4312  43.1236   0.0100  38.2349 -1909.723
 13   2    570.2    230.8   0.4465  44.6480   0.0100  39.5443 -1922.953
 13   3    570.5    230.5   0.4877  48.7677   0.0100  43.1458 -1944.646
 13   4    569.8    231.2   0.4930  49.2985   0.0100  43.7403 -1938.122
 13   5    571.2    229.8   0.4932  49.3203   0.0100  43.5094 -1942.179
 13   6    571.2    229.8   0.4932  49.3203   0.0100  43.5094 -1942.179
 13   7    571.3    229.7   0.4882  48.8205   0.0100  43.0396 -1941.020
 13   8    571.3    229.7   0.4882  48.8205   0.0100  43.0396 -1941.020
 13   9    571.2    229.8   0.4629  46.2854   0.0100  40.8303 -1929.624
 13  10    570.7    230.3   0.4522  45.2165   0.0100  39.9684 -1923.092
 13  11    570.7    230.3   0.4585  45.8459   0.0100  40.5316 -1925.097
 13  12    570.0    231.0   0.2538  25.3774   0.0100  22.4931 -1796.442
 14   1    569.7    231.3   0.4205  42.0528   0.0100  37.3201 -1904.180
 14   2    570.0    231.0   0.4430  44.3030   0.0100  39.2755 -1917.075
 14   3    570.3    230.7   0.4713  47.1299   0.0100  41.7333 -1937.673
 14   4    569.6    231.4   0.4775  47.7500   0.0100  42.4062 -1933.627
 14   5    571.0    230.0   0.4825  48.2521   0.0100  42.6004 -1940.178
 14   6    571.0    230.0   0.4825  48.2521   0.0100  42.6004 -1940.178
 14   7    571.1    229.9   0.4709  47.0944   0.0100  41.5501 -1937.547
 14   8    571.1    229.9   0.4709  47.0944   0.0100  41.5501 -1937.547
 14   9    571.0    230.0   0.4415  44.1479   0.0100  38.9779 -1922.469
 14  10    570.5    230.5   0.4330  43.3012   0.0100  38.3085 -1917.493
 14  11    570.5    230.5   0.4392  43.9220   0.0100  38.8639 -1919.554
 14  12    569.8    231.2   0.2753  27.5268   0.0100  24.4213 -1812.380
 14  13    569.3    231.7   0.0011   0.1065   0.0100   0.0947 -1254.160
 15   1    569.8    231.2   0.4263  42.6325   0.0100  37.8273 -1908.801
 15   2    570.0    231.0   0.4317  43.1680   0.0100  38.2621 -1913.521
 15   3    570.3    230.7   0.4762  47.6165   0.0100  42.1566 -1939.632
 15   4    569.6    231.4   0.4939  49.3879   0.0100  43.8524 -1939.493
 15   5    571.0    230.0   0.4896  48.9589   0.0100  43.2169 -1942.067
 15   6    571.0    230.0   0.4896  48.9589   0.0100  43.2169 -1942.067
 15   7    571.2    229.8   0.4817  48.1720   0.0100  42.4937 -1940.661
 15   8    571.2    229.8   0.4817  48.1720   0.0100  42.4937 -1940.661
 15   9    571.0    230.0   0.4602  46.0205   0.0100  40.6237 -1929.460
 15  10    570.5    230.5   0.4585  45.8535   0.0100  40.5583 -1927.200
 15  11    570.5    230.5   0.4649  46.4881   0.0100  41.1262 -1929.152
 15  12    569.9    231.1   0.2817  28.1717   0.0100  24.9879 -1817.205
 15  13    569.3    231.7   0.0011   0.1121   0.0100   0.0996 -1256.026
 15  14    569.1    231.9   0.0007   0.0673   0.0100   0.0599 -1196.536
 16   1    569.8    231.2   0.4186  41.8575   0.0100  37.1317 -1904.165
 16   2    570.1    230.9   0.4236  42.3569   0.0100  37.5351 -1908.719
 16   3    570.4    230.6   0.4750  47.5022   0.0100  42.0465 -1938.081
 16   4    569.7    231.3   0.4849  48.4929   0.0100  43.0485 -1935.040
 16   5    571.1    229.9   0.4888  48.8793   0.0100  43.1378 -1940.692
 16   6    571.1    229.9   0.4888  48.8793   0.0100  43.1378 -1940.692
 16   7    571.2    229.8   0.4809  48.0920   0.0100  42.4144 -1939.283
 16   8    571.2    229.8   0.4809  48.0920   0.0100  42.4144 -1939.283
 16   9    571.1    229.9   0.4519  45.1938   0.0100  39.8857 -1925.015
 16  10    570.6    230.4   0.4503  45.0275   0.0100  39.8197 -1922.721
 16  11    570.5    230.5   0.4566  45.6565   0.0100  40.3825 -1924.711
 16  12    569.9    231.1   0.2753  27.5252   0.0100  24.4095 -1811.324
 16  13    569.4    231.6   0.0010   0.1019   0.0100   0.0905 -1239.289
 16  14    569.1    231.9   0.0006   0.0579   0.0100   0.0515 -1178.763
 16  15    569.2    231.8   0.0001   0.0086   0.0100   0.0076 -1095.231
 17   1    569.8    231.2   0.4186  41.8575   0.0100  37.1317 -1904.165
 17   2    570.1    230.9   0.4236  42.3569   0.0100  37.5351 -1908.719
 17   3    570.4    230.6   0.4750  47.5022   0.0100  42.0465 -1938.081
 17   4    569.7    231.3   0.4849  48.4929   0.0100  43.0485 -1935.040
 17   5    571.1    229.9   0.4888  48.8793   0.0100  43.1378 -1940.692
 17   6    571.1    229.9   0.4888  48.8793   0.0100  43.1378 -1940.692
 17   7    571.2    229.8   0.4809  48.0920   0.0100  42.4144 -1939.283
 17   8    571.2    229.8   0.4809  48.0920   0.0100  42.4144 -1939.283
 17   9    571.1    229.9   0.4519  45.1938   0.0100  39.8857 -1925.015
 17  10    570.6    230.4   0.4503  45.0275   0.0100  39.8197 -1922.721
 17  11    570.5    230.5   0.4566  45.6565   0.0100  40.3825 -1924.711
 17  12    569.9    231.1   0.2753  27.5252   0.0100  24.4095 -1811.324
 17  13    569.4    231.6   0.0010   0.1019   0.0100   0.0905 -1239.289
 17  14    569.1    231.9   0.0006   0.0579   0.0100   0.0515 -1178.763
 17  15    569.2    231.8   0.0001   0.0086   0.0100   0.0076 -1095.231
 17  16    569.2    231.8   0.0000   0.0000   0.0100   0.0000 -1071.450
 18   1    570.4    230.6   0.4189  41.8929   0.0100  37.0718 -1905.194
 18   2    570.7    230.3   0.4496  44.9647   0.0100  39.7483 -1917.736
 18   3    570.9    230.1   0.5294  52.9406   0.0100  46.7476 -1962.662
 18   4    570.3    230.7   0.5343  53.4339   0.0100  47.3177 -1960.316
 18   5    571.6    229.4   0.4954  49.5421   0.0100  43.6196 -1954.065
 18   6    571.6    229.4   0.4954  49.5421   0.0100  43.6196 -1954.065
 18   7    571.8    229.2   0.5074  50.7424   0.0100  44.6474 -1960.159
 18   8    571.8    229.2   0.5074  50.7424   0.0100  44.6474 -1960.159
 18   9    571.6    229.4   0.4932  49.3197   0.0100  43.4220 -1952.511
 18  10    571.2    229.8   0.4941  49.4146   0.0100  43.5909 -1952.459
 18  11    571.1    229.9   0.4942  49.4170   0.0100  43.6002 -1952.771
 18  12    570.5    230.5   0.2548  25.4757   0.0100  22.5338 -1797.663
 18  13    570.0    231.0   0.2287  22.8723   0.0100  20.2799 -1769.559
 18  14    569.7    231.3   0.2356  23.5567   0.0100  20.9060 -1767.899
 18  15    569.8    231.2   0.2319  23.1943   0.0100  20.5809 -1768.388
 18  16    569.8    231.2   0.2262  22.6156   0.0100  20.0630 -1762.327
 18  17    569.8    231.2   0.2262  22.6156   0.0100  20.0629 -1762.327
 19   1    569.5    231.5   0.4252  42.5167   0.0100  37.7753 -1905.764
 19   2    569.7    231.3   0.4112  41.1153   0.0100  36.4910 -1900.406
 19   3    570.0    231.0   0.4776  47.7574   0.0100  42.3409 -1949.274
 19   4    569.3    231.7   0.5089  50.8932   0.0100  45.2490 -1951.061
 19   5    570.7    230.3   0.5134  51.3429   0.0100  45.3902 -1956.249
 19   6    570.7    230.3   0.5134  51.3429   0.0100  45.3902 -1956.249
 19   7    570.8    230.2   0.5130  51.3021   0.0100  45.3239 -1960.637
 19   8    570.8    230.2   0.5130  51.3021   0.0100  45.3239 -1960.637
 19   9    570.7    230.3   0.4744  47.4391   0.0100  41.9352 -1945.246
 19  10    570.2    230.8   0.5048  50.4776   0.0100  44.7108 -1953.607
 19  11    570.2    230.8   0.5048  50.4786   0.0100  44.7195 -1953.931
 19  12    569.6    231.4   0.2595  25.9542   0.0100  23.0507 -1803.087
 19  13    569.0    232.0   0.2545  25.4529   0.0100  22.6597 -1790.480
 19  14    568.8    232.2   0.2508  25.0840   0.0100  22.3528 -1783.574
 19  15    568.8    232.2   0.2519  25.1941   0.0100  22.4466 -1786.610
 19  16    568.9    232.1   0.2459  24.5916   0.0100  21.9050 -1780.708
 19  17    568.9    232.1   0.2459  24.5916   0.0100  21.9050 -1780.708
 19  18    569.5    231.5   0.0085   0.8467   0.0100   0.7523 -1686.708
 20   1    570.0    231.0   0.4314  43.1426   0.0100  38.2533 -1913.324
 20   2    570.2    230.8   0.4291  42.9091   0.0100  38.0063 -1920.536
 20   3    570.5    230.5   0.5079  50.7876   0.0100  44.9350 -1968.056
 20   4    569.8    231.2   0.4819  48.1880   0.0100  42.7569 -1944.900
 20   5    571.2    229.8   0.4469  44.6898   0.0100  39.4244 -1943.194
 20   6    571.2    229.8   0.4469  44.6898   0.0100  39.4244 -1943.194
 20   7    571.3    229.7   0.4499  44.9944   0.0100  39.6673 -1944.784
 20   8    571.3    229.7   0.4499  44.9944   0.0100  39.6673 -1944.784
 20   9    571.2    229.8   0.4751  47.5088   0.0100  41.9096 -1944.637
 20  10    570.7    230.3   0.4719  47.1931   0.0100  41.7131 -1947.982
 20  11    570.7    230.3   0.4789  47.8879   0.0100  42.3342 -1949.948
 20  12    570.1    230.9   0.3612  36.1234   0.0100  32.0151 -1871.546
 20  13    569.5    231.5   0.3539  35.3924   0.0100  31.4432 -1876.871
 20  14    569.3    231.7   0.3496  34.9603   0.0100  31.0882 -1876.792
 20  15    569.3    231.7   0.3479  34.7928   0.0100  30.9340 -1876.400
 20  16    569.4    231.6   0.3471  34.7083   0.0100  30.8520 -1874.683
 20  17    569.4    231.6   0.3471  34.7083   0.0100  30.8520 -1874.683
 20  18    569.9    231.1   0.3285  32.8538   0.0100  29.1337 -1868.497
 20  19    569.0    232.0   0.3475  34.7547   0.0100  30.9424 -1874.749
 21   1    570.3    230.7   0.4184  41.8431   0.0100  37.0421 -1898.985
 21   2    570.6    230.4   0.4592  45.9220   0.0100  40.6103 -1920.012
 21   3    570.9    230.1   0.4834  48.3359   0.0100  42.6951 -1940.292
 21   4    570.2    230.8   0.5021  50.2119   0.0100  44.4822 -1943.056
 21   5    571.6    229.4   0.4909  49.0865   0.0100  43.2290 -1945.545
 21   6    571.6    229.4   0.4909  49.0865   0.0100  43.2290 -1945.545
 21   7    571.7    229.3   0.5162  51.6216   0.0100  45.4309 -1955.839
 21   8    571.7    229.3   0.5162  51.6216   0.0100  45.4309 -1955.839
 21   9    571.6    229.4   0.4859  48.5898   0.0100  42.7936 -1941.833
 21  10    571.1    229.9   0.5039  50.3922   0.0100  44.4712 -1947.736
 21  11    571.0    230.0   0.5018  50.1782   0.0100  44.2893 -1946.666
 21  12    570.4    230.6   0.3276  32.7624   0.0100  28.9944 -1851.392
 21  13    569.9    231.1   0.3727  37.2680   0.0100  33.0588 -1881.614
 21  14    569.6    231.4   0.3799  37.9851   0.0100  33.7246 -1886.188
 21  15    569.7    231.3   0.3814  38.1401   0.0100  33.8556 -1886.691
 21  16    569.7    231.3   0.3805  38.0484   0.0100  33.7671 -1885.041
 21  17    569.7    231.3   0.3805  38.0484   0.0100  33.7671 -1885.041
 21  18    570.3    230.7   0.3871  38.7143   0.0100  34.2732 -1883.035
 21  19    569.4    231.6   0.3886  38.8561   0.0100  34.5394 -1886.456
 21  20    569.9    231.1   0.3049  30.4861   0.0100  27.0423 -1835.342
 22   1    569.9    231.1   0.4369  43.6910   0.0100  38.7527 -1906.393
 22   2    570.1    230.9   0.4163  41.6325   0.0100  36.8879 -1896.915
 22   3    570.4    230.6   0.4630  46.3010   0.0100  40.9783 -1929.924
 22   4    569.7    231.3   0.4717  47.1718   0.0100  41.8696 -1924.696
 22   5    571.1    229.9   0.4918  49.1794   0.0100  43.3983 -1944.565
 22   6    571.1    229.9   0.4918  49.1794   0.0100  43.3983 -1944.565
 22   7    571.3    229.7   0.4625  46.2491   0.0100  40.7853 -1937.977
 22   8    571.3    229.7   0.4625  46.2491   0.0100  40.7853 -1937.977
 22   9    571.1    229.9   0.4469  44.6867   0.0100  39.4330 -1926.340
 22  10    570.6    230.4   0.4649  46.4927   0.0100  41.1090 -1933.249
 22  11    570.6    230.4   0.4611  46.1127   0.0100  40.7797 -1931.985
 22  12    570.0    231.0   0.3104  31.0390   0.0100  27.5202 -1841.075
 22  13    569.4    231.6   0.3285  32.8542   0.0100  29.1991 -1858.095
 22  14    569.2    231.8   0.3254  32.5448   0.0100  28.9506 -1852.356
 22  15    569.2    231.8   0.3295  32.9537   0.0100  29.3090 -1854.987
 22  16    569.3    231.7   0.3227  32.2743   0.0100  28.6986 -1849.602
 22  17    569.3    231.7   0.3227  32.2743   0.0100  28.6986 -1849.602
 22  18    569.9    231.1   0.3297  32.9666   0.0100  29.2424 -1844.333
 22  19    568.9    232.1   0.3322  33.2178   0.0100  29.5844 -1850.438
 22  20    569.4    231.6   0.3491  34.9103   0.0100  31.0282 -1870.247
 22  21    569.8    231.2   0.2767  27.6691   0.0100  24.5521 -1814.191
 23   1    569.8    231.2   0.4492  44.9211   0.0100  39.8526 -1909.882
 23   2    570.1    230.9   0.4152  41.5230   0.0100  36.7989 -1895.854
 23   3    570.3    230.7   0.4530  45.3036   0.0100  40.1044 -1926.635
 23   4    569.7    231.3   0.4745  47.4502   0.0100  42.1260 -1925.583
 23   5    571.0    230.0   0.4967  49.6698   0.0100  43.8411 -1946.371
 23   6    571.0    230.0   0.4967  49.6698   0.0100  43.8411 -1946.371
 23   7    571.2    229.8   0.4695  46.9520   0.0100  41.4145 -1940.703
 23   8    571.2    229.8   0.4695  46.9520   0.0100  41.4145 -1940.703
 23   9    571.0    230.0   0.4452  44.5237   0.0100  39.2981 -1926.486
 23  10    570.6    230.4   0.4691  46.9056   0.0100  41.4837 -1934.964
 23  11    570.5    230.5   0.4652  46.5217   0.0100  41.1510 -1933.718
 23  12    569.9    231.1   0.3043  30.4330   0.0100  26.9892 -1837.462
 23  13    569.3    231.7   0.3351  33.5075   0.0100  29.7865 -1861.895
 23  14    569.1    231.9   0.3370  33.7029   0.0100  29.9879 -1858.511
 23  15    569.2    231.8   0.3412  34.1171   0.0100  30.3507 -1861.061
 23  16    569.2    231.8   0.3343  33.4251   0.0100  29.7286 -1855.760
 23  17    569.2    231.8   0.3343  33.4251   0.0100  29.7286 -1855.760
 23  18    569.8    231.2   0.3356  33.5614   0.0100  29.7763 -1847.012
 23  19    568.8    232.2   0.3357  33.5661   0.0100  29.9012 -1853.648
 23  20    569.3    231.7   0.3491  34.9057   0.0100  31.0307 -1869.830
 23  21    569.7    231.3   0.2839  28.3892   0.0100  25.1970 -1817.421
 23  22    569.3    231.7   0.0005   0.0523   0.0100   0.0465 -1165.039
 24   1    569.4    231.6   0.4018  40.1782   0.0100  35.7029 -1905.248
 24   2    569.7    231.3   0.4727  47.2700   0.0100  41.9603 -1941.854
 24   3    569.9    231.1   0.4758  47.5811   0.0100  42.1910 -1944.972
 24   4    569.3    231.7   0.5038  50.3787   0.0100  44.7983 -1943.061
 24   5    570.6    230.4   0.4777  47.7729   0.0100  42.2380 -1944.193
 24   6    570.6    230.4   0.4777  47.7729   0.0100  42.2380 -1944.193
 24   7    570.8    230.2   0.4913  49.1316   0.0100  43.4115 -1948.955
 24   8    570.8    230.2   0.4913  49.1316   0.0100  43.4115 -1948.955
 24   9    570.7    230.3   0.4655  46.5463   0.0100  41.1501 -1934.785
 24  10    570.2    230.8   0.4763  47.6310   0.0100  42.1905 -1940.256
 24  11    570.2    230.8   0.4733  47.3307   0.0100  41.9315 -1938.438
 24  12    569.6    231.4   0.3596  35.9592   0.0100  31.9363 -1878.354
 24  13    569.0    232.0   0.3594  35.9366   0.0100  31.9954 -1887.835
 24  14    568.7    232.3   0.3471  34.7073   0.0100  30.9303 -1883.723
 24  15    568.8    232.2   0.3618  36.1752   0.0100  32.2337 -1889.229
 24  16    568.8    232.2   0.3545  35.4530   0.0100  31.5827 -1884.123
 24  17    568.8    232.2   0.3545  35.4530   0.0100  31.5827 -1884.123
 24  18    569.4    231.6   0.3507  35.0687   0.0100  31.1676 -1876.416
 24  19    568.5    232.5   0.3573  35.7262   0.0100  31.8769 -1880.068
 24  20    568.9    232.1   0.3288  32.8848   0.0100  29.2851 -1864.689
 24  21    569.3    231.7   0.3587  35.8657   0.0100  31.8835 -1872.262
 24  22    568.9    232.1   0.2550  25.4999   0.0100  22.7143 -1788.101
 24  23    568.8    232.2   0.2614  26.1384   0.0100  23.2878 -1793.843
 25   1    568.6    232.4   0.4140  41.4009   0.0100  36.9130 -1901.792
 25   2    568.9    232.1   0.4693  46.9331   0.0100  41.8007 -1934.166
 25   3    569.1    231.9   0.4533  45.3315   0.0100  40.3319 -1934.661
 25   4    568.5    232.5   0.4798  47.9760   0.0100  42.8051 -1932.588
 25   5    569.8    231.2   0.4543  45.4341   0.0100  40.3073 -1929.054
 25   6    569.8    231.2   0.4543  45.4341   0.0100  40.3073 -1929.054
 25   7    570.0    231.0   0.4545  45.4494   0.0100  40.2948 -1936.065
 25   8    570.0    231.0   0.4545  45.4494   0.0100  40.2948 -1936.065
 25   9    569.9    231.1   0.4342  43.4184   0.0100  38.5143 -1923.925
 25  10    569.4    231.6   0.4356  43.5552   0.0100  38.7112 -1927.486
 25  11    569.3    231.7   0.4288  42.8775   0.0100  38.1155 -1923.934
 25  12    568.8    232.2   0.3965  39.6497   0.0100  35.3328 -1895.243
 25  13    568.2    232.8   0.3906  39.0639   0.0100  34.8973 -1912.246
 25  14    567.9    233.1   0.3738  37.3807   0.0100  33.4264 -1902.271
 25  15    568.0    233.0   0.3773  37.7270   0.0100  33.7307 -1903.355
 25  16    568.0    233.0   0.3763  37.6273   0.0100  33.6337 -1901.697
 25  17    568.0    233.0   0.3763  37.6273   0.0100  33.6337 -1901.697
 25  18    568.6    232.4   0.4121  41.2139   0.0100  36.7517 -1909.009
 25  19    567.6    233.4   0.4014  40.1385   0.0100  35.9343 -1901.739
 25  20    568.1    232.9   0.3768  37.6829   0.0100  33.6706 -1888.076
 25  21    568.5    232.5   0.3195  31.9476   0.0100  28.4971 -1849.689
 25  22    568.0    233.0   0.2235  22.3549   0.0100  19.9802 -1773.470
 25  23    568.0    233.0   0.2352  23.5239   0.0100  21.0293 -1783.266
 25  24    567.6    233.4   0.1954  19.5417   0.0100  17.5008 -1728.813
 26   1    571.0    230.0   0.4203  42.0333   0.0100  37.1131 -1896.365
 26   2    571.2    229.8   0.4062  40.6153   0.0100  35.8236 -1891.277
 26   3    571.5    229.5   0.4888  48.8824   0.0100  43.0678 -1946.941
 26   4    570.8    230.2   0.4611  46.1093   0.0100  40.7403 -1919.280
 26   5    572.2    228.8   0.4566  45.6612   0.0100  40.1127 -1926.118
 26   6    572.2    228.8   0.4566  45.6612   0.0100  40.1127 -1926.118
 26   7    572.3    228.7   0.4403  44.0324   0.0100  38.6568 -1920.499
 26   8    572.3    228.7   0.4403  44.0324   0.0100  38.6568 -1920.499
 26   9    572.2    228.8   0.4673  46.7288   0.0100  41.0496 -1926.346
 26  10    571.7    229.3   0.4563  45.6318   0.0100  40.1644 -1919.603
 26  11    571.7    229.3   0.4526  45.2609   0.0100  39.8443 -1918.357
 26  12    571.1    229.9   0.3308  33.0822   0.0100  29.1970 -1858.477
 26  13    570.5    230.5   0.3901  39.0136   0.0100  34.5143 -1888.302
 26  14    570.3    230.7   0.3881  38.8095   0.0100  34.3650 -1886.554
 26  15    570.3    230.7   0.3856  38.5608   0.0100  34.1391 -1886.154
 26  16    570.4    230.6   0.3780  37.8015   0.0100  33.4595 -1881.027
 26  17    570.4    230.6   0.3780  37.8015   0.0100  33.4595 -1881.027
 26  18    570.9    230.1   0.3772  37.7210   0.0100  33.3090 -1874.068
 26  19    570.0    231.0   0.3663  36.6292   0.0100  32.4733 -1876.354
 26  20    570.5    230.5   0.2954  29.5409   0.0100  26.1372 -1821.865
 26  21    570.9    230.1   0.3003  30.0258   0.0100  26.5217 -1821.249
 26  22    570.4    230.6   0.3159  31.5893   0.0100  27.9578 -1832.817
 26  23    570.3    230.7   0.3282  32.8165   0.0100  29.0501 -1840.659
 26  24    569.9    231.1   0.3501  35.0099   0.0100  31.0453 -1863.158
 26  25    569.1    231.9   0.3506  35.0649   0.0100  31.1978 -1856.690
 27   1    571.0    230.0   0.4203  42.0333   0.0100  37.1131 -1896.365
 27   2    571.2    229.8   0.4062  40.6153   0.0100  35.8236 -1891.277
 27   3    571.5    229.5   0.4888  48.8824   0.0100  43.0678 -1946.941
 27   4    570.8    230.2   0.4611  46.1093   0.0100  40.7403 -1919.280
 27   5    572.2    228.8   0.4566  45.6612   0.0100  40.1127 -1926.118
 27   6    572.2    228.8   0.4566  45.6612   0.0100  40.1127 -1926.118
 27   7    572.3    228.7   0.4403  44.0324   0.0100  38.6568 -1920.499
 27   8    572.3    228.7   0.4403  44.0324   0.0100  38.6568 -1920.499
 27   9    572.2    228.8   0.4673  46.7288   0.0100  41.0496 -1926.346
 27  10    571.7    229.3   0.4563  45.6318   0.0100  40.1644 -1919.603
 27  11    571.7    229.3   0.4526  45.2609   0.0100  39.8443 -1918.357
 27  12    571.1    229.9   0.3308  33.0822   0.0100  29.1970 -1858.477
 27  13    570.5    230.5   0.3901  39.0136   0.0100  34.5143 -1888.302
 27  14    570.3    230.7   0.3881  38.8095   0.0100  34.3650 -1886.554
 27  15    570.3    230.7   0.3856  38.5608   0.0100  34.1391 -1886.154
 27  16    570.4    230.6   0.3780  37.8015   0.0100  33.4595 -1881.027
 27  17    570.4    230.6   0.3780  37.8015   0.0100  33.4595 -1881.027
 27  18    570.9    230.1   0.3772  37.7210   0.0100  33.3090 -1874.068
 27  19    570.0    231.0   0.3663  36.6292   0.0100  32.4733 -1876.354
 27  20    570.5    230.5   0.2954  29.5409   0.0100  26.1372 -1821.865
 27  21    570.9    230.1   0.3003  30.0258   0.0100  26.5217 -1821.249
 27  22    570.4    230.6   0.3159  31.5893   0.0100  27.9578 -1832.817
 27  23    570.3    230.7   0.3282  32.8165   0.0100  29.0501 -1840.659
 27  24    569.9    231.1   0.3501  35.0100   0.0100  31.0453 -1863.158
 27  25    569.1    231.9   0.3506  35.0649   0.0100  31.1978 -1856.690
 27  26    571.5    229.5   0.0000   0.0000   0.0100   0.0000 -1069.894
 28   1    570.9    230.1   0.4006  40.0564   0.0100  35.3834 -1889.162
 28   2    571.1    229.9   0.3902  39.0158   0.0100  34.4277 -1881.992
 28   3    571.4    229.6   0.4612  46.1155   0.0100  40.6510 -1922.170
 28   4    570.7    230.3   0.4500  44.9970   0.0100  39.7748 -1904.775
 28   5    572.0    229.0   0.4543  45.4314   0.0100  39.9361 -1918.882
 28   6    572.0    229.0   0.4543  45.4314   0.0100  39.9361 -1918.882
 28   7    572.2    228.8   0.4369  43.6938   0.0100  38.3841 -1911.285
 28   8    572.2    228.8   0.4369  43.6938   0.0100  38.3841 -1911.285
 28   9    572.0    229.0   0.4636  46.3642   0.0100  40.7507 -1921.100
 28  10    571.6    229.4   0.4469  44.6870   0.0100  39.3526 -1913.855
 28  11    571.5    229.5   0.4499  44.9950   0.0100  39.6308 -1914.482
 28  12    571.0    230.0   0.3625  36.2539   0.0100  32.0088 -1868.248
 28  13    570.4    230.6   0.3738  37.3807   0.0100  33.0838 -1880.885
 28  14    570.2    230.8   0.3750  37.5004   0.0100  33.2221 -1880.139
 28  15    570.2    230.8   0.3790  37.8977   0.0100  33.5684 -1881.751
 28  16    570.3    230.7   0.3781  37.8072   0.0100  33.4806 -1880.048
 28  17    570.3    230.7   0.3781  37.8072   0.0100  33.4806 -1880.048
 28  18    570.8    230.2   0.3926  39.2583   0.0100  34.6827 -1877.302
 28  19    569.9    231.1   0.3850  38.5003   0.0100  34.1461 -1879.790
 28  20    570.4    230.6   0.3452  34.5159   0.0100  30.5535 -1879.532
 28  21    570.7    230.3   0.3091  30.9057   0.0100  27.3128 -1832.626
 28  22    570.3    230.7   0.3160  31.5966   0.0100  27.9775 -1848.427
 28  23    570.2    230.8   0.3173  31.7343   0.0100  28.1052 -1850.581
 28  24    569.8    231.2   0.3472  34.7167   0.0100  30.7997 -1865.147
 28  25    569.0    232.0   0.3165  31.6491   0.0100  28.1708 -1841.519
 28  26    571.4    229.6   0.3076  30.7597   0.0100  27.1143 -1823.940
 28  27    571.4    229.6   0.3076  30.7597   0.0100  27.1143 -1823.940
 29   1    571.1    229.9   0.4051  40.5101   0.0100  35.7464 -1890.073
 29   2    571.4    229.6   0.4026  40.2553   0.0100  35.4830 -1896.699
 29   3    571.6    229.4   0.4373  43.7317   0.0100  38.5147 -1920.343
 29   4    571.0    230.0   0.4421  44.2085   0.0100  39.0352 -1909.915
 29   5    572.2    228.8   0.4351  43.5076   0.0100  38.2200 -1911.679
 29   6    572.2    228.8   0.4351  43.5076   0.0100  38.2200 -1911.679
 29   7    572.3    228.7   0.4542  45.4182   0.0100  39.8737 -1923.611
 29   8    572.3    228.7   0.4542  45.4182   0.0100  39.8737 -1923.611
 29   9    572.3    228.7   0.4233  42.3263   0.0100  37.1687 -1903.515
 29  10    571.8    229.2   0.4086  40.8555   0.0100  35.9443 -1898.653
 29  11    571.8    229.2   0.4117  41.1662   0.0100  36.2252 -1899.424
 29  12    571.3    229.7   0.3415  34.1494   0.0100  30.1146 -1853.760
 29  13    570.7    230.3   0.3534  35.3407   0.0100  31.2434 -1863.712
 29  14    570.4    230.6   0.3662  36.6243   0.0100  32.4141 -1875.032
 29  15    570.4    230.6   0.3631  36.3060   0.0100  32.1271 -1872.233
 29  16    570.5    230.5   0.3559  35.5920   0.0100  31.4877 -1866.963
 29  17    570.5    230.5   0.3559  35.5920   0.0100  31.4877 -1866.963
 29  18    571.1    229.9   0.3631  36.3118   0.0100  32.0476 -1868.937
 29  19    570.2    230.8   0.3757  37.5744   0.0100  33.2867 -1890.030
 29  20    570.6    230.4   0.3730  37.3049   0.0100  32.9896 -1889.440
 29  21    571.0    230.0   0.2992  29.9197   0.0100  26.4166 -1824.720
 29  22    570.5    230.5   0.3395  33.9505   0.0100  30.0317 -1861.162
 29  23    570.5    230.5   0.3365  33.6505   0.0100  29.7720 -1859.478
 29  24    570.1    230.9   0.3590  35.9013   0.0100  31.8193 -1873.934
 29  25    569.3    231.7   0.3184  31.8360   0.0100  28.3066 -1852.126
 29  26    571.6    229.4   0.2945  29.4545   0.0100  25.9385 -1812.670
 29  27    571.6    229.4   0.2945  29.4545   0.0100  25.9385 -1812.670
 29  28    571.5    229.5   0.2024  20.2427   0.0100  17.8302 -1734.653
 30   1    571.1    229.9   0.4051  40.5101   0.0100  35.7464 -1890.073
 30   2    571.4    229.6   0.4026  40.2553   0.0100  35.4830 -1896.699
 30   3    571.6    229.4   0.4373  43.7317   0.0100  38.5147 -1920.343
 30   4    571.0    230.0   0.4421  44.2085   0.0100  39.0352 -1909.915
 30   5    572.2    228.8   0.4351  43.5076   0.0100  38.2200 -1911.679
 30   6    572.2    228.8   0.4351  43.5076   0.0100  38.2200 -1911.679
 30   7    572.3    228.7   0.4542  45.4182   0.0100  39.8737 -1923.611
 30   8    572.3    228.7   0.4542  45.4182   0.0100  39.8737 -1923.611
 30   9    572.3    228.7   0.4233  42.3263   0.0100  37.1687 -1903.515
 30  10    571.8    229.2   0.4086  40.8555   0.0100  35.9443 -1898.653
 30  11    571.8    229.2   0.4117  41.1662   0.0100  36.2252 -1899.424
 30  12    571.3    229.7   0.3415  34.1494   0.0100  30.1146 -1853.760
 30  13    570.7    230.3   0.3534  35.3407   0.0100  31.2435 -1863.712
 30  14    570.4    230.6   0.3662  36.6243   0.0100  32.4141 -1875.032
 30  15    570.4    230.6   0.3631  36.3060   0.0100  32.1271 -1872.233
 30  16    570.5    230.5   0.3559  35.5920   0.0100  31.4877 -1866.963
 30  17    570.5    230.5   0.3559  35.5920   0.0100  31.4877 -1866.963
 30  18    571.1    229.9   0.3631  36.3118   0.0100  32.0476 -1868.937
 30  19    570.2    230.8   0.3757  37.5744   0.0100  33.2867 -1890.030
 30  20    570.6    230.4   0.3730  37.3049   0.0100  32.9896 -1889.440
 30  21    571.0    230.0   0.2992  29.9197   0.0100  26.4166 -1824.720
 30  22    570.5    230.5   0.3395  33.9505   0.0100  30.0317 -1861.162
 30  23    570.5    230.5   0.3365  33.6505   0.0100  29.7720 -1859.478
 30  24    570.1    230.9   0.3590  35.9013   0.0100  31.8193 -1873.934
 30  25    569.3    231.7   0.3184  31.8360   0.0100  28.3066 -1852.126
 30  26    571.6    229.4   0.2945  29.4545   0.0100  25.9385 -1812.670
 30  27    571.6    229.4   0.2945  29.4545   0.0100  25.9385 -1812.670
 30  28    571.5    229.5   0.2024  20.2427   0.0100  17.8302 -1734.653
 30  29    571.9    229.1   0.0000   0.0000   0.0100   0.0000 -1062.111
 31   1    570.4    230.6   0.4518  45.1805   0.0100  39.9907 -1911.027
 31   2    570.6    230.4   0.4128  41.2757   0.0100  36.4945 -1894.017
 31   3    570.9    230.1   0.4797  47.9675   0.0100  42.3723 -1932.392
 31   4    570.2    230.8   0.4749  47.4863   0.0100  42.0595 -1921.395
 31   5    571.5    229.5   0.4709  47.0852   0.0100  41.4841 -1928.830
 31   6    571.5    229.5   0.4709  47.0852   0.0100  41.4841 -1928.830
 31   7    571.6    229.4   0.4645  46.4473   0.0100  40.8955 -1926.816
 31   8    571.6    229.4   0.4645  46.4473   0.0100  40.8955 -1926.816
 31   9    571.5    229.5   0.4280  42.7965   0.0100  37.6954 -1906.132
 31  10    571.1    229.9   0.4698  46.9804   0.0100  41.4621 -1921.352
 31  11    571.0    230.0   0.4667  46.6721   0.0100  41.1983 -1920.360
 31  12    570.5    230.5   0.3972  39.7245   0.0100  35.1455 -1894.014
 31  13    569.9    231.1   0.4061  40.6051   0.0100  36.0116 -1892.946
 31  14    569.6    231.4   0.4141  41.4149   0.0100  36.7691 -1901.403
 31  15    569.7    231.3   0.4068  40.6837   0.0100  36.1125 -1897.028
 31  16    569.8    231.2   0.4058  40.5826   0.0100  36.0147 -1895.326
 31  17    569.8    231.2   0.4058  40.5826   0.0100  36.0147 -1895.326
 31  18    570.4    230.6   0.3652  36.5233   0.0100  32.3302 -1872.513
 31  19    569.4    231.6   0.3642  36.4216   0.0100  32.3666 -1869.259
 31  20    569.9    231.1   0.3675  36.7478   0.0100  32.5938 -1881.527
 31  21    570.2    230.8   0.3234  32.3416   0.0100  28.6435 -1834.386
 31  22    569.8    231.2   0.3543  35.4287   0.0100  31.4353 -1875.710
 31  23    569.7    231.3   0.3627  36.2675   0.0100  32.1864 -1880.777
 31  24    569.4    231.6   0.3751  37.5089   0.0100  33.3401 -1887.212
 31  25    568.6    232.4   0.3606  36.0623   0.0100  32.1596 -1879.055
 31  26    570.9    230.1   0.3273  32.7319   0.0100  28.9101 -1842.739
 31  27    570.9    230.1   0.3273  32.7319   0.0100  28.9101 -1842.739
 31  28    570.8    230.2   0.2439  24.3925   0.0100  21.5499 -1769.336
 31  29    571.2    229.8   0.2532  25.3175   0.0100  22.3341 -1778.239
 31  30    571.2    229.8   0.2532  25.3175   0.0100  22.3341 -1778.239
 32   1    570.7    230.3   0.3905  39.0531   0.0100  34.5255 -1877.347
 32   2    570.9    230.1   0.4100  41.0036   0.0100  36.2110 -1893.229
 32   3    571.2    229.8   0.4862  48.6232   0.0100  42.8968 -1934.126
 32   4    570.5    230.5   0.4533  45.3339   0.0100  40.1054 -1904.617
 32   5    571.8    229.2   0.4662  46.6228   0.0100  41.0195 -1923.029
 32   6    571.8    229.2   0.4662  46.6228   0.0100  41.0195 -1923.029
 32   7    572.0    229.0   0.4645  46.4517   0.0100  40.8419 -1923.472
 32   8    572.0    229.0   0.4645  46.4517   0.0100  40.8419 -1923.472
 32   9    571.8    229.2   0.4395  43.9505   0.0100  38.6625 -1908.146
 32  10    571.4    229.6   0.4453  44.5259   0.0100  39.2468 -1905.539
 32  11    571.3    229.7   0.4424  44.2385   0.0100  39.0007 -1904.453
 32  12    570.8    230.2   0.3947  39.4716   0.0100  34.8822 -1880.755
 32  13    570.2    230.8   0.4041  40.4138   0.0100  35.7997 -1891.295
 32  14    569.9    231.1   0.3994  39.9440   0.0100  35.4188 -1890.704
 32  15    570.0    231.0   0.3894  38.9443   0.0100  34.5253 -1885.338
 32  16    570.0    231.0   0.3818  38.1820   0.0100  33.8422 -1880.236
 32  17    570.0    231.0   0.3818  38.1820   0.0100  33.8422 -1880.236
 32  18    570.7    230.3   0.3728  37.2769   0.0100  32.9567 -1873.028
 32  19    569.7    231.3   0.3868  38.6769   0.0100  34.3306 -1880.516
 32  20    570.2    230.8   0.3741  37.4072   0.0100  33.1374 -1883.759
 32  21    570.5    230.5   0.2994  29.9405   0.0100  26.4834 -1816.614
 32  22    570.1    230.9   0.3267  32.6690   0.0100  28.9508 -1858.258
 32  23    570.0    231.0   0.3396  33.9565   0.0100  30.0983 -1865.590
 32  24    569.7    231.3   0.3572  35.7198   0.0100  31.7103 -1874.512
 32  25    568.9    232.1   0.3394  33.9369   0.0100  30.2276 -1864.289
 32  26    571.2    229.8   0.2659  26.5949   0.0100  23.4606 -1788.214
 32  27    571.2    229.8   0.2659  26.5949   0.0100  23.4606 -1788.214
 32  28    571.1    229.9   0.2113  21.1315   0.0100  18.6474 -1730.520
 32  29    571.4    229.6   0.2143  21.4301   0.0100  18.8864 -1739.488
 32  30    571.4    229.6   0.2143  21.4301   0.0100  18.8864 -1739.488
 32  31    570.6    230.4   0.1794  17.9382   0.0100  15.8596 -1694.634
 33   1    572.1    228.9   0.4311  43.1131   0.0100  37.8913 -1903.824
 33   2    572.3    228.7   0.4337  43.3750   0.0100  38.0827 -1900.671
 33   3    572.6    228.4   0.4590  45.9024   0.0100  40.2508 -1931.660
 33   4    571.9    229.1   0.4654  46.5364   0.0100  40.9295 -1920.319
 33   5    573.3    227.7   0.4710  47.0984   0.0100  41.1713 -1930.826
 33   6    573.3    227.7   0.4710  47.0984   0.0100  41.1713 -1930.826
 33   7    573.5    227.5   0.4600  45.9953   0.0100  40.1800 -1931.239
 33   8    573.5    227.5   0.4600  45.9953   0.0100  40.1800 -1931.239
 33   9    573.3    227.7   0.4557  45.5674   0.0100  39.8410 -1927.499
 33  10    572.8    228.2   0.4615  46.1463   0.0100  40.4292 -1928.585
 33  11    572.8    228.2   0.4577  45.7695   0.0100  40.1044 -1927.303
 33  12    572.1    228.9   0.3427  34.2713   0.0100  30.1136 -1856.976
 33  13    571.6    229.4   0.3718  37.1803   0.0100  32.7436 -1885.580
 33  14    571.4    229.6   0.3632  36.3242   0.0100  32.0144 -1881.341
 33  15    571.4    229.6   0.3701  37.0064   0.0100  32.6094 -1884.490
 33  16    571.5    229.5   0.3627  36.2718   0.0100  31.9558 -1879.543
 33  17    571.5    229.5   0.3627  36.2718   0.0100  31.9558 -1879.543
 33  18    572.1    228.9   0.3413  34.1311   0.0100  29.9972 -1857.931
 33  19    571.1    229.9   0.3301  33.0077   0.0100  29.1295 -1857.777
 33  20    571.6    229.4   0.3449  34.4872   0.0100  30.3693 -1866.271
 33  21    572.0    229.0   0.2973  29.7252   0.0100  26.1332 -1817.545
 33  22    571.5    229.5   0.2911  29.1104   0.0100  25.6432 -1807.487
 33  23    571.5    229.5   0.2990  29.8969   0.0100  26.3423 -1811.005
 33  24    571.1    229.9   0.3354  33.5352   0.0100  29.5949 -1863.997
 33  25    570.3    230.7   0.3331  33.3132   0.0100  29.4995 -1856.513
 33  26    572.6    228.4   0.2881  28.8099   0.0100  25.2642 -1805.968
 33  27    572.6    228.4   0.2881  28.8099   0.0100  25.2642 -1805.968
 33  28    572.4    228.6   0.3014  30.1441   0.0100  26.4505 -1819.745
 33  29    572.6    228.4   0.2809  28.0850   0.0100  24.6262 -1799.690
 33  30    572.6    228.4   0.2809  28.0850   0.0100  24.6262 -1799.690
 33  31    571.9    229.1   0.3171  31.7118   0.0100  27.8904 -1832.523
 33  32    572.2    228.8   0.2742  27.4162   0.0100  24.0796 -1792.732
 34   1    572.1    228.9   0.4311  43.1131   0.0100  37.8913 -1903.824
 34   2    572.3    228.7   0.4337  43.3750   0.0100  38.0827 -1900.671
 34   3    572.6    228.4   0.4590  45.9024   0.0100  40.2508 -1931.660
 34   4    571.9    229.1   0.4654  46.5364   0.0100  40.9295 -1920.319
 34   5    573.3    227.7   0.4710  47.0984   0.0100  41.1713 -1930.826
 34   6    573.3    227.7   0.4710  47.0984   0.0100  41.1713 -1930.826
 34   7    573.5    227.5   0.4600  45.9953   0.0100  40.1800 -1931.239
 34   8    573.5    227.5   0.4600  45.9953   0.0100  40.1800 -1931.239
 34   9    573.3    227.7   0.4557  45.5674   0.0100  39.8410 -1927.499
 34  10    572.8    228.2   0.4615  46.1463   0.0100  40.4292 -1928.585
 34  11    572.8    228.2   0.4577  45.7695   0.0100  40.1044 -1927.303
 34  12    572.1    228.9   0.3427  34.2713   0.0100  30.1136 -1856.976
 34  13    571.6    229.4   0.3718  37.1803   0.0100  32.7436 -1885.580
 34  14    571.4    229.6   0.3632  36.3242   0.0100  32.0144 -1881.341
 34  15    571.4    229.6   0.3701  37.0064   0.0100  32.6094 -1884.490
 34  16    571.5    229.5   0.3627  36.2718   0.0100  31.9558 -1879.543
 34  17    571.5    229.5   0.3627  36.2718   0.0100  31.9558 -1879.543
 34  18    572.1    228.9   0.3413  34.1311   0.0100  29.9972 -1857.931
 34  19    571.1    229.9   0.3301  33.0077   0.0100  29.1295 -1857.777
 34  20    571.6    229.4   0.3449  34.4872   0.0100  30.3693 -1866.271
 34  21    572.0    229.0   0.2973  29.7252   0.0100  26.1332 -1817.545
 34  22    571.5    229.5   0.2911  29.1104   0.0100  25.6432 -1807.487
 34  23    571.5    229.5   0.2990  29.8969   0.0100  26.3423 -1811.005
 34  24    571.1    229.9   0.3354  33.5352   0.0100  29.5949 -1863.997
 34  25    570.3    230.7   0.3331  33.3132   0.0100  29.4995 -1856.513
 34  26    572.6    228.4   0.2881  28.8099   0.0100  25.2642 -1805.968
 34  27    572.6    228.4   0.2881  28.8099   0.0100  25.2642 -1805.968
 34  28    572.4    228.6   0.3014  30.1441   0.0100  26.4505 -1819.745
 34  29    572.6    228.4   0.2809  28.0850   0.0100  24.6262 -1799.690
 34  30    572.6    228.4   0.2809  28.0850   0.0100  24.6262 -1799.690
 34  31    571.9    229.1   0.3171  31.7118   0.0100  27.8904 -1832.523
 34  32    572.2    228.8   0.2742  27.4162   0.0100  24.0796 -1792.732
 34  33    573.7    227.3   0.0000   0.0000   0.0100   0.0000 -1065.968
 35   1    569.2    231.8   0.4050  40.4988   0.0100  36.0206 -1903.063
 35   2    569.5    231.5   0.4008  40.0818   0.0100  35.6113 -1902.636
 35   3    569.7    231.3   0.4673  46.7252   0.0100  41.4717 -1940.598
 35   4    569.1    231.9   0.4592  45.9159   0.0100  40.8666 -1931.455
 35   5    570.4    230.6   0.4458  44.5774   0.0100  39.4552 -1931.541
 35   6    570.4    230.6   0.4458  44.5774   0.0100  39.4552 -1931.541
 35   7    570.5    230.5   0.4266  42.6613   0.0100  37.7347 -1918.437
 35   8    570.5    230.5   0.4266  42.6613   0.0100  37.7347 -1918.437
 35   9    570.4    230.6   0.4471  44.7100   0.0100  39.5661 -1930.390
 35  10    570.0    231.0   0.4208  42.0753   0.0100  37.3076 -1919.905
 35  11    569.9    231.1   0.4243  42.4284   0.0100  37.6277 -1921.236
 35  12    569.3    231.7   0.3452  34.5154   0.0100  30.6837 -1876.432
 35  13    568.7    232.3   0.3265  32.6520   0.0100  29.0984 -1859.237
 35  14    568.5    232.5   0.3226  32.2554   0.0100  28.7739 -1855.669
 35  15    568.5    232.5   0.3348  33.4766   0.0100  29.8581 -1861.959
 35  16    568.6    232.4   0.3279  32.7856   0.0100  29.2350 -1856.636
 35  17    568.6    232.4   0.3279  32.7856   0.0100  29.2350 -1856.636
 35  18    569.2    231.8   0.3254  32.5417   0.0100  28.9465 -1865.063
 35  19    568.2    232.8   0.3562  35.6228   0.0100  31.8125 -1877.901
 35  20    568.7    232.3   0.3322  33.2191   0.0100  29.6083 -1871.478
 35  21    569.1    231.9   0.3149  31.4926   0.0100  28.0241 -1852.089
 35  22    568.6    232.4   0.2975  29.7485   0.0100  26.5233 -1840.291
 35  23    568.6    232.4   0.2946  29.4617   0.0100  26.2731 -1837.915
 35  24    568.2    232.8   0.3066  30.6552   0.0100  27.3840 -1854.018
 35  25    567.4    233.6   0.3436  34.3563   0.0100  30.7923 -1884.651
 35  26    569.7    231.3   0.3237  32.3701   0.0100  28.7294 -1858.008
 35  27    569.7    231.3   0.3237  32.3701   0.0100  28.7294 -1858.008
 35  28    569.6    231.4   0.3164  31.6435   0.0100  28.0950 -1850.453
 35  29    569.9    231.1   0.3638  36.3751   0.0100  32.2569 -1882.566
 35  30    569.9    231.1   0.3638  36.3751   0.0100  32.2569 -1882.566
 35  31    569.2    231.8   0.3490  34.8996   0.0100  31.0433 -1873.119
 35  32    569.5    231.5   0.3599  35.9851   0.0100  31.9725 -1868.565
 35  33    570.8    230.2   0.3139  31.3862   0.0100  27.7295 -1842.253
 35  34    570.8    230.2   0.3139  31.3862   0.0100  27.7295 -1842.253
 36   1    570.0    231.0   0.4169  41.6942   0.0100  36.9626 -1897.382
 36   2    570.3    230.7   0.4173  41.7336   0.0100  36.9583 -1902.957
 36   3    570.5    230.5   0.5068  50.6845   0.0100  44.8332 -1946.160
 36   4    569.8    231.2   0.4777  47.7717   0.0100  42.3804 -1925.437
 36   5    571.2    229.8   0.4921  49.2068   0.0100  43.3985 -1935.698
 36   6    571.2    229.8   0.4921  49.2068   0.0100  43.3985 -1935.698
 36   7    571.4    229.6   0.4863  48.6303   0.0100  42.8604 -1937.980
 36   8    571.4    229.6   0.4863  48.6303   0.0100  42.8604 -1937.980
 36   9    571.2    229.8   0.4522  45.2163   0.0100  39.8803 -1923.728
 36  10    570.7    230.3   0.5086  50.8611   0.0100  44.9521 -1937.507
 36  11    570.7    230.3   0.5042  50.4212   0.0100  44.5706 -1936.285
 36  12    570.1    230.9   0.3422  34.2189   0.0100  30.3288 -1853.168
 36  13    569.5    231.5   0.3674  36.7424   0.0100  32.6402 -1878.745
 36  14    569.3    231.7   0.3714  37.1405   0.0100  33.0234 -1882.911
 36  15    569.3    231.7   0.3698  36.9824   0.0100  32.8755 -1882.568
 36  16    569.4    231.6   0.3623  36.2318   0.0100  32.2019 -1877.444
 36  17    569.4    231.6   0.3623  36.2318   0.0100  32.2019 -1877.444
 36  18    570.0    231.0   0.3640  36.4015   0.0100  32.2694 -1881.490
 36  19    569.0    232.0   0.3559  35.5859   0.0100  31.6772 -1868.685
 36  20    569.5    231.5   0.3241  32.4059   0.0100  28.7843 -1850.297
 36  21    569.9    231.1   0.3033  30.3325   0.0100  26.9027 -1822.320
 36  22    569.4    231.6   0.3461  34.6088   0.0100  30.7536 -1865.846
 36  23    569.4    231.6   0.3569  35.6863   0.0100  31.7187 -1872.244
 36  24    569.0    232.0   0.3384  33.8384   0.0100  30.1201 -1854.060
 36  25    568.2    232.8   0.3776  37.7626   0.0100  33.7281 -1877.720
 36  26    570.5    230.5   0.3035  30.3537   0.0100  26.8479 -1831.032
 36  27    570.5    230.5   0.3035  30.3537   0.0100  26.8479 -1831.032
 36  28    570.4    230.6   0.3437  34.3748   0.0100  30.4187 -1851.076
 36  29    570.7    230.3   0.3585  35.8475   0.0100  31.6885 -1857.405
 36  30    570.7    230.3   0.3585  35.8475   0.0100  31.6885 -1857.405
 36  31    569.9    231.1   0.3240  32.4026   0.0100  28.7365 -1837.565
 36  32    570.2    230.8   0.3255  32.5548   0.0100  28.8365 -1833.883
 36  33    571.6    229.4   0.3189  31.8880   0.0100  28.0772 -1842.814
 36  34    571.6    229.4   0.3189  31.8880   0.0100  28.0772 -1842.814
 36  35    568.8    232.2   0.2676  26.7603   0.0100  23.8449 -1809.124
 37   1    569.0    232.0   0.4188  41.8816   0.0100  37.2917 -1899.768
 37   2    569.2    231.8   0.4419  44.1902   0.0100  39.3049 -1917.628
 37   3    569.5    231.5   0.4920  49.2031   0.0100  43.7161 -1947.187
 37   4    568.8    232.2   0.4649  46.4890   0.0100  41.4231 -1925.302
 37   5    570.2    230.8   0.4714  47.1354   0.0100  41.7592 -1937.714
 37   6    570.2    230.8   0.4714  47.1354   0.0100  41.7592 -1937.714
 37   7    570.3    230.7   0.4626  46.2553   0.0100  40.9517 -1936.696
 37   8    570.3    230.7   0.4626  46.2553   0.0100  40.9517 -1936.696
 37   9    570.2    230.8   0.4365  43.6546   0.0100  38.6727 -1921.405
 37  10    569.7    231.3   0.4638  46.3803   0.0100  41.1717 -1931.852
 37  11    569.6    231.4   0.4660  46.6031   0.0100  41.3767 -1932.209
 37  12    569.0    232.0   0.3343  33.4285   0.0100  29.7554 -1850.737
 37  13    568.5    232.5   0.3304  33.0411   0.0100  29.4801 -1858.129
 37  14    568.2    232.8   0.3295  32.9525   0.0100  29.4293 -1864.224
 37  15    568.3    232.7   0.3333  33.3329   0.0100  29.7627 -1866.706
 37  16    568.3    232.7   0.3263  32.6280   0.0100  29.1271 -1861.368
 37  17    568.3    232.7   0.3263  32.6280   0.0100  29.1271 -1861.368
 37  18    568.9    232.1   0.3755  37.5459   0.0100  33.4316 -1891.113
 37  19    568.0    233.0   0.3508  35.0850   0.0100  31.3681 -1876.262
 37  20    568.5    232.5   0.3445  34.4533   0.0100  30.7393 -1856.222
 37  21    568.8    232.2   0.2953  29.5335   0.0100  26.3100 -1821.177
 37  22    568.4    232.6   0.2886  28.8601   0.0100  25.7590 -1837.924
 37  23    568.3    232.7   0.2992  29.9208   0.0100  26.7119 -1845.281
 37  24    568.0    233.0   0.3567  35.6689   0.0100  31.8921 -1872.153
 37  25    567.1    233.9   0.3298  32.9768   0.0100  29.5852 -1857.943
 37  26    569.5    231.5   0.2832  28.3164   0.0100  25.1568 -1818.297
 37  27    569.5    231.5   0.2832  28.3164   0.0100  25.1568 -1818.297
 37  28    569.4    231.6   0.3485  34.8470   0.0100  30.9713 -1865.851
 37  29    569.7    231.3   0.3364  33.6386   0.0100  29.8625 -1859.133
 37  30    569.7    231.3   0.3364  33.6386   0.0100  29.8625 -1859.133
 37  31    568.9    232.1   0.3499  34.9877   0.0100  31.1605 -1857.425
 37  32    569.2    231.8   0.3223  32.2263   0.0100  28.6677 -1837.366
 37  33    570.6    230.4   0.3390  33.8987   0.0100  29.9806 -1854.314
 37  34    570.6    230.4   0.3390  33.8987   0.0100  29.9806 -1854.314
 37  35    567.7    233.3   0.2654  26.5429   0.0100  23.7548 -1796.602
 37  36    568.5    232.5   0.1473  14.7311   0.0100  13.1426 -1672.201
 38   1    569.0    232.0   0.3794  37.9383   0.0100  33.7746 -1878.919
 38   2    569.2    231.8   0.4577  45.7653   0.0100  40.6992 -1928.627
 38   3    569.5    231.5   0.4967  49.6745   0.0100  44.1250 -1943.270
 38   4    568.8    232.2   0.4815  48.1461   0.0100  42.8926 -1932.203
 38   5    570.2    230.8   0.4706  47.0618   0.0100  41.6806 -1931.613
 38   6    570.2    230.8   0.4706  47.0618   0.0100  41.6806 -1931.613
 38   7    570.4    230.6   0.4616  46.1630   0.0100  40.8568 -1929.790
 38   8    570.4    230.6   0.4616  46.1630   0.0100  40.8568 -1929.790
 38   9    570.2    230.8   0.4525  45.2469   0.0100  40.0734 -1925.314
 38  10    569.7    231.3   0.4556  45.5568   0.0100  40.4307 -1921.833
 38  11    569.7    231.3   0.4514  45.1441   0.0100  40.0710 -1920.459
 38  12    569.1    231.9   0.3707  37.0683   0.0100  32.9895 -1865.994
 38  13    568.5    232.5   0.3858  38.5822   0.0100  34.4180 -1893.183
 38  14    568.3    232.7   0.3817  38.1717   0.0100  34.0830 -1893.350
 38  15    568.3    232.7   0.3828  38.2842   0.0100  34.1765 -1894.216
 38  16    568.4    232.6   0.3752  37.5163   0.0100  33.4840 -1889.259
 38  17    568.4    232.6   0.3752  37.5163   0.0100  33.4840 -1889.259
 38  18    569.0    232.0   0.3677  36.7749   0.0100  32.7397 -1885.140
 38  19    568.0    233.0   0.3495  34.9479   0.0100  31.2412 -1869.452
 38  20    568.5    232.5   0.3492  34.9228   0.0100  31.1530 -1866.059
 38  21    568.9    232.1   0.3004  30.0359   0.0100  26.7513 -1825.503
 38  22    568.4    232.6   0.3176  31.7614   0.0100  28.3432 -1848.214
 38  23    568.4    232.6   0.3188  31.8780   0.0100  28.4538 -1849.728
 38  24    568.0    233.0   0.3546  35.4579   0.0100  31.6993 -1872.092
 38  25    567.2    233.8   0.3403  34.0336   0.0100  30.5300 -1863.552
 38  26    569.5    231.5   0.2886  28.8633   0.0100  25.6381 -1828.651
 38  27    569.5    231.5   0.2886  28.8633   0.0100  25.6381 -1828.651
 38  28    569.4    231.6   0.3319  33.1935   0.0100  29.4985 -1852.715
 38  29    569.7    231.3   0.3816  38.1629   0.0100  33.8805 -1886.865
 38  30    569.7    231.3   0.3816  38.1629   0.0100  33.8805 -1886.865
 38  31    568.9    232.1   0.3323  33.2307   0.0100  29.5949 -1852.492
 38  32    569.2    231.8   0.3373  33.7253   0.0100  29.9981 -1848.447
 38  33    570.6    230.4   0.3307  33.0671   0.0100  29.2353 -1851.152
 38  34    570.6    230.4   0.3307  33.0671   0.0100  29.2353 -1851.152
 38  35    567.7    233.3   0.2535  25.3468   0.0100  22.6824 -1791.691
 38  36    568.5    232.5   0.1446  14.4635   0.0100  12.9009 -1671.479
 38  37    567.5    233.5   0.0057   0.5676   0.0100   0.5085 -1591.948

